CHECKING DISTANT FROM POINTS TO AVERAGE PLANE TO REMOVE INCORRECT POINT. 

Distant of points(mm) belongs the plane 0 (56 points): 
17.25(587), 12.62(588),  8.03(617),  7.85(641),  7.81(606),  7.70(594),  7.47(610),  7.08(621),  6.79(619),  6.09(602),  5.89(613),  5.60(591),  5.60(598),  5.52(618),  5.41(634),  5.29(611),  5.26(630),  4.94(612),  4.70(595),  4.33(603),  4.28(597),  4.23(636),  4.16(589),  3.80(622),  3.78(624),  3.68(614),  3.54(607),  3.45(635),  3.22(608),  3.19(604),  2.99(620),  2.98(596),  2.94(623),  2.93(605),  2.84(601),  2.66(628),  2.14(632),  2.10(640),  1.96(637),  1.73(609),  1.69(615),  1.59(625),  1.57(592),  1.44(627),  1.43(599),  1.40(626),  1.30(616),  1.13(629),  1.10(631),  0.66(633),  0.64(600),  0.51(642),  0.42(638),  0.39(639),  0.30(590),  0.10(593), 
Distant of points(mm) belongs the plane 1 (24 points): 
 9.18(570),  8.63(568),  8.45(586),  6.11(579),  5.98(580),  5.94(585),  5.24(583),  5.13(576),  4.59(565),  4.51(573),  4.14(563),  3.51(572),  3.44(564),  2.67(577),  2.13(569),  2.07(566),  1.60(575),  1.58(584),  1.47(582),  0.88(571),  0.78(581),  0.70(567),  0.56(574),  0.51(578), 
Distant of points(mm) belongs the plane 2 (15 points): 
 8.57(15),  7.42(19),  6.05(16),  6.00(7),  5.95(17),  4.94(14),  4.83(18),  4.51(11),  4.13(8),  3.97(13),  3.04(5),  2.92(9),  2.58(10),  2.26(6),  1.43(12), 
Distant of points(mm) belongs the plane 3 (50 points): 
 9.27(100),  7.50(99),  7.02(87),  6.85(77),  6.40(75),  6.16(74),  6.05(88),  5.86(76),  5.17(117),  4.98(115),  4.92(118),  4.77(86),  4.65(119),  4.59(73),  4.25(113),  4.20(72),  4.17(114),  3.98(85),  3.95(96),  3.93(97),  3.92(110),  3.87(103),  3.85(104),  3.33(80),  3.30(78),  3.24(109),  3.22(94),  3.12(116),  3.04(105),  2.98(89),  2.83(83),  2.71(107),  2.69(98),  2.60(112),  2.47(106),  2.33(84),  2.04(82),  1.91(111),  1.88(90),  1.85(81),  1.80(91),  1.76(71),  1.70(93),  1.69(108),  1.34(92),  1.06(102),  0.59(79),  0.57(70),  0.50(101),  0.26(95), 
Distant of points(mm) belongs the plane 4 (68 points): 
14.74(461),  9.09(452),  8.64(500),  7.73(463),  7.28(496),  7.23(490),  7.12(483),  7.02(440),  6.96(499),  6.71(446),  6.22(459),  6.10(445),  6.09(441),  6.01(460),  6.01(462),  5.78(487),  5.36(453),  5.23(470),  5.08(501),  5.05(447),  4.90(491),  4.89(456),  4.51(469),  4.01(473),  3.84(444),  3.64(443),  3.50(439),  3.46(471),  3.31(466),  3.26(486),  3.23(451),  3.03(489),  3.00(448),  2.88(498),  2.77(495),  2.68(477),  2.65(465),  2.59(492),  2.58(482),  2.36(458),  2.24(450),  2.22(449),  2.19(502),  1.88(494),  1.86(474),  1.75(438),  1.73(442),  1.64(505),  1.63(464),  1.60(472),  1.52(497),  1.44(488),  1.32(504),  1.31(478),  1.17(481),  0.90(503),  0.75(454),  0.72(485),  0.70(484),  0.60(468),  0.60(457),  0.26(476),  0.24(467),  0.22(475),  0.16(479),  0.15(480),  0.12(493),  0.07(455), 
Distant of points(mm) belongs the plane 5 (49 points): 
12.88(533), 11.21(524),  9.86(560),  8.93(562),  8.22(561),  7.86(554),  7.83(518),  7.79(535),  6.87(525),  6.54(523),  6.11(545),  5.97(534),  5.43(544),  5.41(532),  5.19(543),  4.56(536),  4.44(546),  4.31(516),  3.66(555),  3.43(551),  3.35(519),  2.91(517),  2.86(531),  2.72(550),  2.69(548),  2.64(522),  2.23(556),  2.17(559),  2.09(526),  2.09(515),  2.03(537),  1.88(538),  1.87(539),  1.79(542),  1.74(528),  1.55(527),  1.51(557),  1.35(553),  1.17(541),  1.09(514),  0.99(552),  0.91(547),  0.79(530),  0.78(558),  0.34(540),  0.25(529),  0.22(520),  0.09(521),  0.01(549), 
Distant of points(mm) belongs the plane 6 (18 points): 
 7.09(513),  6.48(506),  6.31(431),  6.00(507),  4.99(437),  4.50(436),  3.88(511),  3.78(510),  3.43(508),  3.41(430),  3.15(512),  3.02(433),  2.60(435),  2.49(434),  1.74(432),  1.13(428),  0.92(509),  0.05(429), 
Distant of points(mm) belongs the plane 7 (61 points): 
11.54(348), 10.91(345), 10.09(346),  9.82(377),  9.72(349),  9.47(378),  9.17(329),  9.08(352),  8.98(376),  8.68(325),  8.55(324),  8.17(375),  7.99(351),  7.89(326),  7.85(350),  7.48(336),  7.45(323),  7.37(347),  7.25(330),  7.11(331),  6.99(340),  6.87(363),  6.69(373),  6.38(372),  6.38(337),  6.36(322),  6.26(321),  6.11(339),  6.11(320),  5.27(364),  4.99(374),  4.97(332),  4.25(338),  4.19(361),  4.12(379),  3.84(341),  3.62(362),  3.30(344),  3.12(355),  3.12(371),  2.85(333),  2.70(358),  2.57(366),  2.41(343),  2.32(328),  2.19(380),  1.87(368),  1.85(357),  1.73(367),  1.68(353),  1.64(335),  1.60(342),  1.43(365),  1.39(359),  1.29(360),  1.00(369),  0.95(370),  0.88(327),  0.78(354),  0.72(334),  0.03(356), 
Distant of points(mm) belongs the plane 8 (47 points): 
13.98(424),  9.62(425),  8.83(392),  7.61(402),  6.84(403),  6.51(408),  6.27(401),  6.16(404),  6.07(391),  5.85(383),  5.82(414),  5.76(406),  5.54(389),  5.41(405),  5.29(390),  5.23(407),  4.83(413),  4.68(426),  4.32(409),  3.66(427),  3.47(381),  3.31(393),  3.19(382),  3.01(410),  2.70(417),  2.43(400),  2.35(421),  1.82(419),  1.60(384),  1.57(420),  1.54(423),  1.48(415),  1.48(412),  1.37(385),  1.23(386),  1.18(418),  1.11(411),  1.07(416),  0.99(387),  0.81(388),  0.60(396),  0.43(394),  0.32(399),  0.25(397),  0.19(395),  0.10(422),  0.05(398), 
Distant of points(mm) belongs the plane 9 (31 points): 
 9.95(139),  9.71(144),  9.39(150),  7.39(126),  7.36(123),  7.24(122),  6.70(143),  6.70(138),  5.63(121),  5.28(120),  5.05(132),  4.09(134),  3.35(127),  3.01(125),  2.87(142),  2.86(135),  2.75(145),  2.19(129),  2.11(148),  1.94(131),  1.56(140),  1.46(136),  1.11(146),  1.09(147),  1.04(124),  1.00(149),  0.78(141),  0.52(137),  0.28(128),  0.26(133),  0.19(130), 
Distant of points(mm) belongs the plane 10 (75 points): 
13.05(164), 10.03(210),  8.73(201),  8.70(173),  8.62(202),  8.56(174),  8.14(225),  7.83(175),  6.95(172),  6.90(196),  6.50(190),  6.48(211),  6.46(219),  6.33(163),  6.01(176),  5.84(180),  5.75(203),  5.04(209),  4.91(162),  4.86(194),  4.83(181),  4.72(183),  4.60(166),  4.60(182),  4.51(161),  4.37(151),  4.30(191),  4.30(167),  4.00(212),  3.98(218),  3.98(204),  3.85(177),  3.79(189),  3.75(160),  3.73(224),  3.56(220),  3.56(184),  3.50(188),  3.39(205),  3.33(165),  3.26(179),  3.19(206),  3.12(154),  3.09(158),  3.00(192),  2.93(153),  2.76(155),  2.70(197),  2.55(178),  2.45(217),  2.36(187),  2.33(200),  2.25(207),  2.20(170),  2.17(216),  2.09(195),  1.79(152),  1.77(168),  1.51(169),  1.46(159),  1.37(223),  1.35(208),  1.11(193),  1.08(198),  0.99(214),  0.88(156),  0.88(222),  0.78(157),  0.73(199),  0.61(186),  0.49(213),  0.27(185),  0.15(221),  0.11(215),  0.05(171), 
Distant of points(mm) belongs the plane 11 (25 points): 
17.36(244), 12.96(245), 12.51(234),  8.55(232),  7.47(246),  6.46(249),  6.23(242),  5.93(250),  5.81(239),  5.17(236),  5.17(243),  4.35(233),  4.30(230),  4.01(248),  3.81(240),  3.51(237),  2.90(241),  2.61(231),  2.23(238),  2.05(235),  1.43(229),  1.12(227),  0.60(226),  0.57(247),  0.48(228), 
Distant of points(mm) belongs the plane 12 (36 points): 
15.82(257), 14.64(269), 13.76(280), 13.28(285), 12.63(259), 12.55(281), 11.21(268), 10.83(251), 10.38(282),  9.67(286),  9.42(256),  8.15(264),  8.13(277),  7.44(262),  6.48(252),  6.45(274),  6.28(279),  5.59(276),  5.47(275),  4.98(265),  4.98(283),  4.77(271),  4.16(263),  4.12(266),  3.17(272),  3.07(273),  2.59(261),  2.30(284),  1.46(278),  1.32(258),  1.18(267),  1.08(260),  0.33(255),  0.30(270),  0.24(253),  0.22(254), 
Distant of points(mm) belongs the plane 13 (33 points): 
10.95(289),  7.66(303),  7.49(307),  7.40(300),  5.72(317),  5.41(313),  5.27(299),  5.26(287),  5.25(288),  5.11(311),  4.85(292),  4.74(316),  4.31(314),  3.76(306),  3.73(301),  3.40(293),  3.39(295),  3.30(302),  2.89(304),  2.49(294),  2.27(297),  2.03(298),  1.99(296),  1.91(318),  1.76(305),  1.72(308),  1.60(315),  1.24(312),  1.00(291),  0.69(319),  0.63(310),  0.25(290),  0.19(309), 
