Point ID     ,  Hz.(º ' "),  V.(º ' "),Slope Dist.(m),Refl.Ht.(m),Inst.Ht.(m),Easting(m),  Northing(m),  Height(m)
 7777            ,    0 00 03 ,   88 19 34,          0,      0.000,      1.400,            0,            0,          0
2   ,  236 06 23 ,  119 35 54,      2.876,      0.000,      0.000,   3.05513,	   1.68831,	  -1.51220
3   ,  236 06 23 ,  119 35 54,      2.876,      0.000,      0.000,  -2.30068,	   1.75867,	  -1.46885
4   ,  236 06 23 ,  119 35 54,      2.876,      0.000,      0.000,  -1.71961,	  -0.73354,	  -1.47702
5   ,  236 06 23 ,  119 35 54,      2.876,      0.000,      0.000,   3.04172,	  -0.79067,	  -1.51555
6   ,  236 06 23 ,  119 35 54,      2.876,      0.000,      0.000,   3.05513,	   1.68831,	  -1.51220
7   ,  236 06 23 ,  119 35 54,      2.876,      0.000,      0.000,   3.05496,	   1.65736,	   5.41322
8   ,  236 06 23 ,  119 35 54,      2.876,      0.000,      0.000,  -3.20634,	   1.74016,	   5.34148
9   ,  236 06 23 ,  119 35 54,      2.876,      0.000,      0.000,  -3.22552,	  -0.71547,	   5.35335
10   ,  236 06 23 ,  119 35 54,      2.876,      0.000,      0.000,   3.04172,	  -0.79067,	   5.42513
11   ,  236 06 23 ,  119 35 54,      2.876,      0.000,      0.000,   3.05496,	   1.65736,	   5.41322
12   ,  236 06 23 ,  119 35 54,      2.876,      0.000,      0.000,  -2.30068,	   1.75867,	  -1.46885
13   ,  236 06 23 ,  119 35 54,      2.876,      0.000,      0.000,   3.05513,	   1.68831,	  -1.51220
14   ,  236 06 23 ,  119 35 54,      2.876,      0.000,      0.000,   3.05496,	   1.65736,	   5.41322
15   ,  236 06 23 ,  119 35 54,      2.876,      0.000,      0.000,  -3.20634,	   1.74016,	   5.34148
16   ,  236 06 23 ,  119 35 54,      2.876,      0.000,      0.000,  -3.55052,	   1.74931,	   4.30925
17   ,  236 06 23 ,  119 35 54,      2.876,      0.000,      0.000,  -3.55779,	   1.76341,	   1.17585
18   ,  236 06 23 ,  119 35 54,      2.876,      0.000,      0.000,  -2.94198,	   1.76342,	  -0.64085
19   ,  236 06 23 ,  119 35 54,      2.876,      0.000,      0.000,  -2.30068,	   1.75867,	  -1.46885
20   ,  236 06 23 ,  119 35 54,      2.876,      0.000,      0.000,   3.05513,	   1.68831,	  -1.51220
21   ,  236 06 23 ,  119 35 54,      2.876,      0.000,      0.000,   3.04172,	  -0.79067,	  -1.51555
22   ,  236 06 23 ,  119 35 54,      2.876,      0.000,      0.000,   3.04172,	  -0.79067,	   5.42513
23   ,  236 06 23 ,  119 35 54,      2.876,      0.000,      0.000,   3.05496,	   1.65736,	   5.41322
24   ,  236 06 23 ,  119 35 54,      2.876,      0.000,      0.000,   3.05513,	   1.68831,	  -1.51220
25   ,  236 06 23 ,  119 35 54,      2.876,      0.000,      0.000,  -1.71961,	  -0.73354,	  -1.47702
26   ,  236 06 23 ,  119 35 54,      2.876,      0.000,      0.000,   3.04172,	  -0.79067,	  -1.51555
27   ,  236 06 23 ,  119 35 54,      2.876,      0.000,      0.000,   3.04172,	  -0.79067,	   5.42513
28   ,  236 06 23 ,  119 35 54,      2.876,      0.000,      0.000,  -3.22552,	  -0.71547,	   5.35335
29   ,  236 06 23 ,  119 35 54,      2.876,      0.000,      0.000,  -3.55240,	  -0.71154,	   4.37315
30   ,  236 06 23 ,  119 35 54,      2.876,      0.000,      0.000,  -3.55745,	  -0.71148,	   2.19813
31   ,  236 06 23 ,  119 35 54,      2.876,      0.000,      0.000,  -2.76926,	  -0.72094,	  -0.12321
32   ,  236 06 23 ,  119 35 54,      2.876,      0.000,      0.000,  -1.71961,	  -0.73354,	  -1.47702
33   ,  236 06 23 ,  119 35 54,      2.876,      0.000,      0.000,  -2.30068,	   1.75867,	  -1.46885
34   ,  236 06 23 ,  119 35 54,      2.876,      0.000,      0.000,  -1.71961,	  -0.73354,	  -1.47702
35   ,  236 06 23 ,  119 35 54,      2.876,      0.000,      0.000,  -2.76926,	  -0.72094,	  -0.12321
36   ,  236 06 23 ,  119 35 54,      2.876,      0.000,      0.000,  -2.94198,	   1.76342,	  -0.64085
37   ,  236 06 23 ,  119 35 54,      2.876,      0.000,      0.000,  -2.30068,	   1.75867,	  -1.46885
38   ,  236 06 23 ,  119 35 54,      2.876,      0.000,      0.000,  -2.94198,	   1.76342,	  -0.64085
39   ,  236 06 23 ,  119 35 54,      2.876,      0.000,      0.000,  -2.76926,	  -0.72094,	  -0.12321
40   ,  236 06 23 ,  119 35 54,      2.876,      0.000,      0.000,  -3.55745,	  -0.71148,	   2.19813
41   ,  236 06 23 ,  119 35 54,      2.876,      0.000,      0.000,  -3.55779,	   1.76341,	   1.17585
42   ,  236 06 23 ,  119 35 54,      2.876,      0.000,      0.000,  -2.94198,	   1.76342,	  -0.64085
43   ,  236 06 23 ,  119 35 54,      2.876,      0.000,      0.000,  -3.55779,	   1.76341,	   1.17585
44   ,  236 06 23 ,  119 35 54,      2.876,      0.000,      0.000,  -3.55745,	  -0.71148,	   2.19813
45   ,  236 06 23 ,  119 35 54,      2.876,      0.000,      0.000,  -3.55240,	  -0.71154,	   4.37315
46   ,  236 06 23 ,  119 35 54,      2.876,      0.000,      0.000,  -3.55052,	   1.74931,	   4.30925
47   ,  236 06 23 ,  119 35 54,      2.876,      0.000,      0.000,  -3.55779,	   1.76341,	   1.17585
48   ,  236 06 23 ,  119 35 54,      2.876,      0.000,      0.000,  -3.55052,	   1.74931,	   4.30925
49   ,  236 06 23 ,  119 35 54,      2.876,      0.000,      0.000,  -3.55240,	  -0.71154,	   4.37315
50   ,  236 06 23 ,  119 35 54,      2.876,      0.000,      0.000,  -3.22552,	  -0.71547,	   5.35335
51   ,  236 06 23 ,  119 35 54,      2.876,      0.000,      0.000,  -3.20634,	   1.74016,	   5.34148
52   ,  236 06 23 ,  119 35 54,      2.876,      0.000,      0.000,  -3.55052,	   1.74931,	   4.30925
