#OKS At   -10 : After 4 points 
3.041722, -0.790671, -1.511000 
2.479389, -0.783923, -1.511000 
2.906579, 1.690263, -1.511000 
3.055128, 1.688306, -1.511000 
#OKS At    -5 : After 4 points 
3.041722, -0.790671, -1.506000 
1.861495, -0.776509, -1.506000 
2.288805, 1.698378, -1.506000 
3.055128, 1.688284, -1.506000 
#OKS At     0 : After 4 points 
3.041722, -0.790671, -1.501000 
1.243601, -0.769094, -1.501000 
1.671032, 1.706494, -1.501000 
3.055128, 1.688262, -1.501000 
#OKS At   100 : After 4 points 
-1.778549, -0.732830, -1.401000 
-2.353238, 1.759058, -1.401000 
3.055126, 1.687815, -1.401000 
3.041722, -0.790671, -1.401000 
#OKS At   200 : After 4 points 
-1.856082, -0.731900, -1.301000 
-2.430688, 1.759631, -1.301000 
3.055123, 1.687368, -1.301000 
3.041722, -0.790671, -1.301000 
#OKS At   300 : After 4 points 
-1.933615, -0.730969, -1.201000 
-2.508139, 1.760204, -1.201000 
3.055121, 1.686921, -1.201000 
3.041722, -0.790671, -1.201000 
#OKS At   400 : After 4 points 
-2.011148, -0.730039, -1.101000 
-2.585589, 1.760778, -1.101000 
3.055119, 1.686474, -1.101000 
3.041722, -0.790671, -1.101000 
#OKS At   500 : After 4 points 
-2.088681, -0.729108, -1.001000 
-2.663040, 1.761351, -1.001000 
3.055116, 1.686027, -1.001000 
3.041722, -0.790671, -1.001000 
#OKS At   600 : After 4 points 
-2.166214, -0.728178, -0.901000 
-2.740490, 1.761924, -0.901000 
3.055114, 1.685580, -0.901000 
3.041722, -0.790671, -0.901000 
#OKS At   700 : After 4 points 
-2.243746, -0.727248, -0.801000 
-2.817941, 1.762497, -0.801000 
3.055111, 1.685133, -0.801000 
3.041722, -0.790671, -0.801000 
#OKS At   800 : After 4 points 
-2.321279, -0.726317, -0.701000 
-2.895391, 1.763071, -0.701000 
3.055109, 1.684686, -0.701000 
3.041722, -0.790671, -0.701000 
#OKS At   900 : After 5 points 
-2.928679, 1.572151, -0.601000 
-2.955485, 1.763415, -0.601000 
3.055106, 1.684239, -0.601000 
3.041722, -0.790671, -0.601000 
-2.398812, -0.725387, -0.601000 
#OKS At  1000 : After 5 points 
-2.895313, 1.092214, -0.501000 
-2.989382, 1.763415, -0.501000 
3.055104, 1.683792, -0.501000 
3.041722, -0.790671, -0.501000 
-2.476345, -0.724457, -0.501000 
#OKS At  1100 : After 5 points 
-2.861946, 0.612278, -0.401000 
-3.023280, 1.763414, -0.401000 
3.055102, 1.683345, -0.401000 
3.041722, -0.790671, -0.401000 
-2.553878, -0.723526, -0.401000 
#OKS At  1200 : After 5 points 
-2.828580, 0.132342, -0.301000 
-3.057177, 1.763414, -0.301000 
3.055099, 1.682898, -0.301000 
3.041722, -0.790671, -0.301000 
-2.631411, -0.722596, -0.301000 
#OKS At  1300 : After 5 points 
-2.795213, -0.347595, -0.201000 
-3.091074, 1.763414, -0.201000 
3.055097, 1.682451, -0.201000 
3.041722, -0.790671, -0.201000 
-2.708944, -0.721666, -0.201000 
#OKS At  1400 : After 4 points 
-2.776798, -0.720851, -0.101000 
-3.124971, 1.763413, -0.101000 
3.055094, 1.682004, -0.101000 
3.041722, -0.790671, -0.101000 
#OKS At  1500 : After 4 points 
-2.810753, -0.720444, -0.001000 
-3.158868, 1.763413, -0.001000 
3.055092, 1.681558, -0.001000 
3.041722, -0.790671, -0.001000 
#OKS At  1600 : After 4 points 
-2.844707, -0.720037, 0.099000 
-3.192766, 1.763412, 0.099000 
3.055090, 1.681111, 0.099000 
3.041722, -0.790671, 0.099000 
#OKS At  1700 : After 4 points 
-2.878661, -0.719629, 0.199000 
-3.226663, 1.763412, 0.199000 
3.055087, 1.680664, 0.199000 
3.041722, -0.790671, 0.199000 
#OKS At  1800 : After 4 points 
-2.912616, -0.719222, 0.299000 
-3.260560, 1.763411, 0.299000 
3.055085, 1.680217, 0.299000 
3.041722, -0.790671, 0.299000 
#OKS At  1900 : After 4 points 
-2.946570, -0.718814, 0.399000 
-3.294457, 1.763411, 0.399000 
3.055082, 1.679770, 0.399000 
3.041722, -0.790671, 0.399000 
#OKS At  2000 : After 4 points 
-2.980525, -0.718407, 0.499000 
-3.328355, 1.763410, 0.499000 
3.055080, 1.679323, 0.499000 
3.041722, -0.790671, 0.499000 
#OKS At  2100 : After 4 points 
-3.014479, -0.717999, 0.599000 
-3.362252, 1.763410, 0.599000 
3.055077, 1.678876, 0.599000 
3.041722, -0.790671, 0.599000 
#OKS At  2200 : After 4 points 
-3.048433, -0.717592, 0.699000 
-3.396149, 1.763410, 0.699000 
3.055075, 1.678429, 0.699000 
3.041722, -0.790671, 0.699000 
#OKS At  2300 : After 4 points 
-3.082388, -0.717185, 0.799000 
-3.430046, 1.763409, 0.799000 
3.055073, 1.677982, 0.799000 
3.041722, -0.790671, 0.799000 
#OKS At  2400 : After 4 points 
-3.116342, -0.716777, 0.899000 
-3.463944, 1.763409, 0.899000 
3.055070, 1.677535, 0.899000 
3.041722, -0.790671, 0.899000 
#OKS At  2500 : After 4 points 
-3.150297, -0.716370, 0.999000 
-3.497841, 1.763408, 0.999000 
3.055068, 1.677088, 0.999000 
3.041722, -0.790671, 0.999000 
#OKS At  2600 : After 4 points 
-3.184251, -0.715962, 1.099000 
-3.531738, 1.763408, 1.099000 
3.055065, 1.676641, 1.099000 
3.041722, -0.790671, 1.099000 
#OKS At  2700 : After 5 points 
-3.557782, 1.707371, 1.199000 
-3.557736, 1.763303, 1.199000 
3.055063, 1.676194, 1.199000 
3.041722, -0.790671, 1.199000 
-3.218205, -0.715555, 1.199000 
#OKS At  2800 : After 5 points 
-3.557749, 1.465274, 1.299000 
-3.557504, 1.762853, 1.299000 
3.055061, 1.675747, 1.299000 
3.041722, -0.790671, 1.299000 
-3.252160, -0.715147, 1.299000 
#OKS At  2900 : After 5 points 
-3.557716, 1.223176, 1.399000 
-3.557272, 1.762403, 1.399000 
3.055058, 1.675300, 1.399000 
3.041722, -0.790671, 1.399000 
-3.286114, -0.714740, 1.399000 
#OKS At  3000 : After 5 points 
-3.557683, 0.981079, 1.499000 
-3.557040, 1.761953, 1.499000 
3.055056, 1.674853, 1.499000 
3.041722, -0.790671, 1.499000 
-3.320069, -0.714332, 1.499000 
#OKS At  3100 : After 5 points 
-3.557650, 0.738982, 1.599000 
-3.556808, 1.761503, 1.599000 
3.055053, 1.674407, 1.599000 
3.041722, -0.790671, 1.599000 
-3.354023, -0.713925, 1.599000 
#OKS At  3200 : After 5 points 
-3.557617, 0.496885, 1.699000 
-3.556575, 1.761053, 1.699000 
3.055051, 1.673960, 1.699000 
3.041722, -0.790671, 1.699000 
-3.387977, -0.713518, 1.699000 
#OKS At  3300 : After 5 points 
-3.557584, 0.254788, 1.799000 
-3.556343, 1.760603, 1.799000 
3.055048, 1.673513, 1.799000 
3.041722, -0.790671, 1.799000 
-3.421932, -0.713110, 1.799000 
#OKS At  3400 : After 5 points 
-3.557551, 0.012690, 1.899000 
-3.556111, 1.760153, 1.899000 
3.055046, 1.673066, 1.899000 
3.041722, -0.790671, 1.899000 
-3.455886, -0.712703, 1.899000 
#OKS At  3500 : After 5 points 
-3.557518, -0.229407, 1.999000 
-3.555879, 1.759703, 1.999000 
3.055044, 1.672619, 1.999000 
3.041722, -0.790671, 1.999000 
-3.489841, -0.712295, 1.999000 
#OKS At  3600 : After 5 points 
-3.557485, -0.471504, 2.099000 
-3.555647, 1.759253, 2.099000 
3.055041, 1.672172, 2.099000 
3.041722, -0.790671, 2.099000 
-3.523795, -0.711888, 2.099000 
#OKS At  3700 : After 4 points 
-3.557450, -0.711484, 2.199000 
-3.555415, 1.758803, 2.199000 
3.055039, 1.671725, 2.199000 
3.041722, -0.790671, 2.199000 
#OKS At  3800 : After 4 points 
-3.557218, -0.711487, 2.299000 
-3.555183, 1.758353, 2.299000 
3.055036, 1.671278, 2.299000 
3.041722, -0.790671, 2.299000 
#OKS At  3900 : After 4 points 
-3.556986, -0.711490, 2.399000 
-3.554951, 1.757903, 2.399000 
3.055034, 1.670831, 2.399000 
3.041722, -0.790671, 2.399000 
#OKS At  4000 : After 4 points 
-3.556753, -0.711492, 2.499000 
-3.554719, 1.757453, 2.499000 
3.055032, 1.670384, 2.499000 
3.041722, -0.790671, 2.499000 
#OKS At  4100 : After 4 points 
-3.556521, -0.711495, 2.599000 
-3.554487, 1.757003, 2.599000 
3.055029, 1.669937, 2.599000 
3.041722, -0.790671, 2.599000 
#OKS At  4200 : After 4 points 
-3.556288, -0.711498, 2.699000 
-3.554255, 1.756553, 2.699000 
3.055027, 1.669490, 2.699000 
3.041722, -0.790671, 2.699000 
#OKS At  4300 : After 4 points 
-3.556056, -0.711501, 2.799000 
-3.554023, 1.756103, 2.799000 
3.055024, 1.669043, 2.799000 
3.041722, -0.790671, 2.799000 
#OKS At  4400 : After 4 points 
-3.555824, -0.711504, 2.899000 
-3.553791, 1.755653, 2.899000 
3.055022, 1.668596, 2.899000 
3.041722, -0.790671, 2.899000 
#OKS At  4500 : After 4 points 
-3.555591, -0.711506, 2.999000 
-3.553559, 1.755203, 2.999000 
3.055019, 1.668149, 2.999000 
3.041722, -0.790671, 2.999000 
#OKS At  4600 : After 4 points 
-3.555359, -0.711509, 3.099000 
-3.553327, 1.754753, 3.099000 
3.055017, 1.667703, 3.099000 
3.041722, -0.790671, 3.099000 
#OKS At  4700 : After 4 points 
-3.555126, -0.711512, 3.199000 
-3.553095, 1.754303, 3.199000 
3.055015, 1.667256, 3.199000 
3.041722, -0.790671, 3.199000 
#OKS At  4800 : After 4 points 
-3.554894, -0.711515, 3.299000 
-3.552863, 1.753853, 3.299000 
3.055012, 1.666809, 3.299000 
3.041722, -0.790671, 3.299000 
#OKS At  4900 : After 4 points 
-3.554662, -0.711517, 3.399000 
-3.552631, 1.753403, 3.399000 
3.055010, 1.666362, 3.399000 
3.041722, -0.790671, 3.399000 
#OKS At  5000 : After 4 points 
-3.554429, -0.711520, 3.499000 
-3.552399, 1.752953, 3.499000 
3.055007, 1.665915, 3.499000 
3.041722, -0.790671, 3.499000 
#OKS At  5100 : After 4 points 
-3.554197, -0.711523, 3.599000 
-3.552167, 1.752503, 3.599000 
3.055005, 1.665468, 3.599000 
3.041722, -0.790671, 3.599000 
#OKS At  5200 : After 4 points 
-3.553965, -0.711526, 3.699000 
-3.551935, 1.752053, 3.699000 
3.055003, 1.665021, 3.699000 
3.041722, -0.790671, 3.699000 
#OKS At  5300 : After 4 points 
-3.553732, -0.711529, 3.799000 
-3.551703, 1.751603, 3.799000 
3.055000, 1.664574, 3.799000 
3.041722, -0.790671, 3.799000 
#OKS At  5400 : After 4 points 
-3.553500, -0.711531, 3.899000 
-3.551471, 1.751153, 3.899000 
3.054998, 1.664127, 3.899000 
3.041722, -0.790671, 3.899000 
#OKS At  5500 : After 4 points 
-3.553267, -0.711534, 3.999000 
-3.551239, 1.750703, 3.999000 
3.054995, 1.663680, 3.999000 
3.041722, -0.790671, 3.999000 
#OKS At  5600 : After 4 points 
-3.553035, -0.711537, 4.099000 
-3.551007, 1.750253, 4.099000 
3.054993, 1.663233, 4.099000 
3.041722, -0.790671, 4.099000 
#OKS At  5700 : After 4 points 
-3.552803, -0.711540, 4.199000 
-3.550775, 1.749803, 4.199000 
3.054990, 1.662786, 4.199000 
3.041722, -0.790671, 4.199000 
#OKS At  5800 : After 4 points 
-3.552570, -0.711543, 4.299000 
-3.550543, 1.749353, 4.299000 
3.054988, 1.662339, 4.299000 
3.041722, -0.790671, 4.299000 
#OKS At  5900 : After 4 points 
-3.543776, -0.711648, 4.399000 
-3.520593, 1.748511, 4.399000 
3.054986, 1.661892, 4.399000 
3.041722, -0.790671, 4.399000 
#OKS At  6000 : After 4 points 
-3.510428, -0.712048, 4.499000 
-3.487250, 1.747625, 4.499000 
3.054983, 1.661445, 4.499000 
3.041722, -0.790671, 4.499000 
#OKS At  6100 : After 4 points 
-3.477080, -0.712448, 4.599000 
-3.453906, 1.746739, 4.599000 
3.054981, 1.660999, 4.599000 
3.041722, -0.790671, 4.599000 
#OKS At  6200 : After 4 points 
-3.443731, -0.712849, 4.699000 
-3.420562, 1.745853, 4.699000 
3.054978, 1.660552, 4.699000 
3.041722, -0.790671, 4.699000 
#OKS At  6300 : After 4 points 
-3.410383, -0.713249, 4.799000 
-3.387218, 1.744966, 4.799000 
3.054976, 1.660105, 4.799000 
3.041722, -0.790671, 4.799000 
#OKS At  6400 : After 4 points 
-3.377035, -0.713649, 4.899000 
-3.353875, 1.744080, 4.899000 
3.054974, 1.659658, 4.899000 
3.041722, -0.790671, 4.899000 
#OKS At  6500 : After 4 points 
-3.343686, -0.714049, 4.999000 
-3.320531, 1.743194, 4.999000 
3.054971, 1.659211, 4.999000 
3.041722, -0.790671, 4.999000 
#OKS At  6600 : After 4 points 
-3.310338, -0.714449, 5.099000 
-3.287187, 1.742308, 5.099000 
3.054969, 1.658764, 5.099000 
3.041722, -0.790671, 5.099000 
#OKS At  6700 : After 4 points 
-3.276990, -0.714849, 5.199000 
-3.253843, 1.741422, 5.199000 
3.054966, 1.658317, 5.199000 
3.041722, -0.790671, 5.199000 
#OKS At  6800 : After 4 points 
-3.243641, -0.715250, 5.299000 
-3.220500, 1.740535, 5.299000 
3.054964, 1.657870, 5.299000 
3.041722, -0.790671, 5.299000 
#OKS At  6900 : After 4 points 
3.041722, -0.790671, 5.399000 
0.760416, -0.763296, 5.399000 
1.813922, 1.673771, 5.399000 
3.054961, 1.657423, 5.399000 
