   Point ID     ,  Hz.(º ' "),  V.(º ' "),Slope Dist.(m),Refl.Ht.(m),Inst.Ht.(m),Easting(m),  Northing(m),  Height(m)
ADG             ,    0 00 04 ,   89 48 06,          0,      0.000,      0.000,            0,            0,          0
2               ,  359 56 35 ,   89 47 50,      8.523,      0.000,      0.000,       -0.008,        8.523,      0.030
3               ,  330 37 27 ,  127 13 51,      2.378,      0.000,      0.000,       -0.929,        1.650,     -1.439
4               ,  329 09 18 ,   16 35 52,      7.187,      0.000,      0.000,       -1.053,        1.763,      6.887
5               ,  340 49 14 ,   98 40 22,      9.146,      0.000,      0.000,       -2.970,        8.539,     -1.379
6               ,  340 49 14 ,   93 48 53,      9.058,      0.000,      0.000,       -2.969,        8.536,     -0.603
7               ,  340 49 19 ,   90 20 57,      9.037,      0.000,      0.000,       -2.969,        8.535,     -0.055
8               ,  340 49 17 ,   84 58 17,      9.074,      0.000,      0.000,       -2.969,        8.537,      0.795
9               ,  341 08 08 ,   80 12 22,      9.172,      0.000,      0.000,       -2.922,        8.553,      1.560
10              ,  341 08 09 ,   74 35 52,      9.368,      0.000,      0.000,       -2.920,        8.547,      2.488
11              ,  341 08 15 ,   70 48 39,      9.560,      0.000,      0.000,       -2.919,        8.544,      3.142
12              ,  341 08 13 ,   66 16 23,      9.860,      0.000,      0.000,       -2.918,        8.542,      3.968
13              ,  341 08 16 ,   64 02 22,     10.035,      0.000,      0.000,       -2.917,        8.538,      4.393
14              ,  341 08 10 ,   59 28 03,     10.470,      0.000,      0.000,       -2.916,        8.534,      5.319
15              ,  347 44 11 ,   98 45 03,      8.833,      0.000,      0.000,       -1.854,        8.531,     -1.344
16              ,  347 44 13 ,   92 05 53,      8.739,      0.000,      0.000,       -1.855,        8.534,     -0.320
17              ,  347 44 12 ,   85 39 50,      8.758,      0.000,      0.000,       -1.855,        8.533,      0.662
18              ,  347 44 12 ,   80 13 37,      8.866,      0.000,      0.000,       -1.856,        8.538,      1.505
19              ,  347 44 09 ,   75 24 22,      9.032,      0.000,      0.000,       -1.857,        8.541,      2.276
20              ,  347 44 14 ,   71 10 13,      9.235,      0.000,      0.000,       -1.856,        8.541,      2.980
21              ,  347 44 15 ,   66 13 39,      9.549,      0.000,      0.000,       -1.856,        8.540,      3.849
22              ,  347 44 18 ,   62 46 45,      9.825,      0.000,      0.000,       -1.855,        8.538,      4.494
23              ,  347 44 14 ,   58 58 51,     10.186,      0.000,      0.000,       -1.854,        8.530,      5.249
24              ,  352 18 31 ,   98 58 30,      8.710,      0.000,      0.000,       -1.151,        8.526,     -1.359
25              ,  352 18 35 ,   90 33 31,      8.609,      0.000,      0.000,       -1.152,        8.531,     -0.084
26              ,  352 18 34 ,   83 51 14,      8.655,      0.000,      0.000,       -1.152,        8.528,      0.927
27              ,  352 18 33 ,   79 56 58,      8.745,      0.000,      0.000,       -1.152,        8.533,      1.526
28              ,  352 18 35 ,   74 28 31,      8.942,      0.000,      0.000,       -1.153,        8.538,      2.393
29              ,  352 18 36 ,   70 06 51,      9.157,      0.000,      0.000,       -1.152,        8.534,      3.115
30              ,  352 18 34 ,   65 07 16,      9.488,      0.000,      0.000,       -1.152,        8.531,      3.992
31              ,  352 18 39 ,   62 19 47,      9.717,      0.000,      0.000,       -1.151,        8.528,      4.512
32              ,  352 18 34 ,   58 29 46,     10.089,      0.000,      0.000,       -1.151,        8.525,      5.272
33              ,  358 48 25 ,   92 09 22,      8.527,      0.000,      0.000,       -0.177,        8.519,     -0.321
34              ,  358 48 24 ,   86 47 02,      8.544,      0.000,      0.000,       -0.178,        8.529,      0.479
35              ,  358 48 27 ,   80 33 31,      8.645,      0.000,      0.000,       -0.177,        8.526,      1.418
36              ,  358 48 22 ,   74 56 43,      8.838,      0.000,      0.000,       -0.178,        8.533,      2.296
37              ,  358 48 23 ,   70 20 34,      9.058,      0.000,      0.000,       -0.178,        8.528,      3.047
38              ,  358 48 20 ,   65 02 12,      9.411,      0.000,      0.000,       -0.178,        8.530,      3.972
39              ,  358 48 15 ,   62 16 43,      9.633,      0.000,      0.000,       -0.178,        8.526,      4.481
40              ,  358 48 22 ,   58 27 06,      9.999,      0.000,      0.000,       -0.178,        8.520,      5.232
41              ,    1 41 14 ,   81 57 25,      8.611,      0.000,      0.000,        0.251,        8.523,      1.205
42              ,    1 41 12 ,   76 57 03,      8.753,      0.000,      0.000,        0.251,        8.524,      1.976
43              ,    1 41 13 ,   71 14 06,      9.009,      0.000,      0.000,        0.251,        8.526,      2.898
44              ,    1 41 10 ,   60 37 59,      9.788,      0.000,      0.000,        0.251,        8.527,      4.800
45              ,    1 41 14 ,   58 12 38,     10.030,      0.000,      0.000,        0.251,        8.521,      5.284
46              ,    4 08 32 ,   72 22 33,      8.963,      0.000,      0.000,        0.617,        8.520,      2.714
47              ,    4 08 29 ,   62 45 08,      9.610,      0.000,      0.000,        0.617,        8.522,      4.400
48              ,    4 08 36 ,   58 29 38,     10.013,      0.000,      0.000,        0.617,        8.515,      5.233
49              ,    6 23 30 ,   61 39 05,      9.742,      0.000,      0.000,        0.954,        8.520,      4.626
50              ,    5 26 43 ,   58 20 00,     10.047,      0.000,      0.000,        0.812,        8.513,      5.275
51              ,   27 49 17 ,   32 35 13,      6.650,      0.000,      0.000,        1.671,        3.167,      5.603
52              ,   27 49 20 ,   30 17 58,      7.100,      0.000,      0.000,        1.672,        3.168,      6.130
53              ,   27 49 01 ,   28 20 38,      7.558,      0.000,      0.000,        1.675,        3.174,      6.652
54              ,    8 07 15 ,   29 31 15,      6.498,      0.000,      0.000,        0.452,        3.170,      5.655
55              ,    8 07 17 ,   27 37 04,      6.908,      0.000,      0.000,        0.452,        3.170,      6.121
56              ,    8 07 10 ,   25 45 17,      7.401,      0.000,      0.000,        0.454,        3.184,      6.666
57              ,  355 10 33 ,   29 51 47,      6.397,      0.000,      0.000,       -0.268,        3.174,      5.548
58              ,  355 10 38 ,   27 33 07,      6.888,      0.000,      0.000,       -0.268,        3.175,      6.107
59              ,  355 10 34 ,   25 39 32,      7.374,      0.000,      0.000,       -0.268,        3.182,      6.647
60              ,  339 58 42 ,   30 54 20,      6.590,      0.000,      0.000,       -1.159,        3.180,      5.654
61              ,  339 58 43 ,   28 28 05,      7.102,      0.000,      0.000,       -1.159,        3.181,      6.243
62              ,  339 58 36 ,   26 37 58,      7.586,      0.000,      0.000,       -1.164,        3.195,      6.781
63              ,  330 53 45 ,   32 32 04,      6.772,      0.000,      0.000,       -1.771,        3.182,      5.709
64              ,  330 53 50 ,   30 00 18,      7.280,      0.000,      0.000,       -1.771,        3.181,      6.304
65              ,  330 53 44 ,   28 22 13,      7.660,      0.000,      0.000,       -1.770,        3.180,      6.740
66              ,  320 12 34 ,   36 25 11,      6.992,      0.000,      0.000,       -2.657,        3.190,      5.626
67              ,  320 12 36 ,   33 56 08,      7.426,      0.000,      0.000,       -2.653,        3.186,      6.161
68              ,  320 12 49 ,   31 31 53,      7.928,      0.000,      0.000,       -2.653,        3.186,      6.757
69              ,  353 59 57 ,   99 28 20,      8.262,      0.000,      0.000,       -0.852,        8.105,     -1.360
70              ,  356 22 55 ,   96 44 25,      8.282,      0.000,      0.000,       -0.519,        8.208,     -0.972
71              ,  359 29 54 ,   93 28 55,      8.199,      0.000,      0.000,       -0.072,        8.184,     -0.498
72              ,    4 06 26 ,   97 07 53,      6.055,      0.000,      0.000,        0.430,        5.993,     -0.752
73              ,   12 36 50 ,  102 45 43,      4.353,      0.000,      0.000,        0.927,        4.143,     -0.962
74              ,   23 40 15 ,  110 16 07,      3.265,      0.000,      0.000,        1.230,        2.806,     -1.131
75              ,   46 37 31 ,  120 44 15,      2.505,      0.000,      0.000,        1.565,        1.479,     -1.281
76              ,   73 36 29 ,  126 14 25,      2.345,      0.000,      0.000,        1.814,        0.534,     -1.386
77              ,   41 00 28 ,  123 15 05,      2.560,      0.000,      0.000,        1.405,        1.615,     -1.403
78              ,   21 28 24 ,  116 15 03,      3.161,      0.000,      0.000,        1.038,        2.638,     -1.398
79              ,   12 33 14 ,  111 12 26,      3.818,      0.000,      0.000,        0.774,        3.474,     -1.381
80              ,    6 01 49 ,  107 50 03,      4.562,      0.000,      0.000,        0.456,        4.319,     -1.397
81              ,    1 32 49 ,  104 49 43,      5.410,      0.000,      0.000,        0.141,        5.228,     -1.385
82              ,  357 43 30 ,  102 36 24,      6.435,      0.000,      0.000,       -0.249,        6.275,     -1.405
83              ,  354 54 25 ,  100 27 44,      7.637,      0.000,      0.000,       -0.667,        7.480,     -1.387
84              ,  358 39 50 ,   97 36 31,      7.233,      0.000,      0.000,       -0.167,        7.168,     -0.958
85              ,    2 37 05 ,  100 52 08,      5.757,      0.000,      0.000,        0.258,        5.648,     -1.086
86              ,    8 57 17 ,  105 02 51,      4.505,      0.000,      0.000,        0.677,        4.298,     -1.170
87              ,   20 00 42 ,  111 29 58,      3.380,      0.000,      0.000,        1.076,        2.955,     -1.239
88              ,    1 03 20 ,   93 04 37,      7.723,      0.000,      0.000,        0.142,        7.711,     -0.415
89              ,    4 38 06 ,   95 28 00,      6.185,      0.000,      0.000,        0.498,        6.137,     -0.589
90              ,   10 38 51 ,   99 28 35,      4.776,      0.000,      0.000,        0.870,        4.630,     -0.786
91              ,   22 10 32 ,  106 23 08,      3.440,      0.000,      0.000,        1.246,        3.056,     -0.970
92              ,   42 46 41 ,  115 37 58,      2.584,      0.000,      0.000,        1.582,        1.710,     -1.118
93              ,   83 52 04 ,  123 36 31,      2.355,      0.000,      0.000,        1.950,        0.210,     -1.304
94              ,   83 51 41 ,  112 43 54,      2.263,      0.000,      0.000,        2.075,        0.223,     -0.874
95              ,   83 51 19 ,  103 18 46,      2.246,      0.000,      0.000,        2.173,        0.234,     -0.517
96              ,   51 18 54 ,  101 16 41,      2.402,      0.000,      0.000,        1.839,        1.473,     -0.470
97              ,   26 17 34 ,   97 58 55,      3.306,      0.000,      0.000,        1.450,        2.935,     -0.459
98              ,   14 17 03 ,   96 16 51,      4.421,      0.000,      0.000,        1.084,        4.259,     -0.484
99              ,    6 23 38 ,   94 28 19,      5.893,      0.000,      0.000,        0.654,        5.838,     -0.459
100             ,   16 17 39 ,   99 13 56,      4.088,      0.000,      0.000,        1.132,        3.873,     -0.656
101             ,   27 51 45 ,  103 45 49,      3.139,      0.000,      0.000,        1.425,        2.695,     -0.747
102             ,   50 46 22 ,  109 43 25,      2.400,      0.000,      0.000,        1.750,        1.429,     -0.810
103             ,   74 03 03 ,  112 41 45,      2.231,      0.000,      0.000,        1.979,        0.565,     -0.861
104             ,   91 53 40 ,  103 01 02,      2.313,      0.000,      0.000,        2.252,       -0.074,     -0.521
105             ,   91 53 39 ,  113 08 47,      2.322,      0.000,      0.000,        2.134,       -0.071,     -0.913
106             ,   93 22 10 ,  122 05 23,      2.400,      0.000,      0.000,        2.030,       -0.120,     -1.275
107             ,  118 40 54 ,  117 22 18,      2.822,      0.000,      0.000,        2.198,       -1.203,     -1.297
108             ,  134 28 15 ,  112 26 30,      3.543,      0.000,      0.000,        2.337,       -2.294,     -1.352
109             ,  146 46 43 ,  105 11 23,      4.920,      0.000,      0.000,        2.602,       -3.972,     -1.289
110             ,  145 27 44 ,  100 08 03,      4.901,      0.000,      0.000,        2.735,       -3.974,     -0.862
111             ,  144 17 51 ,   95 28 38,      4.916,      0.000,      0.000,        2.856,       -3.974,     -0.469
112             ,  133 15 11 ,   97 33 47,      3.647,      0.000,      0.000,        2.633,       -2.477,     -0.480
113             ,  116 35 17 ,  100 07 52,      2.778,      0.000,      0.000,        2.446,       -1.224,     -0.489
114             ,  105 51 34 ,  102 02 40,      2.495,      0.000,      0.000,        2.347,       -0.667,     -0.521
115             ,  107 40 31 ,  111 44 18,      2.522,      0.000,      0.000,        2.232,       -0.711,     -0.934
116             ,  127 40 35 ,  106 04 05,      3.191,      0.000,      0.000,        2.427,       -1.874,     -0.883
117             ,  141 56 43 ,  101 09 26,      4.388,      0.000,      0.000,        2.654,       -3.390,     -0.849
118             ,   83 00 53 ,   97 21 28,      2.257,      0.000,      0.000,        2.221,        0.272,     -0.289
119             ,   83 00 44 ,   82 45 17,      2.396,      0.000,      0.000,        2.360,        0.289,      0.302
120             ,   83 01 00 ,   70 44 22,      2.660,      0.000,      0.000,        2.493,        0.305,      0.878
121             ,   83 01 03 ,   56 50 47,      3.252,      0.000,      0.000,        2.702,        0.331,      1.778
122             ,   83 00 57 ,   44 33 44,      4.280,      0.000,      0.000,        2.981,        0.365,      3.049
123             ,   82 51 23 ,   37 15 46,      5.399,      0.000,      0.000,        3.244,        0.407,      4.297
124             ,   57 36 14 ,   98 28 54,      2.320,      0.000,      0.000,        1.938,        1.229,     -0.342
125             ,   58 23 50 ,   80 09 03,      2.511,      0.000,      0.000,        2.107,        1.296,      0.430
126             ,   61 46 18 ,   62 34 30,      3.000,      0.000,      0.000,        2.346,        1.259,      1.382
127             ,   61 46 27 ,   52 20 57,      3.612,      0.000,      0.000,        2.520,        1.353,      2.207
128             ,   59 37 48 ,   45 16 06,      4.337,      0.000,      0.000,        2.658,        1.558,      3.052
129             ,   55 12 25 ,   40 01 41,      5.263,      0.000,      0.000,        2.780,        1.931,      4.030
130             ,   33 56 27 ,   96 01 41,      2.932,      0.000,      0.000,        1.628,        2.419,     -0.308
131             ,   36 12 38 ,   82 43 22,      3.055,      0.000,      0.000,        1.790,        2.445,      0.387
132             ,   37 38 38 ,   69 15 45,      3.440,      0.000,      0.000,        1.965,        2.548,      1.218
133             ,   39 25 57 ,   59 38 08,      3.891,      0.000,      0.000,        2.132,        2.593,      1.967
134             ,   38 06 04 ,   50 48 13,      4.795,      0.000,      0.000,        2.293,        2.924,      3.030
135             ,   32 52 30 ,   45 40 07,      6.170,      0.000,      0.000,        2.396,        3.707,      4.312
136             ,   19 35 44 ,   93 15 47,      3.910,      0.000,      0.000,        1.309,        3.678,     -0.223
137             ,   21 42 03 ,   83 51 43,      3.984,      0.000,      0.000,        1.465,        3.680,      0.426
138             ,   22 16 05 ,   73 37 08,      4.404,      0.000,      0.000,        1.601,        3.910,      1.242
139             ,   22 16 06 ,   64 04 07,      5.131,      0.000,      0.000,        1.749,        4.270,      2.244
140             ,   22 15 59 ,   57 52 05,      5.840,      0.000,      0.000,        1.874,        4.576,      3.106
141             ,    9 11 35 ,   93 06 14,      5.366,      0.000,      0.000,        0.856,        5.289,     -0.291
142             ,   11 45 33 ,   84 47 25,      5.303,      0.000,      0.000,        1.076,        5.170,      0.481
143             ,   11 45 32 ,   78 03 15,      5.763,      0.000,      0.000,        1.149,        5.520,      1.193
144             ,   13 16 55 ,   70 25 39,      6.155,      0.000,      0.000,        1.332,        5.644,      2.062
145             ,   13 16 32 ,   65 08 53,      6.840,      0.000,      0.000,        1.425,        6.041,      2.875
146             ,   11 32 15 ,   65 17 04,      7.354,      0.000,      0.000,        1.336,        6.545,      3.075
147             ,    9 30 38 ,   67 07 10,      7.769,      0.000,      0.000,        1.183,        7.059,      3.021
148             ,    7 41 04 ,   72 32 23,      7.598,      0.000,      0.000,        0.969,        7.183,      2.280
149             ,    5 47 58 ,   78 53 52,      7.430,      0.000,      0.000,        0.737,        7.253,      1.431
150             ,    3 54 18 ,   85 39 15,      7.377,      0.000,      0.000,        0.501,        7.339,      0.559
151             ,    1 56 11 ,   91 59 19,      7.538,      0.000,      0.000,        0.255,        7.529,     -0.262
152             ,    0 06 14 ,   91 47 17,      8.385,      0.000,      0.000,        0.015,        8.381,     -0.262
153             ,    1 17 22 ,   86 48 34,      8.418,      0.000,      0.000,        0.189,        8.403,      0.469
154             ,    2 42 15 ,   81 43 55,      8.419,      0.000,      0.000,        0.393,        8.323,      1.211
155             ,    4 10 03 ,   76 09 56,      8.588,      0.000,      0.000,        0.606,        8.316,      2.053
156             ,    5 39 14 ,   70 42 29,      8.884,      0.000,      0.000,        0.826,        8.345,      2.935
157             ,   94 29 04 ,   97 05 43,      2.355,      0.000,      0.000,        2.329,       -0.183,     -0.291
158             ,   91 15 10 ,   84 01 57,      2.445,      0.000,      0.000,        2.432,       -0.053,      0.254
159             ,   91 15 17 ,   71 51 24,      2.705,      0.000,      0.000,        2.570,       -0.056,      0.842
160             ,   91 15 20 ,   61 27 21,      3.098,      0.000,      0.000,        2.721,       -0.060,      1.481
161             ,   91 15 31 ,   51 33 08,      3.725,      0.000,      0.000,        2.917,       -0.064,      2.316
162             ,   93 02 39 ,   45 27 11,      4.356,      0.000,      0.000,        3.100,       -0.165,      3.056
163             ,   94 13 04 ,   39 24 04,      5.307,      0.000,      0.000,        3.360,       -0.248,      4.101
164             ,  113 45 48 ,   96 51 55,      2.715,      0.000,      0.000,        2.467,       -1.086,     -0.324
165             ,  112 23 13 ,   83 54 36,      2.835,      0.000,      0.000,        2.607,       -1.074,      0.301
166             ,  110 44 24 ,   69 00 50,      3.203,      0.000,      0.000,        2.796,       -1.059,      1.147
167             ,  110 43 25 ,   59 24 52,      3.689,      0.000,      0.000,        2.970,       -1.124,      1.877
168             ,  110 43 49 ,   48 31 12,      4.665,      0.000,      0.000,        3.269,       -1.237,      3.090
169             ,  110 21 17 ,   43 19 35,      5.383,      0.000,      0.000,        3.463,       -1.285,      3.916
170             ,  120 56 49 ,   49 59 48,      5.256,      0.000,      0.000,        3.453,       -2.070,      3.379
171             ,  120 56 58 ,   59 03 53,      4.302,      0.000,      0.000,        3.165,       -1.898,      2.212
172             ,  122 41 56 ,   70 20 33,      3.715,      0.000,      0.000,        2.944,       -1.890,      1.250
173             ,  124 28 27 ,   83 22 11,      3.358,      0.000,      0.000,        2.750,       -1.888,      0.388
174             ,  127 35 18 ,   94 59 08,      3.316,      0.000,      0.000,        2.618,       -2.015,     -0.288
175             ,  143 42 22 ,   93 48 46,      4.886,      0.000,      0.000,        2.886,       -3.930,     -0.325
176             ,  142 46 40 ,   85 24 23,      5.072,      0.000,      0.000,        3.058,       -4.026,      0.406
177             ,  142 26 06 ,   78 11 15,      5.424,      0.000,      0.000,        3.236,       -4.208,      1.110
178             ,  141 21 21 ,   70 56 35,      5.791,      0.000,      0.000,        3.418,       -4.275,      1.891
179             ,  136 52 42 ,   64 47 07,      5.553,      0.000,      0.000,        3.434,       -3.667,      2.366
180             ,  132 14 19 ,   60 29 47,      5.299,      0.000,      0.000,        3.414,       -3.100,      2.610
181             ,  127 03 46 ,   55 12 27,      5.239,      0.000,      0.000,        3.433,       -2.593,      2.989
182             ,  143 57 47 ,   70 28 39,      6.258,      0.000,      0.000,        3.470,       -4.770,      2.091
183             ,  135 05 08 ,   60 14 51,      5.663,      0.000,      0.000,        3.471,       -3.481,      2.810
184             ,  143 48 31 ,   61 32 38,      6.679,      0.000,      0.000,        3.467,       -4.739,      3.182
185             ,  140 09 19 ,   52 00 18,      6.870,      0.000,      0.000,        3.469,       -4.157,      4.229
186             ,  133 25 11 ,   47 55 30,      6.444,      0.000,      0.000,        3.474,       -3.288,      4.318
187             ,  128 38 39 ,   54 48 00,      5.451,      0.000,      0.000,        3.479,       -2.781,      3.142
188             ,  137 10 03 ,   59 01 01,      5.959,      0.000,      0.000,        3.473,       -3.746,      3.068
189             ,    7 06 11 ,   60 56 59,      9.686,      0.000,      0.000,        1.047,        8.403,      4.703
190             ,    5 50 20 ,   58 03 45,      9.997,      0.000,      0.000,        0.863,        8.439,      5.288
191             ,    7 31 20 ,   56 09 28,      9.487,      0.000,      0.000,        1.032,        7.812,      5.283
192             ,    7 49 33 ,   57 40 49,      9.426,      0.000,      0.000,        1.085,        7.892,      5.040
193             ,    8 13 46 ,   59 48 34,      9.348,      0.000,      0.000,        1.157,        7.997,      4.701
194             ,   10 42 29 ,   56 54 04,      8.707,      0.000,      0.000,        1.355,        7.167,      4.755
195             ,    9 12 05 ,   54 51 26,      9.056,      0.000,      0.000,        1.184,        7.310,      5.213
196             ,   11 11 17 ,   52 00 26,      8.623,      0.000,      0.000,        1.319,        6.667,      5.308
197             ,   12 25 58 ,   54 53 42,      8.358,      0.000,      0.000,        1.472,        6.678,      4.807
198             ,   12 25 56 ,   53 03 00,      8.380,      0.000,      0.000,        1.442,        6.540,      5.038
199             ,   15 26 20 ,   48 22 43,      7.948,      0.000,      0.000,        1.582,        5.727,      5.279
200             ,   16 22 36 ,   50 36 52,      7.753,      0.000,      0.000,        1.690,        5.749,      4.920
201             ,   22 12 10 ,   48 07 49,      7.060,      0.000,      0.000,        1.987,        4.867,      4.712
202             ,   22 16 42 ,   43 27 59,      7.230,      0.000,      0.000,        1.886,        4.603,      5.247
203             ,   27 41 46 ,   40 11 33,      6.852,      0.000,      0.000,        2.055,        3.916,      5.234
204             ,   32 06 56 ,   41 51 39,      6.431,      0.000,      0.000,        2.281,        3.635,      4.790
205             ,   43 48 44 ,   34 59 00,      6.177,      0.000,      0.000,        2.452,        2.556,      5.061
206             ,   43 48 40 ,   34 59 00,      6.177,      0.000,      0.000,        2.452,        2.556,      5.061
207             ,   43 48 47 ,   38 07 55,      5.977,      0.000,      0.000,        2.555,        2.663,      4.701
208             ,   56 45 28 ,   31 21 44,      6.039,      0.000,      0.000,        2.629,        1.723,      5.157
209             ,   60 40 41 ,   34 19 22,      5.732,      0.000,      0.000,        2.818,        1.583,      4.734
210             ,   68 17 32 ,   29 11 07,      6.067,      0.000,      0.000,        2.749,        1.094,      5.297
211             ,   68 31 48 ,   33 35 45,      5.688,      0.000,      0.000,        2.929,        1.152,      4.738
212             ,   92 14 32 ,   30 04 39,      6.129,      0.000,      0.000,        3.070,       -0.120,      5.304
213             ,   90 04 58 ,   34 33 41,      5.730,      0.000,      0.000,        3.251,       -0.005,      4.719
214             ,   96 08 49 ,   30 25 54,      6.165,      0.000,      0.000,        3.105,       -0.334,      5.316
215             ,   96 08 45 ,   33 16 29,      5.927,      0.000,      0.000,        3.233,       -0.348,      4.955
216             ,   96 09 02 ,   35 02 21,      5.794,      0.000,      0.000,        3.307,       -0.356,      4.744
217             ,  112 42 03 ,   32 48 58,      6.336,      0.000,      0.000,        3.168,       -1.325,      5.325
218             ,  112 41 58 ,   34 50 55,      6.177,      0.000,      0.000,        3.256,       -1.362,      5.069
219             ,  112 42 03 ,   38 53 17,      5.893,      0.000,      0.000,        3.413,       -1.428,      4.587
220             ,  130 59 23 ,   38 24 11,      6.753,      0.000,      0.000,        3.166,       -2.751,      5.292
221             ,  130 02 46 ,   41 31 56,      6.517,      0.000,      0.000,        3.308,       -2.780,      4.878
222             ,  128 01 28 ,   44 41 40,      6.237,      0.000,      0.000,        3.456,       -2.702,      4.434
223             ,  132 50 05 ,   46 30 34,      6.481,      0.000,      0.000,        3.448,       -3.197,      4.461
224             ,  138 08 34 ,   41 52 46,      7.109,      0.000,      0.000,        3.167,       -3.535,      5.293
225             ,  143 35 00 ,   45 33 32,      7.494,      0.000,      0.000,        3.176,       -4.306,      5.247
226             ,  143 34 37 ,   52 03 52,      7.315,      0.000,      0.000,        3.426,       -4.643,      4.497
227             ,  340 45 00 ,   58 42 48,     10.451,      0.000,      0.000,       -2.945,        8.432,      5.427
228             ,  348 46 40 ,   57 31 05,     10.094,      0.000,      0.000,       -1.657,        8.353,      5.421
229             ,    3 45 13 ,   57 20 02,      9.991,      0.000,      0.000,        0.551,        8.393,      5.392
230             ,    8 43 12 ,   50 40 47,      8.538,      0.000,      0.000,        1.001,        6.529,      5.410
231             ,  356 22 35 ,   50 28 25,      8.510,      0.000,      0.000,       -0.415,        6.551,      5.416
232             ,  349 19 20 ,   50 28 40,      8.519,      0.000,      0.000,       -1.218,        6.458,      5.421
233             ,  338 45 01 ,   52 06 06,      8.853,      0.000,      0.000,       -2.532,        6.511,      5.438
234             ,  333 03 49 ,   50 18 17,      8.528,      0.000,      0.000,       -2.973,        5.850,      5.447
235             ,  345 50 26 ,   48 32 14,      8.200,      0.000,      0.000,       -1.503,        5.958,      5.429
236             ,  356 05 36 ,   47 35 35,      8.037,      0.000,      0.000,       -0.404,        5.921,      5.420
237             ,   11 36 32 ,   48 20 19,      8.148,      0.000,      0.000,        1.225,        5.963,      5.416
238             ,   17 25 00 ,   42 17 51,      7.315,      0.000,      0.000,        1.474,        4.697,      5.411
239             ,  357 45 45 ,   41 32 16,      7.249,      0.000,      0.000,       -0.188,        4.803,      5.426
240             ,  347 48 12 ,   41 51 21,      7.291,      0.000,      0.000,       -1.028,        4.755,      5.431
241             ,  332 28 35 ,   44 18 25,      7.612,      0.000,      0.000,       -2.457,        4.716,      5.448
242             ,  325 15 46 ,   42 50 09,      7.441,      0.000,      0.000,       -2.883,        4.157,      5.456
243             ,  337 46 51 ,   39 45 42,      7.087,      0.000,      0.000,       -1.714,        4.196,      5.447
244             ,  347 08 42 ,   37 47 10,      6.881,      0.000,      0.000,       -0.938,        4.110,      5.438
245             ,  355 26 35 ,   37 47 11,      6.871,      0.000,      0.000,       -0.334,        4.197,      5.430
246             ,    8 12 46 ,   37 46 55,      6.853,      0.000,      0.000,        0.600,        4.156,      5.416
247             ,   22 29 32 ,   39 29 59,      7.016,      0.000,      0.000,        1.707,        4.123,      5.414
248             ,   82 11 37 ,   24 56 14,      5.975,      0.000,      0.000,        2.496,        0.342,      5.418
249             ,   84 43 54 ,   28 16 43,      6.136,      0.000,      0.000,        2.895,        0.267,      5.404
250             ,  102 04 53 ,   25 06 10,      5.976,      0.000,      0.000,        2.479,       -0.531,      5.412
251             ,  101 12 34 ,   28 56 01,      6.173,      0.000,      0.000,        2.929,       -0.581,      5.402
252             ,  111 38 16 ,   26 20 08,      6.041,      0.000,      0.000,        2.491,       -0.988,      5.414
253             ,  111 38 14 ,   30 58 25,      6.297,      0.000,      0.000,        3.012,       -1.195,      5.399
254             ,  135 14 06 ,   35 47 27,      6.669,      0.000,      0.000,        2.746,       -2.769,      5.409
255             ,  132 05 37 ,   37 14 03,      6.794,      0.000,      0.000,        3.050,       -2.756,      5.409
256             ,  141 30 30 ,   39 40 53,      7.020,      0.000,      0.000,        2.790,       -3.508,      5.403
257             ,  146 41 48 ,   42 28 43,      7.329,      0.000,      0.000,        2.718,       -4.137,      5.406
258             ,  143 47 45 ,   43 41 05,      7.478,      0.000,      0.000,        3.051,       -4.168,      5.407
259             ,   32 57 48 ,   31 45 53,      6.643,      0.000,      0.000,        1.903,        2.934,      5.648
260             ,   32 00 08 ,   29 46 00,      7.210,      0.000,      0.000,        1.897,        3.036,      6.259
261             ,   32 00 12 ,   28 00 48,      7.614,      0.000,      0.000,        1.895,        3.033,      6.722
262             ,   46 46 46 ,   24 38 17,      6.233,      0.000,      0.000,        1.893,        1.779,      5.665
263             ,   46 46 43 ,   23 00 42,      6.622,      0.000,      0.000,        1.886,        1.773,      6.095
264             ,   46 46 45 ,   21 02 07,      7.196,      0.000,      0.000,        1.882,        1.769,      6.716
265             ,   76 16 49 ,   18 57 27,      5.960,      0.000,      0.000,        1.881,        0.459,      5.637
266             ,   76 16 47 ,   17 24 07,      6.438,      0.000,      0.000,        1.870,        0.457,      6.143
267             ,   76 16 48 ,   16 12 15,      6.903,      0.000,      0.000,        1.872,        0.457,      6.629
268             ,  113 53 58 ,   19 57 18,      6.011,      0.000,      0.000,        1.876,       -0.831,      5.650
269             ,  113 53 55 ,   18 15 20,      6.515,      0.000,      0.000,        1.866,       -0.827,      6.187
270             ,  113 54 16 ,   16 57 47,      6.998,      0.000,      0.000,        1.867,       -0.827,      6.694
271             ,  130 56 09 ,   23 42 48,      6.152,      0.000,      0.000,        1.869,       -1.621,      5.632
272             ,  130 56 04 ,   21 34 40,      6.718,      0.000,      0.000,        1.866,       -1.619,      6.247
273             ,  130 56 08 ,   20 00 16,      7.219,      0.000,      0.000,        1.866,       -1.618,      6.783
274             ,  148 30 26 ,   31 54 31,      6.740,      0.000,      0.000,        1.861,       -3.038,      5.722
275             ,  148 30 29 ,   30 02 48,      7.086,      0.000,      0.000,        1.853,       -3.025,      6.134
276             ,  148 30 32 ,   27 47 53,      7.583,      0.000,      0.000,        1.847,       -3.016,      6.708
277             ,  154 29 33 ,   37 16 30,      7.123,      0.000,      0.000,        1.858,       -3.894,      5.668
278             ,  154 29 40 ,   34 44 12,      7.526,      0.000,      0.000,        1.847,       -3.870,      6.185
279             ,  154 29 37 ,   32 13 44,      8.021,      0.000,      0.000,        1.842,       -3.861,      6.785
280             ,  158 28 28 ,   41 48 47,      7.576,      0.000,      0.000,        1.853,       -4.699,      5.647
281             ,  158 28 40 ,   39 49 58,      7.855,      0.000,      0.000,        1.846,       -4.681,      6.032
282             ,  158 28 36 ,   37 21 18,      8.264,      0.000,      0.000,        1.840,       -4.665,      6.569
283             ,  145 30 57 ,   87 37 54,      5.124,      0.000,      0.000,        2.898,       -4.220,      0.212
284             ,  145 31 22 ,   73 47 18,      5.334,      0.000,      0.000,        2.899,       -4.222,      1.489
285             ,  145 31 21 ,   59 21 32,      5.953,      0.000,      0.000,        2.899,       -4.222,      3.034
286             ,  145 31 22 ,   44 35 12,      7.273,      0.000,      0.000,        2.890,       -4.209,      5.180
287             ,  148 32 01 ,   43 43 18,      7.135,      0.000,      0.000,        2.574,       -4.206,      5.156
288             ,  149 09 04 ,   58 06 48,      5.781,      0.000,      0.000,        2.517,       -4.214,      3.054
289             ,  149 09 07 ,   71 45 44,      5.176,      0.000,      0.000,        2.521,       -4.220,      1.620
290             ,  149 09 02 ,  103 55 49,      5.094,      0.000,      0.000,        2.535,       -4.245,     -1.226
291             ,  162 33 13 ,  106 11 58,      4.614,      0.000,      0.000,        1.328,       -4.227,     -1.287
292             ,  162 33 25 ,   82 24 56,      4.459,      0.000,      0.000,        1.325,       -4.216,      0.588
293             ,  162 33 25 ,   60 47 07,      5.048,      0.000,      0.000,        1.321,       -4.203,      2.464
294             ,  162 33 29 ,   44 15 47,      6.205,      0.000,      0.000,        1.298,       -4.132,      4.444
295             ,  162 33 26 ,   33 10 16,      8.007,      0.000,      0.000,        1.313,       -4.180,      6.702
296             ,  168 06 31 ,   32 36 51,      7.921,      0.000,      0.000,        0.880,       -4.178,      6.672
297             ,  168 06 27 ,   43 03 55,      6.270,      0.000,      0.000,        0.882,       -4.190,      4.581
298             ,  168 06 26 ,   56 02 09,      5.174,      0.000,      0.000,        0.884,       -4.199,      2.891
299             ,  168 06 21 ,   80 40 48,      4.363,      0.000,      0.000,        0.887,       -4.213,      0.707
300             ,  168 06 20 ,  106 42 38,      4.507,      0.000,      0.000,        0.890,       -4.224,     -1.296
301             ,  183 09 41 ,  107 14 39,      4.423,      0.000,      0.000,       -0.233,       -4.218,     -1.311
302             ,  183 09 40 ,   80 17 03,      4.276,      0.000,      0.000,       -0.232,       -4.208,      0.722
303             ,  183 09 45 ,   58 12 01,      4.947,      0.000,      0.000,       -0.232,       -4.198,      2.607
304             ,  183 09 44 ,   40 51 12,      6.410,      0.000,      0.000,       -0.231,       -4.186,      4.848
305             ,  183 31 52 ,   31 35 21,      7.988,      0.000,      0.000,       -0.258,       -4.176,      6.804
306             ,  189 40 59 ,   31 56 21,      8.013,      0.000,      0.000,       -0.713,       -4.179,      6.800
307             ,  189 40 58 ,   39 52 28,      6.625,      0.000,      0.000,       -0.714,       -4.187,      5.085
308             ,  189 40 53 ,   54 59 52,      5.201,      0.000,      0.000,       -0.716,       -4.199,      2.983
309             ,  189 40 45 ,   81 33 28,      4.317,      0.000,      0.000,       -0.718,       -4.210,      0.634
310             ,  189 29 53 ,  106 42 27,      4.464,      0.000,      0.000,       -0.706,       -4.217,     -1.283
311             ,  203 37 40 ,  106 27 32,      4.794,      0.000,      0.000,       -1.843,       -4.213,     -1.358
312             ,  203 37 41 ,   83 59 12,      4.616,      0.000,      0.000,       -1.840,       -4.206,      0.484
313             ,  203 37 44 ,   64 39 27,      5.072,      0.000,      0.000,       -1.837,       -4.200,      2.171
314             ,  204 06 13 ,   42 57 24,      6.740,      0.000,      0.000,       -1.876,       -4.193,      4.933
315             ,  204 18 20 ,   34 17 20,      8.157,      0.000,      0.000,       -1.892,       -4.188,      6.740
316             ,  209 05 28 ,   35 30 35,      8.266,      0.000,      0.000,       -2.334,       -4.195,      6.728
317             ,  209 05 26 ,   45 44 26,      6.715,      0.000,      0.000,       -2.338,       -4.203,      4.687
318             ,  206 25 56 ,   65 37 30,      5.156,      0.000,      0.000,       -2.091,       -4.206,      2.128
319             ,  208 13 55 ,  104 47 32,      4.944,      0.000,      0.000,       -2.261,       -4.211,     -1.262
320             ,  211 20 53 ,   87 13 33,      5.772,      0.000,      0.000,       -2.999,       -4.923,      0.279
321             ,  211 20 47 ,   71 58 16,      6.052,      0.000,      0.000,       -2.994,       -4.915,      1.873
322             ,  211 20 47 ,   50 03 14,      7.499,      0.000,      0.000,       -2.991,       -4.910,      4.815
323             ,  211 20 51 ,   41 17 23,      8.700,      0.000,      0.000,       -2.986,       -4.903,      6.537
324             ,  210 10 17 ,   41 17 26,      8.600,      0.000,      0.000,       -2.852,       -4.906,      6.462
325             ,  210 10 23 ,   70 41 55,      6.024,      0.000,      0.000,       -2.857,       -4.915,      1.991
326             ,  196 21 14 ,  104 28 57,      5.297,      0.000,      0.000,       -1.444,       -4.921,     -1.325
327             ,  196 21 19 ,   82 04 18,      5.171,      0.000,      0.000,       -1.442,       -4.914,      0.713
328             ,  196 21 22 ,   65 07 38,      5.642,      0.000,      0.000,       -1.441,       -4.911,      2.373
329             ,  195 11 38 ,   38 37 19,      8.120,      0.000,      0.000,       -1.328,       -4.891,      6.344
330             ,  192 08 20 ,   36 59 16,      8.310,      0.000,      0.000,       -1.051,       -4.888,      6.638
331             ,  192 08 13 ,   50 25 15,      6.502,      0.000,      0.000,       -1.054,       -4.899,      4.143
332             ,  192 21 12 ,   64 19 15,      5.574,      0.000,      0.000,       -1.075,       -4.907,      2.415
333             ,  192 21 15 ,   85 24 02,      5.048,      0.000,      0.000,       -1.076,       -4.915,      0.405
334             ,  192 21 14 ,  104 56 42,      5.213,      0.000,      0.000,       -1.078,       -4.920,     -1.344
335             ,  178 18 57 ,  104 56 28,      5.106,      0.000,      0.000,        0.145,       -4.931,     -1.316
336             ,  178 19 02 ,   82 06 11,      4.966,      0.000,      0.000,        0.144,       -4.917,      0.682
337             ,  178 19 05 ,   60 08 18,      5.658,      0.000,      0.000,        0.144,       -4.905,      2.817
338             ,  178 19 03 ,   45 14 36,      6.900,      0.000,      0.000,        0.144,       -4.898,      4.859
339             ,  178 19 03 ,   36 02 21,      8.308,      0.000,      0.000,        0.143,       -4.886,      6.718
340             ,  174 10 43 ,   36 29 32,      8.255,      0.000,      0.000,        0.498,       -4.884,      6.636
341             ,  174 10 42 ,   50 00 40,      6.427,      0.000,      0.000,        0.499,       -4.899,      4.130
342             ,  174 10 41 ,   73 08 18,      5.160,      0.000,      0.000,        0.501,       -4.913,      1.497
343             ,  174 10 38 ,   94 17 27,      4.964,      0.000,      0.000,        0.502,       -4.925,     -0.371
344             ,  160 43 02 ,  103 58 15,      5.395,      0.000,      0.000,        1.729,       -4.942,     -1.302
345             ,  160 43 05 ,   81 41 16,      5.280,      0.000,      0.000,        1.725,       -4.931,      0.763
346             ,  160 43 06 ,   61 29 25,      5.929,      0.000,      0.000,        1.720,       -4.918,      2.830
347             ,  159 58 00 ,   41 56 13,      7.818,      0.000,      0.000,        1.790,       -4.909,      5.816
348             ,  159 58 06 ,   37 44 59,      8.532,      0.000,      0.000,        1.789,       -4.907,      6.746
349             ,  157 08 22 ,   54 21 40,      6.558,      0.000,      0.000,        2.070,       -4.911,      3.821
350             ,  157 08 23 ,   68 26 18,      5.745,      0.000,      0.000,        2.076,       -4.923,      2.111
351             ,  157 08 23 ,   83 31 38,      5.386,      0.000,      0.000,        2.079,       -4.931,      0.607
352             ,  157 08 19 ,  103 44 04,      5.522,      0.000,      0.000,        2.084,       -4.943,     -1.311
353             ,  212 39 45 ,   90 29 44,      5.708,      0.000,      0.000,       -3.080,       -4.805,     -0.049
354             ,  212 39 43 ,   79 40 04,      5.799,      0.000,      0.000,       -3.079,       -4.803,      1.040
355             ,  212 39 48 ,   62 02 55,      6.462,      0.000,      0.000,       -3.081,       -4.805,      3.029
356             ,  212 39 46 ,   49 32 21,      7.520,      0.000,      0.000,       -3.088,       -4.817,      4.880
357             ,  212 39 47 ,   42 35 34,      8.471,      0.000,      0.000,       -3.094,       -4.826,      6.236
358             ,  214 41 09 ,   39 30 00,      8.530,      0.000,      0.000,       -3.088,       -4.462,      6.582
359             ,  214 41 28 ,   49 43 59,      7.099,      0.000,      0.000,       -3.083,       -4.454,      4.589
360             ,  214 41 25 ,   72 41 28,      5.673,      0.000,      0.000,       -3.082,       -4.453,      1.688
361             ,  214 41 25 ,   91 06 18,      5.417,      0.000,      0.000,       -3.082,       -4.453,     -0.104
362             ,  218 43 18 ,  106 10 31,      4.538,      0.000,      0.000,       -2.726,       -3.400,     -1.264
363             ,  218 43 27 ,   83 08 47,      4.402,      0.000,      0.000,       -2.734,       -3.410,      0.525
364             ,  219 06 58 ,   57 54 06,      5.121,      0.000,      0.000,       -2.737,       -3.366,      2.721
365             ,  219 07 07 ,   47 30 07,      5.896,      0.000,      0.000,       -2.743,       -3.373,      3.983
366             ,  219 07 09 ,   32 57 44,      8.028,      0.000,      0.000,       -2.756,       -3.389,      6.736
367             ,  223 29 53 ,   30 47 07,      7.831,      0.000,      0.000,       -2.759,       -2.907,      6.728
368             ,  223 29 50 ,   39 20 47,      6.299,      0.000,      0.000,       -2.749,       -2.897,      4.871
369             ,  222 33 50 ,   59 10 52,      4.715,      0.000,      0.000,       -2.739,       -2.982,      2.416
370             ,  222 33 38 ,   80 14 22,      4.107,      0.000,      0.000,       -2.738,       -2.982,      0.696
371             ,  222 33 36 ,  107 16 51,      4.234,      0.000,      0.000,       -2.734,       -2.978,     -1.258
372             ,  237 57 56 ,  112 25 35,      3.472,      0.000,      0.000,       -2.721,       -1.702,     -1.325
373             ,  237 58 01 ,   80 15 21,      3.257,      0.000,      0.000,       -2.721,       -1.702,      0.551
374             ,  237 58 09 ,   49 48 25,      4.209,      0.000,      0.000,       -2.726,       -1.705,      2.716
375             ,  237 58 12 ,   34 08 44,      5.753,      0.000,      0.000,       -2.737,       -1.713,      4.761
376             ,  237 58 06 ,   25 39 24,      7.513,      0.000,      0.000,       -2.758,       -1.725,      6.773
377             ,  244 30 51 ,   24 22 24,      7.390,      0.000,      0.000,       -2.753,       -1.312,      6.731
378             ,  244 30 38 ,   32 42 28,      5.608,      0.000,      0.000,       -2.735,       -1.304,      4.719
379             ,  244 30 39 ,   47 38 46,      4.083,      0.000,      0.000,       -2.724,       -1.299,      2.751
380             ,  243 06 05 ,   74 57 32,      3.159,      0.000,      0.000,       -2.721,       -1.380,      0.820
381             ,  243 06 09 ,  101 17 00,      3.106,      0.000,      0.000,       -2.717,       -1.378,     -0.608
382             ,  266 10 38 ,  115 51 44,      3.023,      0.000,      0.000,       -2.714,       -0.181,     -1.319
383             ,  266 10 40 ,   82 14 11,      2.752,      0.000,      0.000,       -2.720,       -0.182,      0.372
384             ,  266 10 41 ,   48 06 10,      3.672,      0.000,      0.000,       -2.727,       -0.182,      2.452
385             ,  266 10 44 ,   31 58 24,      5.170,      0.000,      0.000,       -2.731,       -0.182,      4.386
386             ,  266 10 51 ,   22 13 46,      7.276,      0.000,      0.000,       -2.746,       -0.183,      6.735
387             ,  276 17 54 ,   22 33 05,      7.192,      0.000,      0.000,       -2.741,        0.303,      6.642
388             ,  276 17 48 ,   34 45 31,      4.822,      0.000,      0.000,       -2.732,        0.302,      3.961
389             ,  276 17 42 ,   55 34 46,      3.318,      0.000,      0.000,       -2.721,        0.300,      1.876
390             ,  275 14 42 ,   87 34 17,      2.729,      0.000,      0.000,       -2.715,        0.249,      0.116
391             ,  275 14 43 ,  116 56 44,      3.056,      0.000,      0.000,       -2.713,        0.249,     -1.385
392             ,  297 41 55 ,  108 42 40,      3.240,      0.000,      0.000,       -2.717,        1.426,     -1.039
393             ,  297 42 01 ,   78 56 27,      3.126,      0.000,      0.000,       -2.716,        1.426,      0.600
394             ,  297 42 04 ,   46 07 40,      4.259,      0.000,      0.000,       -2.719,        1.427,      2.952
395             ,  297 42 08 ,   30 53 23,      5.996,      0.000,      0.000,       -2.726,        1.431,      5.146
396             ,  297 42 07 ,   24 55 03,      7.333,      0.000,      0.000,       -2.735,        1.436,      6.651
397             ,  304 28 24 ,   26 20 52,      7.449,      0.000,      0.000,       -2.725,        1.871,      6.675
398             ,  304 28 25 ,   38 08 58,      5.340,      0.000,      0.000,       -2.719,        1.867,      4.200
399             ,  304 28 24 ,   58 20 30,      3.870,      0.000,      0.000,       -2.716,        1.865,      2.031
400             ,  304 28 21 ,   85 27 14,      3.299,      0.000,      0.000,       -2.711,        1.862,      0.262
401             ,  304 28 26 ,  112 42 42,      3.559,      0.000,      0.000,       -2.707,        1.858,     -1.374
402             ,  318 09 02 ,  108 14 55,      4.279,      0.000,      0.000,       -2.711,        3.027,     -1.340
403             ,  318 09 02 ,   84 15 36,      4.091,      0.000,      0.000,       -2.716,        3.032,      0.409
404             ,  318 09 07 ,   60 47 59,      4.679,      0.000,      0.000,       -2.725,        3.043,      2.283
405             ,  318 09 11 ,   42 32 48,      6.054,      0.000,      0.000,       -2.731,        3.049,      4.460
406             ,  318 09 11 ,   31 16 03,      7.890,      0.000,      0.000,       -2.732,        3.051,      6.744
407             ,  321 21 43 ,   44 58 45,      6.195,      0.000,      0.000,       -2.734,        3.420,      4.382
408             ,  321 21 42 ,   65 59 57,      4.770,      0.000,      0.000,       -2.721,        3.404,      1.940
409             ,  321 21 50 ,   87 51 40,      4.343,      0.000,      0.000,       -2.710,        3.390,      0.162
410             ,  321 21 46 ,  107 22 23,      4.533,      0.000,      0.000,       -2.701,        3.379,     -1.354
411             ,  331 01 33 ,   53 27 57,      7.005,      0.000,      0.000,       -2.727,        4.924,      4.170
412             ,  330 37 16 ,   46 18 13,      7.704,      0.000,      0.000,       -2.733,        4.854,      5.322
413             ,  336 37 58 ,  101 26 15,      6.920,      0.000,      0.000,       -2.690,        6.226,     -1.372
414             ,  336 37 54 ,   86 11 20,      6.806,      0.000,      0.000,       -2.694,        6.234,      0.452
415             ,  336 37 56 ,   70 36 08,      7.219,      0.000,      0.000,       -2.701,        6.250,      2.397
416             ,  336 37 53 ,   59 10 41,      7.953,      0.000,      0.000,       -2.709,        6.270,      4.075
417             ,  336 38 01 ,   53 27 26,      8.515,      0.000,      0.000,       -2.713,        6.280,      5.070
418             ,  337 33 36 ,   53 20 57,      8.872,      0.000,      0.000,       -2.717,        6.579,      5.296
419             ,  337 33 29 ,   62 55 41,      7.961,      0.000,      0.000,       -2.706,        6.552,      3.623
420             ,  337 33 29 ,   84 39 13,      7.100,      0.000,      0.000,       -2.699,        6.534,      0.662
421             ,  337 33 29 ,  100 34 26,      7.183,      0.000,      0.000,       -2.695,        6.526,     -1.318
422             ,  338 48 04 ,   99 02 50,      8.458,      0.000,      0.000,       -3.020,        7.787,     -1.330
423             ,  338 48 07 ,   88 33 04,      8.378,      0.000,      0.000,       -3.028,        7.808,      0.212
424             ,  338 48 11 ,   75 39 37,      8.664,      0.000,      0.000,       -3.035,        7.826,      2.146
425             ,  338 48 13 ,   66 10 33,      9.190,      0.000,      0.000,       -3.040,        7.838,      3.712
426             ,  338 25 27 ,   57 58 47,      9.773,      0.000,      0.000,       -3.047,        7.706,      5.182
427             ,  339 35 58 ,   59 38 55,     10.138,      0.000,      0.000,       -3.050,        8.200,      5.123
428             ,  339 36 05 ,   69 36 58,      9.313,      0.000,      0.000,       -3.043,        8.182,      3.244
429             ,  339 36 06 ,   82 35 58,      8.776,      0.000,      0.000,       -3.033,        8.157,      1.130
430             ,  339 36 08 ,   91 21 47,      8.710,      0.000,      0.000,       -3.035,        8.161,     -0.207
431             ,  340 00 37 ,   98 53 06,      8.983,      0.000,      0.000,       -3.034,        8.341,     -1.387
432             ,  307 32 51 ,  107 52 12,      4.530,      0.000,      0.000,       -3.418,        2.627,     -1.390
433             ,  307 32 57 ,   85 02 07,      4.335,      0.000,      0.000,       -3.424,        2.632,      0.375
434             ,  307 32 58 ,   64 15 41,      4.800,      0.000,      0.000,       -3.428,        2.635,      2.085
435             ,  307 32 58 ,   47 53 26,      5.837,      0.000,      0.000,       -3.433,        2.639,      3.914
436             ,  307 33 03 ,   39 38 42,      6.785,      0.000,      0.000,       -3.432,        2.638,      5.225
437             ,  307 32 54 ,   32 32 03,      8.051,      0.000,      0.000,       -3.433,        2.639,      6.787
438             ,  305 52 14 ,   32 31 42,      7.868,      0.000,      0.000,       -3.428,        2.479,      6.634
439             ,  305 59 26 ,   44 04 04,      6.098,      0.000,      0.000,       -3.432,        2.492,      4.382
440             ,  305 59 10 ,   66 46 58,      4.606,      0.000,      0.000,       -3.425,        2.487,      1.816
441             ,  305 52 41 ,   91 27 37,      4.223,      0.000,      0.000,       -3.420,        2.474,     -0.108
442             ,  305 52 47 ,  107 54 36,      4.431,      0.000,      0.000,       -3.417,        2.471,     -1.363
443             ,  286 02 26 ,  110 44 23,      3.804,      0.000,      0.000,       -3.419,        0.983,     -1.347
444             ,  286 02 31 ,   84 37 12,      3.578,      0.000,      0.000,       -3.423,        0.984,      0.335
445             ,  286 02 29 ,   60 08 53,      4.114,      0.000,      0.000,       -3.429,        0.986,      2.048
446             ,  286 02 36 ,   41 45 56,      5.367,      0.000,      0.000,       -3.436,        0.988,      4.003
447             ,  286 02 36 ,   28 00 37,      7.638,      0.000,      0.000,       -3.447,        0.991,      6.743
448             ,  281 04 58 ,   27 41 51,      7.564,      0.000,      0.000,       -3.450,        0.676,      6.697
449             ,  281 04 57 ,   40 02 11,      5.452,      0.000,      0.000,       -3.442,        0.674,      4.174
450             ,  281 04 54 ,   66 51 25,      3.798,      0.000,      0.000,       -3.427,        0.671,      1.493
451             ,  281 04 54 ,   92 30 26,      3.487,      0.000,      0.000,       -3.419,        0.670,     -0.153
452             ,  281 04 57 ,  111 27 20,      3.742,      0.000,      0.000,       -3.418,        0.669,     -1.369
453             ,  259 01 35 ,  111 18 36,      3.745,      0.000,      0.000,       -3.425,       -0.664,     -1.361
454             ,  259 01 38 ,   85 35 50,      3.502,      0.000,      0.000,       -3.427,       -0.665,      0.269
455             ,  260 10 38 ,   58 48 15,      4.071,      0.000,      0.000,       -3.431,       -0.594,      2.109
456             ,  260 10 36 ,   42 27 29,      5.172,      0.000,      0.000,       -3.440,       -0.596,      3.815
457             ,  260 10 42 ,   32 37 10,      6.490,      0.000,      0.000,       -3.447,       -0.597,      5.466
458             ,  260 10 32 ,   27 26 14,      7.617,      0.000,      0.000,       -3.458,       -0.599,      6.761
459             ,  255 13 03 ,   27 58 06,      7.639,      0.000,      0.000,       -3.464,       -0.914,      6.747
460             ,  255 12 57 ,   39 15 41,      5.633,      0.000,      0.000,       -3.447,       -0.910,      4.361
461             ,  255 12 58 ,   57 21 09,      4.223,      0.000,      0.000,       -3.438,       -0.907,      2.278
462             ,  256 13 45 ,   85 56 21,      3.540,      0.000,      0.000,       -3.430,       -0.841,      0.251
463             ,  234 06 06 ,  104 30 59,      4.389,      0.000,      0.000,       -3.442,       -2.491,     -1.100
464             ,  234 06 05 ,   78 23 58,      4.335,      0.000,      0.000,       -3.440,       -2.490,      0.872
465             ,  234 06 02 ,   61 22 05,      4.843,      0.000,      0.000,       -3.443,       -2.492,      2.320
466             ,  234 06 09 ,   45 12 05,      6.007,      0.000,      0.000,       -3.453,       -2.499,      4.232
467             ,  234 06 03 ,   37 19 40,      7.043,      0.000,      0.000,       -3.460,       -2.504,      5.601
468             ,  234 06 10 ,   32 22 22,      7.996,      0.000,      0.000,       -3.468,       -2.510,      6.753
469             ,  319 42 35 ,   30 48 48,      7.996,      0.000,      0.000,       -2.649,        3.124,      6.868
470             ,  339 29 30 ,   25 43 36,      7.634,      0.000,      0.000,       -1.161,        3.104,      6.877
471             ,    6 21 49 ,   24 19 59,      7.554,      0.000,      0.000,        0.345,        3.093,      6.883
472             ,   30 04 11 ,   27 17 00,      7.750,      0.000,      0.000,        1.780,        3.074,      6.888
473             ,   53 06 17 ,   17 49 49,      7.239,      0.000,      0.000,        1.773,        1.331,      6.892
474             ,  345 21 20 ,   12 40 36,      7.059,      0.000,      0.000,       -0.392,        1.499,      6.887
475             ,  305 58 23 ,   20 22 40,      7.337,      0.000,      0.000,       -2.068,        1.501,      6.878
476             ,  281 41 42 ,   26 51 02,      7.698,      0.000,      0.000,       -3.405,        0.705,      6.868
477             ,  260 52 18 ,   26 32 39,      7.676,      0.000,      0.000,       -3.387,       -0.544,      6.867
478             ,  252 24 05 ,   13 47 25,      7.090,      0.000,      0.000,       -1.611,       -0.511,      6.885
479             ,  170 09 37 ,    4 31 48,      6.911,      0.000,      0.000,        0.093,       -0.538,      6.889
480             ,  109 50 43 ,   15 34 52,      7.155,      0.000,      0.000,        1.808,       -0.652,      6.892
481             ,  150 01 19 ,   26 52 17,      7.732,      0.000,      0.000,        1.746,       -3.027,      6.897
482             ,  176 57 40 ,   24 09 01,      7.551,      0.000,      0.000,        0.164,       -3.085,      6.890
483             ,  205 22 35 ,   26 35 59,      7.704,      0.000,      0.000,       -1.478,       -3.117,      6.888
484             ,  233 08 03 ,   31 10 38,      8.041,      0.000,      0.000,       -3.330,       -2.497,      6.880
485             ,  212 26 33 ,   39 27 26,      8.927,      0.000,      0.000,       -3.043,       -4.788,      6.893
486             ,  194 55 57 ,   35 48 25,      8.505,      0.000,      0.000,       -1.282,       -4.808,      6.898
487             ,  176 01 43 ,   34 46 38,      8.402,      0.000,      0.000,        0.332,       -4.781,      6.901
488             ,  160 28 18 ,   36 27 38,      8.583,      0.000,      0.000,        1.705,       -4.807,      6.903
489             ,  340 31 35 ,   99 21 24,      8.987,      0.000,      0.000,       -2.956,        8.360,     -1.461
490             ,  345 29 00 ,   99 41 58,      8.680,      0.000,      0.000,       -2.144,        8.282,     -1.462
491             ,  352 20 35 ,   99 42 02,      8.635,      0.000,      0.000,       -1.134,        8.436,     -1.455
492             ,  354 10 02 ,  101 35 09,      7.235,      0.000,      0.000,       -0.720,        7.051,     -1.453
493             ,  346 27 26 ,  101 35 14,      7.261,      0.000,      0.000,       -1.666,        6.916,     -1.459
494             ,  338 53 48 ,  101 35 08,      7.314,      0.000,      0.000,       -2.580,        6.685,     -1.469
495             ,  327 53 14 ,  105 34 13,      5.439,      0.000,      0.000,       -2.785,        4.438,     -1.460
496             ,  337 15 40 ,  106 23 03,      5.175,      0.000,      0.000,       -1.919,        4.579,     -1.460
497             ,  348 22 12 ,  106 19 28,      5.183,      0.000,      0.000,       -1.003,        4.871,     -1.457
498             ,  359 13 25 ,  105 28 35,      5.438,      0.000,      0.000,       -0.071,        5.240,     -1.451
499             ,    4 33 28 ,  109 22 41,      4.381,      0.000,      0.000,        0.328,        4.120,     -1.454
500             ,  349 45 15 ,  111 42 57,      3.929,      0.000,      0.000,       -0.649,        3.592,     -1.454
501             ,  335 37 26 ,  111 43 00,      3.929,      0.000,      0.000,       -1.507,        3.325,     -1.454
502             ,  308 37 49 ,  109 19 10,      4.395,      0.000,      0.000,       -3.240,        2.589,     -1.454
503             ,  299 09 31 ,  116 11 08,      3.293,      0.000,      0.000,       -2.581,        1.440,     -1.453
504             ,  319 21 26 ,  118 05 48,      3.076,      0.000,      0.000,       -1.767,        2.059,     -1.448
505             ,  342 59 49 ,  119 11 46,      2.977,      0.000,      0.000,       -0.760,        2.485,     -1.452
506             ,   16 53 10 ,  116 18 04,      3.263,      0.000,      0.000,        0.850,        2.799,     -1.446
507             ,   42 16 54 ,  126 27 09,      2.419,      0.000,      0.000,        1.309,        1.439,     -1.437
508             ,   10 55 58 ,  136 33 25,      1.988,      0.000,      0.000,        0.259,        1.342,     -1.444
509             ,  317 33 42 ,  130 48 50,      2.211,      0.000,      0.000,       -1.129,        1.235,     -1.445
510             ,  294 59 49 ,  120 49 47,      2.831,      0.000,      0.000,       -2.203,        1.027,     -1.451
511             ,  280 29 16 ,  113 10 43,      3.681,      0.000,      0.000,       -3.328,        0.616,     -1.449
512             ,  260 16 54 ,  113 09 32,      3.680,      0.000,      0.000,       -3.335,       -0.571,     -1.447
513             ,  260 16 55 ,  122 51 52,      2.664,      0.000,      0.000,       -2.206,       -0.378,     -1.446
514             ,  262 59 46 ,  144 13 53,      1.775,      0.000,      0.000,       -1.030,       -0.127,     -1.440
515             ,   85 08 12 ,  141 10 50,      1.842,      0.000,      0.000,        1.151,        0.098,     -1.435
516             ,   85 08 17 ,  127 04 22,      2.364,      0.000,      0.000,        1.880,        0.160,     -1.425
517             ,  121 06 21 ,  120 57 09,      2.765,      0.000,      0.000,        2.030,       -1.225,     -1.422
518             ,  146 14 09 ,  127 25 16,      2.354,      0.000,      0.000,        1.039,       -1.554,     -1.430
519             ,  199 32 42 ,  124 54 31,      2.513,      0.000,      0.000,       -0.689,       -1.942,     -1.438
520             ,  230 40 36 ,  114 50 41,      3.432,      0.000,      0.000,       -2.409,       -1.974,     -1.442
521             ,  217 30 14 ,  104 58 34,      5.560,      0.000,      0.000,       -3.270,       -4.261,     -1.437
522             ,  204 33 23 ,  107 52 53,      4.683,      0.000,      0.000,       -1.852,       -4.054,     -1.438
523             ,  189 20 40 ,  108 29 51,      4.499,      0.000,      0.000,       -0.693,       -4.210,     -1.427
524             ,  170 15 43 ,  107 55 48,      4.625,      0.000,      0.000,        0.744,       -4.337,     -1.424
525             ,  148 38 57 ,  105 56 23,      5.128,      0.000,      0.000,        2.565,       -4.211,     -1.408
526             ,  141 49 08 ,  111 17 46,      3.895,      0.000,      0.000,        2.243,       -2.853,     -1.415
527             ,  156 26 24 ,  115 18 06,      3.333,      0.000,      0.000,        1.204,       -2.762,     -1.424
528             ,  181 54 15 ,  117 47 01,      3.079,      0.000,      0.000,       -0.091,       -2.722,     -1.435
529             ,  204 36 08 ,  114 33 02,      3.463,      0.000,      0.000,       -1.311,       -2.864,     -1.439
530             ,  209 10 54 ,  109 56 56,      4.220,      0.000,      0.000,       -1.934,       -3.463,     -1.440
531             ,  359 56 33 ,   89 47 51,      8.523,      0.000,      0.000,       -0.009,        8.523,      0.030
532             ,  330 40 51 ,  127 11 02,      2.380,      0.000,      0.000,       -0.928,        1.653,     -1.438
