   Point ID     ,  Hz.(º ' "),  V.(º ' "),Slope Dist.(m),Refl.Ht.(m),Inst.Ht.(m),Easting(m),  Northing(m),  Height(m)
ADG             ,    0 00 05 ,   89 44 26,          0,      0.000,      0.000,            0,            0,          0
2               ,  358 56 10 ,   89 46 47,      7.455,      0.000,      0.000,       -0.138,        7.454,      0.029
3               ,    6 57 29 ,  130 59 29,      2.200,      0.000,      0.000,        0.201,        1.648,     -1.443
4               ,    7 31 44 ,   14 52 33,      7.109,      0.000,      0.000,        0.239,        1.809,      6.871
5               ,   23 47 26 ,   94 28 14,      8.145,      0.000,      0.000,        3.276,        7.431,     -0.635
6               ,   23 47 28 ,   87 03 03,      8.126,      0.000,      0.000,        3.274,        7.426,      0.418
7               ,   23 47 34 ,   80 50 41,      8.219,      0.000,      0.000,        3.274,        7.425,      1.308
8               ,   23 47 40 ,   71 45 08,      8.540,      0.000,      0.000,        3.272,        7.421,      2.674
9               ,   23 47 40 ,   64 07 32,      9.017,      0.000,      0.000,        3.273,        7.424,      3.935
10              ,   23 47 45 ,   58 06 27,      9.553,      0.000,      0.000,        3.273,        7.422,      5.047
11              ,   23 47 13 ,   50 41 16,     10.485,      0.000,      0.000,        3.272,        7.423,      6.643
12              ,   22 09 34 ,   50 10 15,     10.429,      0.000,      0.000,        3.021,        7.417,      6.680
13              ,   22 09 32 ,   56 31 56,      9.602,      0.000,      0.000,        3.021,        7.418,      5.295
14              ,   22 09 31 ,   67 05 53,      8.699,      0.000,      0.000,        3.022,        7.421,      3.385
15              ,   22 09 35 ,   77 32 20,      8.210,      0.000,      0.000,        3.024,        7.425,      1.772
16              ,   22 09 35 ,   85 22 24,      8.049,      0.000,      0.000,        3.026,        7.430,      0.649
17              ,   22 09 29 ,   94 43 16,      8.054,      0.000,      0.000,        3.027,        7.434,     -0.663
18              ,   13 38 59 ,   97 07 14,      7.721,      0.000,      0.000,        1.808,        7.445,     -0.957
19              ,   13 39 05 ,   86 47 20,      7.672,      0.000,      0.000,        1.808,        7.443,      0.430
20              ,   13 39 16 ,   76 53 47,      7.860,      0.000,      0.000,        1.807,        7.439,      1.782
21              ,   13 39 15 ,   68 52 36,      8.202,      0.000,      0.000,        1.806,        7.435,      2.956
22              ,   13 39 13 ,   61 22 14,      8.719,      0.000,      0.000,        1.806,        7.436,      4.177
23              ,   13 39 17 ,   55 21 03,      9.300,      0.000,      0.000,        1.806,        7.435,      5.288
24              ,   13 38 58 ,   48 54 12,     10.150,      0.000,      0.000,        1.805,        7.433,      6.672
25              ,   11 05 31 ,   48 54 31,     10.052,      0.000,      0.000,        1.458,        7.435,      6.607
26              ,   11 05 36 ,   56 53 11,      9.046,      0.000,      0.000,        1.458,        7.435,      4.942
27              ,   11 05 35 ,   64 58 57,      8.365,      0.000,      0.000,        1.458,        7.438,      3.537
28              ,   11 05 35 ,   76 20 04,      7.803,      0.000,      0.000,        1.459,        7.440,      1.844
29              ,   11 05 33 ,   87 13 19,      7.595,      0.000,      0.000,        1.460,        7.444,      0.368
30              ,   11 05 31 ,   96 47 07,      7.645,      0.000,      0.000,        1.460,        7.450,     -0.903
31              ,    2 01 48 ,   96 46 49,      7.500,      0.000,      0.000,        0.264,        7.443,     -0.885
32              ,    2 01 48 ,   86 58 35,      7.454,      0.000,      0.000,        0.264,        7.439,      0.393
33              ,    2 01 49 ,   76 20 29,      7.663,      0.000,      0.000,        0.264,        7.441,      1.809
34              ,    2 01 53 ,   65 36 47,      8.172,      0.000,      0.000,        0.264,        7.438,      3.374
35              ,    2 01 54 ,   57 04 34,      8.865,      0.000,      0.000,        0.264,        7.437,      4.818
36              ,    2 01 19 ,   47 43 27,     10.057,      0.000,      0.000,        0.263,        7.436,      6.765
37              ,  358 57 30 ,   47 47 03,     10.043,      0.000,      0.000,       -0.135,        7.437,      6.748
38              ,  358 57 27 ,   53 17 28,      9.284,      0.000,      0.000,       -0.135,        7.442,      5.550
39              ,  358 57 28 ,   59 36 22,      8.631,      0.000,      0.000,       -0.135,        7.444,      4.367
40              ,  358 57 30 ,   66 49 48,      8.099,      0.000,      0.000,       -0.135,        7.445,      3.187
41              ,  358 57 31 ,   75 40 09,      7.689,      0.000,      0.000,       -0.135,        7.449,      1.903
42              ,  358 57 29 ,   85 56 15,      7.471,      0.000,      0.000,       -0.135,        7.451,      0.529
43              ,  358 57 34 ,   99 50 48,      7.567,      0.000,      0.000,       -0.135,        7.455,     -1.294
44              ,  349 05 42 ,   99 18 00,      7.687,      0.000,      0.000,       -1.435,        7.449,     -1.242
45              ,  349 05 40 ,   93 29 28,      7.598,      0.000,      0.000,       -1.435,        7.447,     -0.463
46              ,  349 05 42 ,   86 19 18,      7.597,      0.000,      0.000,       -1.434,        7.444,      0.487
47              ,  349 05 52 ,   80 44 35,      7.680,      0.000,      0.000,       -1.434,        7.443,      1.235
48              ,  349 05 52 ,   74 24 12,      7.868,      0.000,      0.000,       -1.433,        7.441,      2.115
49              ,  349 06 07 ,   70 33 56,      8.034,      0.000,      0.000,       -1.432,        7.440,      2.673
50              ,  349 06 13 ,   66 49 13,      8.239,      0.000,      0.000,       -1.432,        7.438,      3.243
51              ,  349 05 59 ,   63 25 35,      8.467,      0.000,      0.000,       -1.432,        7.436,      3.788
52              ,  349 33 54 ,   59 09 18,      8.800,      0.000,      0.000,       -1.368,        7.430,      4.512
53              ,  349 34 06 ,   53 43 10,      9.382,      0.000,      0.000,       -1.369,        7.438,      5.552
54              ,  349 33 50 ,   48 40 23,     10.063,      0.000,      0.000,       -1.369,        7.432,      6.645
55              ,  346 59 31 ,   59 57 43,      8.805,      0.000,      0.000,       -1.716,        7.427,      4.407
56              ,  346 59 26 ,   64 41 26,      8.435,      0.000,      0.000,       -1.717,        7.430,      3.606
57              ,  346 59 28 ,   71 26 37,      8.050,      0.000,      0.000,       -1.718,        7.435,      2.562
58              ,  346 59 27 ,   77 23 33,      7.822,      0.000,      0.000,       -1.718,        7.438,      1.707
59              ,  346 59 26 ,   82 42 10,      7.698,      0.000,      0.000,       -1.719,        7.440,      0.978
60              ,  346 59 26 ,   89 20 30,      7.641,      0.000,      0.000,       -1.720,        7.444,      0.088
61              ,  346 59 25 ,   93 03 07,      7.653,      0.000,      0.000,       -1.720,        7.446,     -0.407
62              ,  346 59 18 ,   99 15 54,      7.744,      0.000,      0.000,       -1.721,        7.446,     -1.247
63              ,  338 23 08 ,   95 09 38,      8.041,      0.000,      0.000,       -2.950,        7.445,     -0.723
64              ,  338 23 07 ,   88 15 16,      8.007,      0.000,      0.000,       -2.948,        7.441,      0.244
65              ,  338 23 06 ,   82 47 40,      8.065,      0.000,      0.000,       -2.948,        7.439,      1.012
66              ,  338 23 03 ,   76 37 52,      8.221,      0.000,      0.000,       -2.946,        7.436,      1.901
67              ,  338 23 11 ,   70 35 17,      8.483,      0.000,      0.000,       -2.947,        7.438,      2.819
68              ,  338 49 09 ,   59 40 50,      9.238,      0.000,      0.000,       -2.881,        7.436,      4.663
69              ,  337 47 29 ,   62 11 36,      9.086,      0.000,      0.000,       -3.038,        7.440,      4.238
70              ,  337 47 25 ,   78 02 48,      8.212,      0.000,      0.000,       -3.037,        7.438,      1.701
71              ,  337 47 31 ,   93 02 44,      8.053,      0.000,      0.000,       -3.039,        7.445,     -0.428
72              ,   17 36 53 ,   93 14 45,      8.564,      0.000,      0.000,        2.587,        8.149,     -0.485
73              ,   17 36 52 ,   86 46 18,      8.559,      0.000,      0.000,        2.586,        8.145,      0.482
74              ,   17 37 00 ,   80 00 27,      8.673,      0.000,      0.000,        2.585,        8.141,      1.505
75              ,   17 36 59 ,   71 41 57,      8.994,      0.000,      0.000,        2.584,        8.139,      2.824
76              ,   17 37 01 ,   65 02 46,      9.415,      0.000,      0.000,        2.584,        8.136,      3.972
77              ,   17 37 01 ,   60 31 00,      9.808,      0.000,      0.000,        2.584,        8.137,      4.827
78              ,   17 37 03 ,   55 59 51,     10.297,      0.000,      0.000,        2.584,        8.136,      5.758
79              ,   17 36 28 ,   52 19 50,     10.781,      0.000,      0.000,        2.581,        8.134,      6.588
80              ,   15 34 26 ,   51 51 01,     10.744,      0.000,      0.000,        2.268,        8.139,      6.637
81              ,   15 34 31 ,   56 23 48,     10.145,      0.000,      0.000,        2.269,        8.139,      5.615
82              ,   15 34 28 ,   63 14 04,      9.463,      0.000,      0.000,        2.269,        8.139,      4.262
83              ,   15 34 29 ,   70 03 14,      8.990,      0.000,      0.000,        2.269,        8.140,      3.067
84              ,   15 34 29 ,   78 58 48,      8.613,      0.000,      0.000,        2.270,        8.144,      1.646
85              ,   15 34 30 ,   87 52 51,      8.465,      0.000,      0.000,        2.271,        8.149,      0.313
86              ,   15 34 24 ,   92 52 05,      8.473,      0.000,      0.000,        2.272,        8.151,     -0.424
87              ,    6 10 40 ,   92 51 36,      8.211,      0.000,      0.000,        0.883,        8.154,     -0.410
88              ,    6 10 39 ,   85 50 08,      8.221,      0.000,      0.000,        0.882,        8.152,      0.597
89              ,    6 10 40 ,   78 18 23,      8.373,      0.000,      0.000,        0.882,        8.151,      1.697
90              ,    6 10 44 ,   69 48 50,      8.735,      0.000,      0.000,        0.882,        8.151,      3.014
91              ,    6 10 50 ,   61 59 54,      9.283,      0.000,      0.000,        0.882,        8.148,      4.358
92              ,    6 10 46 ,   55 22 24,      9.960,      0.000,      0.000,        0.882,        8.148,      5.659
93              ,    6 10 22 ,   50 42 03,     10.587,      0.000,      0.000,        0.881,        8.145,      6.705
94              ,    4 36 15 ,   50 42 04,     10.562,      0.000,      0.000,        0.656,        8.147,      6.690
95              ,    4 36 11 ,   55 28 19,      9.920,      0.000,      0.000,        0.656,        8.147,      5.623
96              ,    4 36 10 ,   61 53 45,      9.266,      0.000,      0.000,        0.656,        8.147,      4.365
97              ,    4 36 12 ,   70 29 56,      8.676,      0.000,      0.000,        0.656,        8.152,      2.896
98              ,    4 36 12 ,   78 39 45,      8.341,      0.000,      0.000,        0.656,        8.152,      1.640
99              ,    4 36 11 ,   87 18 07,      8.190,      0.000,      0.000,        0.657,        8.155,      0.386
100             ,    4 36 13 ,   96 59 25,      8.241,      0.000,      0.000,        0.657,        8.154,     -1.003
101             ,  355 34 48 ,   98 07 31,      8.271,      0.000,      0.000,       -0.631,        8.164,     -1.169
102             ,  355 34 50 ,   90 57 23,      8.187,      0.000,      0.000,       -0.631,        8.162,     -0.137
103             ,  355 34 54 ,   84 11 50,      8.227,      0.000,      0.000,       -0.631,        8.160,      0.832
104             ,  355 34 50 ,   76 07 22,      8.431,      0.000,      0.000,       -0.631,        8.161,      2.022
105             ,  355 34 57 ,   69 21 16,      8.742,      0.000,      0.000,       -0.630,        8.157,      3.082
106             ,  355 35 10 ,   63 22 03,      9.149,      0.000,      0.000,       -0.629,        8.154,      4.101
107             ,  355 35 15 ,   58 35 56,      9.581,      0.000,      0.000,       -0.629,        8.154,      4.992
108             ,  355 34 48 ,   51 10 29,     10.497,      0.000,      0.000,       -0.630,        8.153,      6.581
109             ,  353 31 02 ,   50 31 39,     10.622,      0.000,      0.000,       -0.926,        8.147,      6.753
110             ,  353 31 00 ,   56 53 02,      9.791,      0.000,      0.000,       -0.926,        8.148,      5.349
111             ,  353 31 01 ,   63 47 18,      9.146,      0.000,      0.000,       -0.926,        8.153,      4.040
112             ,  353 31 00 ,   69 27 07,      8.765,      0.000,      0.000,       -0.927,        8.155,      3.077
113             ,  353 31 00 ,   76 11 07,      8.456,      0.000,      0.000,       -0.927,        8.159,      2.019
114             ,  353 31 01 ,   82 54 31,      8.275,      0.000,      0.000,       -0.927,        8.159,      1.022
115             ,  353 31 01 ,   91 08 11,      8.214,      0.000,      0.000,       -0.927,        8.160,     -0.163
116             ,  353 31 02 ,   99 19 57,      8.327,      0.000,      0.000,       -0.928,        8.164,     -1.350
117             ,  345 14 06 ,   98 51 18,      8.537,      0.000,      0.000,       -2.150,        8.157,     -1.314
118             ,  344 59 54 ,   94 20 38,      8.468,      0.000,      0.000,       -2.186,        8.155,     -0.641
119             ,  344 59 54 ,   88 39 41,      8.442,      0.000,      0.000,       -2.185,        8.152,      0.197
120             ,  344 59 59 ,   81 22 28,      8.532,      0.000,      0.000,       -2.183,        8.148,      1.280
121             ,  345 00 02 ,   73 55 47,      8.775,      0.000,      0.000,       -2.182,        8.145,      2.429
122             ,  345 00 02 ,   66 17 16,      9.207,      0.000,      0.000,       -2.182,        8.143,      3.702
123             ,  344 34 50 ,   58 01 53,      9.961,      0.000,      0.000,       -2.247,        8.146,      5.274
124             ,  342 51 44 ,   58 15 54,     10.026,      0.000,      0.000,       -2.513,        8.149,      5.274
125             ,  342 51 40 ,   61 37 18,      9.686,      0.000,      0.000,       -2.511,        8.144,      4.604
126             ,  342 29 47 ,   67 41 05,      9.231,      0.000,      0.000,       -2.568,        8.144,      3.505
127             ,  342 35 09 ,   72 59 32,      8.925,      0.000,      0.000,       -2.554,        8.144,      2.611
128             ,  342 35 10 ,   80 04 46,      8.666,      0.000,      0.000,       -2.555,        8.145,      1.493
129             ,  342 35 13 ,   86 44 07,      8.554,      0.000,      0.000,       -2.556,        8.149,      0.487
130             ,  342 35 10 ,   92 10 56,      8.548,      0.000,      0.000,       -2.556,        8.150,     -0.326
131             ,  342 35 12 ,   98 49 01,      8.647,      0.000,      0.000,       -2.557,        8.153,     -1.325
132             ,  338 16 11 ,   99 28 56,      7.766,      0.000,      0.000,       -2.836,        7.116,     -1.279
133             ,  337 36 42 ,   96 37 04,      7.854,      0.000,      0.000,       -2.971,        7.213,     -0.905
134             ,  336 34 13 ,   94 12 25,      7.798,      0.000,      0.000,       -3.092,        7.136,     -0.572
135             ,  328 44 28 ,   95 36 15,      5.991,      0.000,      0.000,       -3.094,        5.097,     -0.585
136             ,  330 35 20 ,  102 46 07,      5.909,      0.000,      0.000,       -2.830,        5.020,     -1.306
137             ,  333 41 05 ,   97 47 33,      6.755,      0.000,      0.000,       -2.967,        5.999,     -0.916
138             ,  324 10 13 ,   96 03 20,      5.330,      0.000,      0.000,       -3.102,        4.297,     -0.562
139             ,  315 01 12 ,   97 28 26,      4.428,      0.000,      0.000,       -3.103,        3.105,     -0.576
140             ,  297 47 33 ,   98 52 50,      3.560,      0.000,      0.000,       -3.112,        1.640,     -0.550
141             ,  287 11 52 ,  100 09 50,      3.297,      0.000,      0.000,       -3.101,        0.960,     -0.582
142             ,  271 26 34 ,  100 09 45,      3.150,      0.000,      0.000,       -3.100,        0.078,     -0.556
143             ,  271 26 37 ,  108 40 19,      3.107,      0.000,      0.000,       -2.943,        0.074,     -0.995
144             ,  291 00 10 ,  105 54 50,      3.323,      0.000,      0.000,       -2.983,        1.145,     -0.911
145             ,  297 45 30 ,  105 01 26,      3.493,      0.000,      0.000,       -2.985,        1.571,     -0.905
146             ,  309 22 26 ,  103 37 26,      3.962,      0.000,      0.000,       -2.976,        2.442,     -0.933
147             ,  320 51 56 ,  101 19 18,      4.800,      0.000,      0.000,       -2.971,        3.651,     -0.942
148             ,  326 41 40 ,  100 00 06,      5.480,      0.000,      0.000,       -2.963,        4.510,     -0.952
149             ,  329 17 45 ,   99 28 46,      5.872,      0.000,      0.000,       -2.957,        4.980,     -0.967
150             ,  327 15 44 ,  104 30 46,      5.384,      0.000,      0.000,       -2.819,        4.385,     -1.349
151             ,  318 29 04 ,  107 14 57,      4.464,      0.000,      0.000,       -2.826,        3.193,     -1.324
152             ,  310 31 53 ,  109 42 42,      3.947,      0.000,      0.000,       -2.824,        2.415,     -1.331
153             ,  296 54 04 ,  113 12 47,      3.432,      0.000,      0.000,       -2.813,        1.427,     -1.353
154             ,  269 22 09 ,  115 46 31,      3.121,      0.000,      0.000,       -2.810,       -0.031,     -1.357
155             ,  261 29 52 ,  117 00 46,      3.109,      0.000,      0.000,       -2.739,       -0.409,     -1.412
156             ,  243 37 12 ,  112 21 37,      3.243,      0.000,      0.000,       -2.687,       -1.332,     -1.234
157             ,  229 34 37 ,  106 53 35,      3.590,      0.000,      0.000,       -2.615,       -2.228,     -1.043
158             ,  221 28 59 ,  103 30 41,      3.959,      0.000,      0.000,       -2.550,       -2.884,     -0.925
159             ,  214 46 15 ,  100 02 04,      4.442,      0.000,      0.000,       -2.495,       -3.593,     -0.774
160             ,  212 27 15 ,  103 48 12,      4.386,      0.000,      0.000,       -2.286,       -3.594,     -1.046
161             ,  208 49 25 ,  107 49 16,      4.419,      0.000,      0.000,       -2.028,       -3.685,     -1.352
162             ,  217 24 20 ,  110 43 00,      3.878,      0.000,      0.000,       -2.203,       -2.881,     -1.372
163             ,  235 04 24 ,  115 04 50,      3.309,      0.000,      0.000,       -2.457,       -1.716,     -1.403
164             ,  248 46 42 ,  116 58 12,      3.134,      0.000,      0.000,       -2.604,       -1.011,     -1.421
165             ,  225 56 42 ,  109 05 37,      3.632,      0.000,      0.000,       -2.467,       -2.387,     -1.188
166             ,  216 42 45 ,  105 40 31,      4.083,      0.000,      0.000,       -2.350,       -3.151,     -1.103
167             ,  265 01 20 ,  113 59 31,      3.110,      0.000,      0.000,       -2.830,       -0.246,     -1.264
168             ,  246 46 43 ,  109 55 02,      3.215,      0.000,      0.000,       -2.778,       -1.192,     -1.095
169             ,  231 19 21 ,  105 02 44,      3.567,      0.000,      0.000,       -2.689,       -2.153,     -0.926
170             ,  222 00 48 ,  100 56 29,      4.002,      0.000,      0.000,       -2.630,       -2.920,     -0.760
171             ,  215 49 05 ,   98 05 40,      4.449,      0.000,      0.000,       -2.578,       -3.572,     -0.627
172             ,  217 36 16 ,   89 23 30,      4.588,      0.000,      0.000,       -2.800,       -3.635,      0.049
173             ,  218 33 22 ,   82 37 00,      4.826,      0.000,      0.000,       -2.983,       -3.743,      0.620
174             ,  219 38 01 ,   78 32 38,      4.975,      0.000,      0.000,       -3.110,       -3.755,      0.988
175             ,  215 54 00 ,   77 00 19,      5.453,      0.000,      0.000,       -3.115,       -4.304,      1.226
176             ,  229 09 56 ,   82 22 49,      4.152,      0.000,      0.000,       -3.113,       -2.691,      0.550
177             ,  239 30 56 ,   87 35 18,      3.610,      0.000,      0.000,       -3.108,       -1.830,      0.152
178             ,  252 57 38 ,   93 39 26,      3.269,      0.000,      0.000,       -3.119,       -0.956,     -0.209
179             ,  266 02 42 ,   99 11 04,      3.155,      0.000,      0.000,       -3.107,       -0.215,     -0.504
180             ,  250 36 27 ,  102 26 40,      3.195,      0.000,      0.000,       -2.943,       -1.036,     -0.688
181             ,  235 43 16 ,   96 15 53,      3.536,      0.000,      0.000,       -2.905,       -1.980,     -0.386
182             ,  226 57 17 ,   92 06 06,      3.945,      0.000,      0.000,       -2.881,       -2.691,     -0.145
183             ,  336 04 03 ,   91 43 33,      7.738,      0.000,      0.000,       -3.138,        7.070,     -0.233
184             ,  336 04 02 ,   83 41 51,      7.781,      0.000,      0.000,       -3.138,        7.069,      0.854
185             ,  336 04 01 ,   79 56 58,      7.851,      0.000,      0.000,       -3.136,        7.066,      1.370
186             ,  336 04 01 ,   72 13 27,      8.111,      0.000,      0.000,       -3.133,        7.059,      2.476
187             ,  336 03 58 ,   68 53 08,      8.272,      0.000,      0.000,       -3.130,        7.053,      2.980
188             ,  336 54 36 ,   61 44 17,      9.024,      0.000,      0.000,       -3.117,        7.311,      4.273
189             ,  329 31 55 ,   91 50 55,      6.191,      0.000,      0.000,       -3.138,        5.334,     -0.200
190             ,  328 40 31 ,   83 10 26,      6.085,      0.000,      0.000,       -3.141,        5.162,      0.723
191             ,  328 40 32 ,   77 09 10,      6.196,      0.000,      0.000,       -3.140,        5.160,      1.378
192             ,  328 40 39 ,   69 10 02,      6.451,      0.000,      0.000,       -3.134,        5.151,      2.294
193             ,  328 40 45 ,   65 03 40,      6.648,      0.000,      0.000,       -3.134,        5.150,      2.803
194             ,  328 40 48 ,   55 02 56,      7.331,      0.000,      0.000,       -3.123,        5.133,      4.200
195             ,  320 30 50 ,   92 13 34,      4.953,      0.000,      0.000,       -3.147,        3.820,     -0.192
196             ,  320 30 53 ,   81 03 49,      5.015,      0.000,      0.000,       -3.150,        3.824,      0.779
197             ,  320 30 52 ,   74 23 03,      5.142,      0.000,      0.000,       -3.149,        3.822,      1.384
198             ,  320 30 55 ,   65 05 09,      5.450,      0.000,      0.000,       -3.143,        3.815,      2.296
199             ,  320 30 58 ,   59 38 03,      5.720,      0.000,      0.000,       -3.138,        3.809,      2.892
200             ,  320 31 00 ,   49 34 01,      6.465,      0.000,      0.000,       -3.129,        3.798,      4.193
201             ,  306 28 18 ,   93 37 17,      3.924,      0.000,      0.000,       -3.150,        2.328,     -0.248
202             ,  306 28 14 ,   78 24 12,      4.003,      0.000,      0.000,       -3.154,        2.331,      0.805
203             ,  306 28 15 ,   71 26 04,      4.136,      0.000,      0.000,       -3.153,        2.330,      1.317
204             ,  306 28 21 ,   59 04 17,      4.561,      0.000,      0.000,       -3.146,        2.326,      2.344
205             ,  306 28 19 ,   53 18 09,      4.876,      0.000,      0.000,       -3.144,        2.324,      2.914
206             ,  306 28 21 ,   42 42 28,      5.745,      0.000,      0.000,       -3.133,        2.316,      4.221
207             ,  280 51 02 ,   94 16 13,      3.214,      0.000,      0.000,       -3.148,        0.603,     -0.239
208             ,  280 51 08 ,   76 13 23,      3.305,      0.000,      0.000,       -3.152,        0.604,      0.787
209             ,  280 51 11 ,   65 25 09,      3.526,      0.000,      0.000,       -3.149,        0.604,      1.467
210             ,  280 51 15 ,   55 13 26,      3.902,      0.000,      0.000,       -3.147,        0.603,      2.225
211             ,  281 35 10 ,   47 14 21,      4.371,      0.000,      0.000,       -3.144,        0.645,      2.968
212             ,  281 18 49 ,   36 59 49,      5.320,      0.000,      0.000,       -3.139,        0.628,      4.249
213             ,  259 05 37 ,   89 58 58,      3.212,      0.000,      0.000,       -3.154,       -0.608,      0.001
214             ,  259 05 34 ,   75 48 18,      3.316,      0.000,      0.000,       -3.156,       -0.608,      0.813
215             ,  259 05 37 ,   67 23 14,      3.481,      0.000,      0.000,       -3.156,       -0.608,      1.339
216             ,  259 05 37 ,   53 50 44,      3.980,      0.000,      0.000,       -3.156,       -0.608,      2.348
217             ,  259 05 36 ,   46 58 51,      4.393,      0.000,      0.000,       -3.154,       -0.608,      2.997
218             ,  259 05 42 ,   37 10 07,      5.305,      0.000,      0.000,       -3.147,       -0.606,      4.228
219             ,  243 04 48 ,   83 07 14,      3.564,      0.000,      0.000,       -3.155,       -1.602,      0.427
220             ,  243 04 46 ,   73 36 09,      3.691,      0.000,      0.000,       -3.157,       -1.603,      1.042
221             ,  243 04 47 ,   65 52 40,      3.878,      0.000,      0.000,       -3.155,       -1.602,      1.585
222             ,  243 04 47 ,   56 44 15,      4.232,      0.000,      0.000,       -3.155,       -1.602,      2.321
223             ,  243 04 52 ,   49 52 22,      4.622,      0.000,      0.000,       -3.151,       -1.600,      2.979
224             ,  243 04 45 ,   39 43 28,      5.523,      0.000,      0.000,       -3.147,       -1.598,      4.248
225             ,  222 20 09 ,   47 59 18,      6.294,      0.000,      0.000,       -3.150,       -3.457,      4.213
226             ,  222 20 09 ,   58 38 46,      5.481,      0.000,      0.000,       -3.152,       -3.460,      2.852
227             ,  222 20 09 ,   64 15 48,      5.200,      0.000,      0.000,       -3.155,       -3.463,      2.258
228             ,  222 20 13 ,   73 14 48,      4.878,      0.000,      0.000,       -3.146,       -3.452,      1.406
229             ,  216 22 15 ,   74 42 22,      5.496,      0.000,      0.000,       -3.143,       -4.268,      1.450
230             ,  216 22 15 ,   65 03 26,      5.847,      0.000,      0.000,       -3.144,       -4.269,      2.466
231             ,  216 22 20 ,   58 04 57,      6.246,      0.000,      0.000,       -3.144,       -4.269,      3.302
232             ,  337 08 00 ,   60 55 15,      9.101,      0.000,      0.000,       -3.091,        7.329,      4.423
233             ,  337 58 08 ,   57 38 52,      9.204,      0.000,      0.000,       -2.916,        7.207,      4.925
234             ,  339 10 17 ,   56 14 58,      9.458,      0.000,      0.000,       -2.796,        7.350,      5.255
235             ,  334 53 56 ,   51 15 15,      8.441,      0.000,      0.000,       -2.793,        5.961,      5.283
236             ,  331 47 20 ,   55 20 33,      7.910,      0.000,      0.000,       -3.076,        5.734,      4.498
237             ,  335 26 35 ,   56 09 19,      8.607,      0.000,      0.000,       -2.971,        6.502,      4.794
238             ,  329 10 07 ,   53 21 52,      7.484,      0.000,      0.000,       -3.078,        5.157,      4.466
239             ,  331 31 55 ,   48 25 39,      7.888,      0.000,      0.000,       -2.813,        5.188,      5.234
240             ,  325 16 32 ,   43 45 01,      7.181,      0.000,      0.000,       -2.829,        4.082,      5.188
241             ,  320 22 04 ,   47 32 47,      6.575,      0.000,      0.000,       -3.094,        3.736,      4.438
242             ,  326 09 56 ,   47 30 33,      7.185,      0.000,      0.000,       -2.950,        4.401,      4.853
243             ,  314 33 19 ,   44 15 44,      6.214,      0.000,      0.000,       -3.091,        3.043,      4.450
244             ,  317 46 53 ,   38 49 00,      6.705,      0.000,      0.000,       -2.824,        3.113,      5.224
245             ,  307 12 32 ,   37 33 02,      6.111,      0.000,      0.000,       -2.966,        2.252,      4.845
246             ,  297 17 27 ,   31 25 02,      6.128,      0.000,      0.000,       -2.839,        1.465,      5.230
247             ,  293 45 28 ,   37 25 31,      5.583,      0.000,      0.000,       -3.105,        1.367,      4.434
248             ,  286 12 37 ,   36 13 48,      5.480,      0.000,      0.000,       -3.110,        0.904,      4.420
249             ,  289 29 55 ,   29 33 50,      6.072,      0.000,      0.000,       -2.824,        1.000,      5.281
250             ,  274 47 31 ,   31 34 17,      5.699,      0.000,      0.000,       -2.974,        0.249,      4.856
251             ,  254 35 14 ,   29 14 31,      6.029,      0.000,      0.000,       -2.839,       -0.783,      5.261
252             ,  255 30 53 ,   36 18 01,      5.453,      0.000,      0.000,       -3.126,       -0.807,      4.395
253             ,  245 27 14 ,   37 13 17,      5.625,      0.000,      0.000,       -3.095,       -1.413,      4.479
254             ,  244 01 27 ,   31 18 45,      6.111,      0.000,      0.000,       -2.855,       -1.391,      5.221
255             ,  232 10 25 ,   38 59 56,      6.085,      0.000,      0.000,       -3.025,       -2.348,      4.729
256             ,  216 31 31 ,   42 55 00,      7.092,      0.000,      0.000,       -2.874,       -3.880,      5.194
257             ,  217 26 13 ,   48 15 39,      6.812,      0.000,      0.000,       -3.090,       -4.036,      4.535
258             ,  345 30 05 ,   56 53 19,      9.855,      0.000,      0.000,       -2.067,        7.992,      5.383
259             ,  342 13 45 ,   57 32 01,      9.999,      0.000,      0.000,       -2.575,        8.034,      5.368
260             ,  340 33 25 ,   56 37 25,      9.771,      0.000,      0.000,       -2.716,        7.694,      5.375
261             ,  340 33 39 ,   54 02 23,      9.142,      0.000,      0.000,       -2.463,        6.978,      5.368
262             ,  338 21 05 ,   49 57 48,      8.349,      0.000,      0.000,       -2.358,        5.941,      5.371
263             ,  335 42 09 ,   50 31 50,      8.454,      0.000,      0.000,       -2.685,        5.948,      5.374
264             ,  338 32 00 ,   46 40 40,      7.840,      0.000,      0.000,       -2.087,        5.308,      5.379
265             ,  332 58 49 ,   47 21 31,      7.923,      0.000,      0.000,       -2.648,        5.192,      5.367
266             ,  330 02 27 ,   41 28 09,      7.165,      0.000,      0.000,       -2.369,        4.111,      5.369
267             ,  326 45 54 ,   42 09 56,      7.232,      0.000,      0.000,       -2.661,        4.061,      5.361
268             ,  326 26 04 ,   35 03 47,      6.581,      0.000,      0.000,       -2.090,        3.150,      5.387
269             ,  319 25 34 ,   37 48 26,      6.806,      0.000,      0.000,       -2.713,        3.169,      5.377
270             ,  312 26 02 ,   32 32 46,      6.384,      0.000,      0.000,       -2.535,        2.317,      5.381
271             ,  300 44 23 ,   27 11 05,      6.057,      0.000,      0.000,       -2.378,        1.414,      5.388
272             ,  297 53 32 ,   29 38 53,      6.191,      0.000,      0.000,       -2.707,        1.433,      5.381
273             ,  297 20 11 ,   23 47 18,      5.899,      0.000,      0.000,       -2.114,        1.093,      5.397
274             ,  291 04 39 ,   28 07 46,      6.099,      0.000,      0.000,       -2.683,        1.034,      5.378
275             ,  273 43 23 ,   25 30 05,      5.953,      0.000,      0.000,       -2.558,        0.166,      5.373
276             ,  258 07 43 ,   21 56 56,      5.810,      0.000,      0.000,       -2.125,       -0.447,      5.389
277             ,  253 35 29 ,   27 50 37,      6.076,      0.000,      0.000,       -2.722,       -0.802,      5.373
278             ,  236 56 37 ,   25 22 45,      5.958,      0.000,      0.000,       -2.140,       -1.393,      5.383
279             ,  241 23 56 ,   29 53 35,      6.194,      0.000,      0.000,       -2.710,       -1.478,      5.370
280             ,  227 29 17 ,   32 38 18,      6.384,      0.000,      0.000,       -2.538,       -2.327,      5.376
281             ,  210 39 16 ,   37 39 10,      6.814,      0.000,      0.000,       -2.122,       -3.581,      5.395
282             ,  216 15 41 ,   40 37 22,      7.074,      0.000,      0.000,       -2.724,       -3.714,      5.369
283             ,  348 36 30 ,   52 55 03,      9.258,      0.000,      0.000,       -1.459,        7.240,      5.582
284             ,  348 36 36 ,   50 25 10,      9.539,      0.000,      0.000,       -1.452,        7.207,      6.078
285             ,  348 51 28 ,   47 56 07,     10.071,      0.000,      0.000,       -1.445,        7.336,      6.747
286             ,  346 20 43 ,   47 40 36,      8.366,      0.000,      0.000,       -1.460,        6.010,      5.633
287             ,  346 21 00 ,   45 12 38,      8.673,      0.000,      0.000,       -1.453,        5.981,      6.110
288             ,  346 20 56 ,   42 40 11,      9.064,      0.000,      0.000,       -1.450,        5.970,      6.664
289             ,  341 27 09 ,   39 25 46,      7.276,      0.000,      0.000,       -1.470,        4.381,      5.620
290             ,  341 27 26 ,   36 18 20,      7.762,      0.000,      0.000,       -1.462,        4.357,      6.255
291             ,  341 27 23 ,   34 12 38,      8.155,      0.000,      0.000,       -1.458,        4.347,      6.744
292             ,  336 36 41 ,   33 15 19,      6.762,      0.000,      0.000,       -1.472,        3.403,      5.654
293             ,  336 36 47 ,   31 00 38,      7.146,      0.000,      0.000,       -1.461,        3.379,      6.124
294             ,  336 36 44 ,   28 38 07,      7.642,      0.000,      0.000,       -1.454,        3.361,      6.707
295             ,  323 59 06 ,   23 48 56,      6.207,      0.000,      0.000,       -1.474,        2.027,      5.679
296             ,  323 59 06 ,   21 59 08,      6.646,      0.000,      0.000,       -1.463,        2.013,      6.163
297             ,  323 59 11 ,   20 19 47,      7.175,      0.000,      0.000,       -1.466,        2.016,      6.728
298             ,  285 57 35 ,   15 01 35,      5.935,      0.000,      0.000,       -1.479,        0.423,      5.732
299             ,  285 57 31 ,   13 50 35,      6.395,      0.000,      0.000,       -1.471,        0.421,      6.209
300             ,  285 57 37 ,   12 43 51,      6.960,      0.000,      0.000,       -1.475,        0.422,      6.789
301             ,  237 08 09 ,   17 31 58,      5.888,      0.000,      0.000,       -1.490,       -0.963,      5.615
302             ,  237 08 04 ,   15 54 43,      6.440,      0.000,      0.000,       -1.483,       -0.958,      6.193
303             ,  237 07 59 ,   14 54 41,      6.839,      0.000,      0.000,       -1.478,       -0.955,      6.608
304             ,  215 53 03 ,   24 36 51,      6.147,      0.000,      0.000,       -1.501,       -2.074,      5.588
305             ,  215 53 00 ,   22 52 28,      6.568,      0.000,      0.000,       -1.496,       -2.069,      6.051
306             ,  215 52 53 ,   21 06 12,      7.105,      0.000,      0.000,       -1.499,       -2.073,      6.628
307             ,  200 34 12 ,   37 44 10,      7.049,      0.000,      0.000,       -1.516,       -4.039,      5.574
308             ,  199 19 02 ,   37 02 48,      7.580,      0.000,      0.000,       -1.511,       -4.310,      6.050
309             ,  199 40 02 ,   34 14 40,      7.981,      0.000,      0.000,       -1.511,       -4.229,      6.597
310             ,  199 23 10 ,   39 17 14,      7.207,      0.000,      0.000,       -1.515,       -4.305,      5.578
311             ,  214 18 07 ,   93 10 50,      4.491,      0.000,      0.000,       -2.527,       -3.704,     -0.249
312             ,  214 18 14 ,   82 31 11,      4.525,      0.000,      0.000,       -2.529,       -3.706,      0.589
313             ,  214 18 14 ,   69 34 36,      4.793,      0.000,      0.000,       -2.531,       -3.710,      1.672
314             ,  214 18 10 ,   60 00 14,      5.187,      0.000,      0.000,       -2.531,       -3.711,      2.593
315             ,  214 18 07 ,   47 04 06,      6.140,      0.000,      0.000,       -2.533,       -3.713,      4.182
316             ,  214 17 39 ,   41 17 20,      6.809,      0.000,      0.000,       -2.532,       -3.712,      5.116
317             ,  210 15 35 ,   41 20 29,      6.505,      0.000,      0.000,       -2.165,       -3.712,      4.884
318             ,  210 15 37 ,   56 25 42,      5.154,      0.000,      0.000,       -2.164,       -3.709,      2.850
319             ,  210 15 37 ,   66 37 21,      4.676,      0.000,      0.000,       -2.163,       -3.708,      1.855
320             ,  210 15 37 ,   78 03 39,      4.387,      0.000,      0.000,       -2.163,       -3.707,      0.908
321             ,  210 15 39 ,   90 11 43,      4.294,      0.000,      0.000,       -2.164,       -3.709,     -0.015
322             ,  210 15 41 ,  102 55 08,      4.411,      0.000,      0.000,       -2.167,       -3.713,     -0.986
323             ,  194 22 04 ,  107 12 00,      4.017,      0.000,      0.000,       -0.952,       -3.718,     -1.188
324             ,  194 22 11 ,   92 29 18,      3.841,      0.000,      0.000,       -0.952,       -3.718,     -0.167
325             ,  194 22 05 ,   77 47 22,      3.924,      0.000,      0.000,       -0.952,       -3.716,      0.830
326             ,  194 22 13 ,   63 55 10,      4.272,      0.000,      0.000,       -0.952,       -3.717,      1.878
327             ,  194 22 12 ,   50 50 03,      4.949,      0.000,      0.000,       -0.952,       -3.717,      3.126
328             ,  194 22 18 ,   39 17 28,      6.062,      0.000,      0.000,       -0.953,       -3.719,      4.692
329             ,  194 22 20 ,   35 05 51,      6.676,      0.000,      0.000,       -0.953,       -3.718,      5.462
330             ,  194 22 16 ,   29 44 38,      7.743,      0.000,      0.000,       -0.954,       -3.721,      6.723
331             ,  188 42 09 ,   29 45 26,      7.591,      0.000,      0.000,       -0.570,       -3.724,      6.590
332             ,  188 42 23 ,   35 34 25,      6.471,      0.000,      0.000,       -0.570,       -3.721,      5.264
333             ,  188 42 20 ,   49 59 13,      4.912,      0.000,      0.000,       -0.569,       -3.719,      3.158
334             ,  188 42 14 ,   62 56 46,      4.222,      0.000,      0.000,       -0.569,       -3.717,      1.920
335             ,  188 42 19 ,   77 27 34,      3.852,      0.000,      0.000,       -0.569,       -3.717,      0.836
336             ,  188 42 17 ,   90 28 08,      3.760,      0.000,      0.000,       -0.569,       -3.717,     -0.031
337             ,  188 42 18 ,  105 52 21,      3.911,      0.000,      0.000,       -0.569,       -3.718,     -1.070
338             ,  170 56 48 ,  108 33 38,      3.972,      0.000,      0.000,        0.593,       -3.719,     -1.264
339             ,  170 56 50 ,   92 12 24,      3.774,      0.000,      0.000,        0.593,       -3.725,     -0.145
340             ,  170 56 55 ,   80 07 58,      3.828,      0.000,      0.000,        0.593,       -3.724,      0.656
341             ,  170 56 54 ,   65 36 31,      4.142,      0.000,      0.000,        0.593,       -3.725,      1.710
342             ,  170 56 56 ,   54 53 00,      4.615,      0.000,      0.000,        0.594,       -3.728,      2.655
343             ,  170 56 57 ,   35 55 16,      6.442,      0.000,      0.000,        0.595,       -3.732,      5.217
344             ,  170 56 54 ,   29 33 43,      7.653,      0.000,      0.000,        0.594,       -3.729,      6.657
345             ,  164 23 30 ,  109 41 05,      4.100,      0.000,      0.000,        1.039,       -3.718,     -1.381
346             ,  164 23 46 ,   73 52 54,      4.021,      0.000,      0.000,        1.039,       -3.721,      1.116
347             ,  164 23 44 ,   50 55 11,      4.978,      0.000,      0.000,        1.040,       -3.722,      3.138
348             ,  164 35 37 ,   36 32 13,      6.494,      0.000,      0.000,        1.027,       -3.727,      5.218
349             ,  164 35 30 ,   29 41 31,      7.822,      0.000,      0.000,        1.029,       -3.735,      6.795
350             ,  149 23 23 ,  107 24 20,      4.539,      0.000,      0.000,        2.205,       -3.728,     -1.358
351             ,  149 23 23 ,   82 13 03,      4.376,      0.000,      0.000,        2.208,       -3.732,      0.593
352             ,  149 23 20 ,   63 48 27,      4.834,      0.000,      0.000,        2.209,       -3.733,      2.134
353             ,  149 23 18 ,   39 41 25,      6.810,      0.000,      0.000,        2.215,       -3.743,      5.240
354             ,  149 23 20 ,   32 53 40,      8.006,      0.000,      0.000,        2.214,       -3.742,      6.723
355             ,  146 03 42 ,  105 59 17,      4.678,      0.000,      0.000,        2.511,       -3.731,     -1.288
356             ,  146 03 44 ,   83 54 15,      4.528,      0.000,      0.000,        2.514,       -3.735,      0.481
357             ,  146 03 46 ,   67 08 34,      4.891,      0.000,      0.000,        2.516,       -3.739,      1.900
358             ,  145 03 37 ,   43 02 15,      6.695,      0.000,      0.000,        2.617,       -3.746,      4.894
359             ,  145 04 02 ,   34 48 37,      8.011,      0.000,      0.000,        2.619,       -3.749,      6.577
360             ,  143 00 12 ,   96 34 13,      5.608,      0.000,      0.000,        3.353,       -4.450,     -0.642
361             ,  143 00 13 ,   85 20 22,      5.593,      0.000,      0.000,        3.355,       -4.452,      0.454
362             ,  143 00 14 ,   73 26 50,      5.819,      0.000,      0.000,        3.357,       -4.455,      1.658
363             ,  143 00 13 ,   43 57 02,      8.061,      0.000,      0.000,        3.367,       -4.468,      5.803
364             ,  143 00 15 ,   39 38 55,      8.760,      0.000,      0.000,        3.363,       -4.464,      6.745
365             ,  157 59 53 ,  103 00 59,      4.909,      0.000,      0.000,        1.792,       -4.434,     -1.106
366             ,  158 00 07 ,   83 11 43,      4.818,      0.000,      0.000,        1.792,       -4.436,      0.571
367             ,  158 00 08 ,   60 43 11,      5.488,      0.000,      0.000,        1.793,       -4.438,      2.684
368             ,  158 00 08 ,   48 45 06,      6.369,      0.000,      0.000,        1.794,       -4.440,      4.199
369             ,  157 59 57 ,   37 26 47,      7.884,      0.000,      0.000,        1.796,       -4.445,      6.259
370             ,  158 00 04 ,   35 26 18,      8.272,      0.000,      0.000,        1.797,       -4.447,      6.739
371             ,  161 32 23 ,   34 53 20,      8.193,      0.000,      0.000,        1.484,       -4.445,      6.720
372             ,  161 32 25 ,   48 04 26,      6.287,      0.000,      0.000,        1.481,       -4.437,      4.201
373             ,  161 32 55 ,   61 45 44,      5.306,      0.000,      0.000,        1.479,       -4.434,      2.510
374             ,  161 32 55 ,   80 50 49,      4.730,      0.000,      0.000,        1.478,       -4.430,      0.752
375             ,  162 31 27 ,  106 06 23,      4.836,      0.000,      0.000,        1.395,       -4.432,     -1.342
376             ,  177 10 29 ,   96 41 13,      4.463,      0.000,      0.000,        0.218,       -4.428,     -0.520
377             ,  177 10 29 ,   74 34 49,      4.603,      0.000,      0.000,        0.219,       -4.432,      1.224
378             ,  177 10 30 ,   56 21 22,      5.332,      0.000,      0.000,        0.219,       -4.433,      2.954
379             ,  177 10 25 ,   45 33 05,      6.224,      0.000,      0.000,        0.219,       -4.438,      4.358
380             ,  177 10 18 ,   36 16 25,      7.507,      0.000,      0.000,        0.219,       -4.436,      6.052
381             ,  177 10 15 ,   33 22 18,      8.074,      0.000,      0.000,        0.219,       -4.436,      6.742
382             ,  182 11 48 ,   33 25 05,      8.064,      0.000,      0.000,       -0.170,       -4.438,      6.731
383             ,  182 11 50 ,   36 49 47,      7.404,      0.000,      0.000,       -0.170,       -4.435,      5.926
384             ,  182 11 46 ,   52 56 17,      5.555,      0.000,      0.000,       -0.170,       -4.429,      3.348
385             ,  182 11 42 ,   71 48 08,      4.660,      0.000,      0.000,       -0.170,       -4.424,      1.455
386             ,  182 11 43 ,   91 55 29,      4.431,      0.000,      0.000,       -0.170,       -4.425,     -0.149
387             ,  182 11 47 ,  106 42 01,      4.623,      0.000,      0.000,       -0.170,       -4.425,     -1.329
388             ,  196 57 42 ,  105 53 44,      4.814,      0.000,      0.000,       -1.351,       -4.429,     -1.318
389             ,  196 57 40 ,   87 34 19,      4.632,      0.000,      0.000,       -1.350,       -4.427,      0.196
390             ,  197 32 51 ,   72 58 14,      4.855,      0.000,      0.000,       -1.400,       -4.427,      1.422
391             ,  197 43 09 ,   57 28 49,      5.511,      0.000,      0.000,       -1.414,       -4.426,      2.963
392             ,  197 42 44 ,   39 43 45,      7.269,      0.000,      0.000,       -1.414,       -4.426,      5.590
393             ,  197 43 13 ,   34 57 21,      8.115,      0.000,      0.000,       -1.415,       -4.429,      6.651
394             ,  201 05 43 ,   51 02 13,      6.096,      0.000,      0.000,       -1.706,       -4.422,      3.833
395             ,  201 05 41 ,   62 35 14,      5.342,      0.000,      0.000,       -1.707,       -4.425,      2.460
396             ,  201 05 41 ,   80 52 26,      4.805,      0.000,      0.000,       -1.708,       -4.427,      0.762
397             ,  201 30 36 ,  105 39 46,      4.944,      0.000,      0.000,       -1.745,       -4.429,     -1.335
398             ,  141 16 57 ,   96 49 21,      5.571,      0.000,      0.000,        3.460,       -4.316,     -0.662
399             ,  141 17 01 ,   86 51 35,      5.536,      0.000,      0.000,        3.457,       -4.313,      0.303
400             ,  141 17 02 ,   75 47 30,      5.708,      0.000,      0.000,        3.461,       -4.318,      1.401
401             ,  141 16 54 ,   45 08 51,      7.822,      0.000,      0.000,        3.469,       -4.327,      5.517
402             ,  140 27 18 ,   38 42 08,      8.735,      0.000,      0.000,        3.477,       -4.212,      6.817
403             ,  138 24 15 ,  105 55 10,      4.879,      0.000,      0.000,        3.115,       -3.509,     -1.338
404             ,  138 24 15 ,   91 52 00,      4.695,      0.000,      0.000,        3.115,       -3.509,     -0.153
405             ,  138 24 03 ,   47 09 24,      6.415,      0.000,      0.000,        3.123,       -3.517,      4.362
406             ,  138 24 02 ,   38 29 57,      7.556,      0.000,      0.000,        3.123,       -3.517,      5.913
407             ,  138 24 11 ,   34 47 43,      8.260,      0.000,      0.000,        3.129,       -3.525,      6.783
408             ,  135 09 44 ,   33 26 25,      8.043,      0.000,      0.000,        3.125,       -3.143,      6.711
409             ,  135 10 06 ,   40 08 46,      6.869,      0.000,      0.000,        3.122,       -3.141,      5.251
410             ,  135 10 10 ,   49 16 21,      5.843,      0.000,      0.000,        3.122,       -3.140,      3.812
411             ,  135 10 06 ,   92 30 06,      4.425,      0.000,      0.000,        3.116,       -3.135,     -0.193
412             ,  135 10 03 ,  107 02 59,      4.629,      0.000,      0.000,        3.120,       -3.138,     -1.357
413             ,  119 27 44 ,   90 17 03,      3.585,      0.000,      0.000,        3.122,       -1.764,     -0.018
414             ,  120 31 57 ,   64 55 35,      3.997,      0.000,      0.000,        3.119,       -1.839,      1.694
415             ,  120 32 05 ,   48 26 29,      4.842,      0.000,      0.000,        3.121,       -1.841,      3.212
416             ,  120 32 01 ,   38 16 54,      5.847,      0.000,      0.000,        3.120,       -1.840,      4.589
417             ,  120 31 59 ,   28 08 34,      7.676,      0.000,      0.000,        3.119,       -1.839,      6.769
418             ,  116 18 54 ,   27 20 12,      7.591,      0.000,      0.000,        3.125,       -1.545,      6.743
419             ,  116 19 06 ,   34 21 54,      6.172,      0.000,      0.000,        3.123,       -1.545,      5.095
420             ,  116 19 08 ,   50 12 39,      4.531,      0.000,      0.000,        3.120,       -1.544,      2.899
421             ,  116 19 04 ,   69 23 43,      3.721,      0.000,      0.000,        3.122,       -1.544,      1.310
422             ,  116 19 09 ,   96 40 27,      3.507,      0.000,      0.000,        3.122,       -1.544,     -0.408
423             ,   94 08 01 ,  106 22 16,      3.270,      0.000,      0.000,        3.130,       -0.226,     -0.922
424             ,   96 27 12 ,   75 25 23,      3.253,      0.000,      0.000,        3.128,       -0.354,      0.819
425             ,   96 27 13 ,   53 22 43,      3.921,      0.000,      0.000,        3.127,       -0.354,      2.339
426             ,   96 27 15 ,   35 14 31,      5.449,      0.000,      0.000,        3.124,       -0.353,      4.450
427             ,   96 27 09 ,   24 59 49,      7.459,      0.000,      0.000,        3.132,       -0.354,      6.760
428             ,   88 13 49 ,   25 02 31,      7.405,      0.000,      0.000,        3.133,        0.097,      6.709
429             ,   88 14 03 ,   34 21 40,      5.553,      0.000,      0.000,        3.132,        0.097,      4.584
430             ,   88 14 08 ,   56 09 45,      3.774,      0.000,      0.000,        3.133,        0.097,      2.102
431             ,   88 14 19 ,   80 14 35,      3.180,      0.000,      0.000,        3.132,        0.096,      0.539
432             ,   88 33 36 ,  113 08 18,      3.399,      0.000,      0.000,        3.125,        0.079,     -1.336
433             ,   66 45 49 ,  111 02 13,      3.644,      0.000,      0.000,        3.125,        1.342,     -1.308
434             ,   67 30 49 ,   75 41 39,      3.495,      0.000,      0.000,        3.129,        1.295,      0.864
435             ,   67 30 53 ,   45 43 20,      4.734,      0.000,      0.000,        3.132,        1.296,      3.305
436             ,   67 30 51 ,   33 35 18,      6.131,      0.000,      0.000,        3.134,        1.297,      5.107
437             ,   67 30 48 ,   26 41 43,      7.558,      0.000,      0.000,        3.137,        1.299,      6.752
438             ,   61 48 54 ,   28 10 57,      7.548,      0.000,      0.000,        3.142,        1.684,      6.653
439             ,   61 48 50 ,   40 22 12,      5.495,      0.000,      0.000,        3.137,        1.681,      4.186
440             ,   61 48 51 ,   56 42 10,      4.254,      0.000,      0.000,        3.134,        1.679,      2.335
441             ,   61 48 52 ,   86 24 41,      3.558,      0.000,      0.000,        3.130,        1.677,      0.223
442             ,   61 48 53 ,  109 01 19,      3.755,      0.000,      0.000,        3.129,        1.677,     -1.224
443             ,   47 06 57 ,  107 27 46,      4.471,      0.000,      0.000,        3.125,        2.902,     -1.342
444             ,   47 07 14 ,   76 41 49,      4.386,      0.000,      0.000,        3.127,        2.904,      1.009
445             ,   47 07 13 ,   55 07 24,      5.213,      0.000,      0.000,        3.134,        2.910,      2.981
446             ,   47 07 13 ,   41 45 59,      6.426,      0.000,      0.000,        3.137,        2.913,      4.793
447             ,   47 07 20 ,   32 40 52,      7.936,      0.000,      0.000,        3.140,        2.916,      6.680
448             ,   44 02 41 ,   34 05 24,      8.050,      0.000,      0.000,        3.137,        3.243,      6.667
449             ,   44 02 39 ,   43 36 34,      6.532,      0.000,      0.000,        3.132,        3.239,      4.730
450             ,   44 02 37 ,   59 23 01,      5.229,      0.000,      0.000,        3.128,        3.235,      2.663
451             ,   44 02 37 ,   79 30 34,      4.570,      0.000,      0.000,        3.124,        3.230,      0.832
452             ,   44 02 40 ,  106 27 14,      4.684,      0.000,      0.000,        3.123,        3.229,     -1.327
453             ,   34 48 42 ,  103 39 34,      5.626,      0.000,      0.000,        3.121,        4.488,     -1.329
454             ,   34 48 59 ,   85 25 45,      5.488,      0.000,      0.000,        3.124,        4.491,      0.437
455             ,   34 48 59 ,   66 25 51,      5.982,      0.000,      0.000,        3.131,        4.502,      2.392
456             ,   34 48 59 ,   54 00 21,      6.784,      0.000,      0.000,        3.134,        4.506,      3.987
457             ,   34 49 00 ,   44 49 22,      7.791,      0.000,      0.000,        3.136,        4.509,      5.526
458             ,   34 49 03 ,   39 12 09,      8.708,      0.000,      0.000,        3.143,        4.519,      6.748
459             ,   32 54 18 ,   40 30 16,      8.916,      0.000,      0.000,        3.146,        4.862,      6.779
460             ,   32 54 29 ,   50 00 34,      7.537,      0.000,      0.000,        3.137,        4.848,      4.843
461             ,   32 54 32 ,   63 39 55,      6.434,      0.000,      0.000,        3.133,        4.841,      2.854
462             ,   32 54 37 ,   79 56 54,      5.846,      0.000,      0.000,        3.127,        4.832,      1.020
463             ,   32 54 39 ,  103 07 26,      5.892,      0.000,      0.000,        3.118,        4.817,     -1.338
464             ,   27 03 34 ,  100 35 40,      6.988,      0.000,      0.000,        3.125,        6.117,     -1.285
465             ,   27 03 52 ,   85 14 26,      6.902,      0.000,      0.000,        3.129,        6.125,      0.573
466             ,   27 03 55 ,   68 42 47,      7.404,      0.000,      0.000,        3.139,        6.144,      2.688
467             ,   27 03 54 ,   57 13 58,      8.208,      0.000,      0.000,        3.140,        6.146,      4.442
468             ,   27 04 01 ,   46 04 58,      9.610,      0.000,      0.000,        3.150,        6.164,      6.665
469             ,   25 52 25 ,   47 00 51,      9.848,      0.000,      0.000,        3.144,        6.482,      6.715
470             ,   25 52 23 ,   54 28 47,      8.856,      0.000,      0.000,        3.146,        6.486,      5.146
471             ,   25 52 25 ,   70 35 05,      7.626,      0.000,      0.000,        3.139,        6.471,      2.535
472             ,   25 52 22 ,   86 13 30,      7.186,      0.000,      0.000,        3.129,        6.451,      0.473
473             ,   25 52 20 ,   93 55 41,      7.185,      0.000,      0.000,        3.128,        6.450,     -0.492
474             ,   25 52 22 ,  100 49 26,      7.285,      0.000,      0.000,        3.122,        6.438,     -1.368
475             ,   25 18 37 ,   94 18 47,      8.186,      0.000,      0.000,        3.490,        7.379,     -0.616
476             ,   25 18 41 ,   80 30 12,      8.273,      0.000,      0.000,        3.488,        7.376,      1.365
477             ,   25 18 37 ,   68 47 34,      8.742,      0.000,      0.000,        3.484,        7.368,      3.162
478             ,   25 18 34 ,   57 53 38,      9.623,      0.000,      0.000,        3.485,        7.369,      5.115
479             ,   25 18 33 ,   50 25 46,     10.577,      0.000,      0.000,        3.485,        7.370,      6.738
480             ,   42 57 12 ,  102 00 55,      5.750,      0.000,      0.000,        3.832,        4.116,     -1.197
481             ,   42 54 28 ,   76 25 14,      5.792,      0.000,      0.000,        3.833,        4.124,      1.360
482             ,   42 53 38 ,   58 23 20,      6.624,      0.000,      0.000,        3.840,        4.133,      3.472
483             ,   42 52 38 ,   44 52 57,      8.001,      0.000,      0.000,        3.842,        4.138,      5.669
484             ,   42 53 01 ,   39 54 24,      8.814,      0.000,      0.000,        3.848,        4.143,      6.761
485             ,   57 18 26 ,   81 16 59,      4.607,      0.000,      0.000,        3.832,        2.460,      0.698
486             ,   57 18 29 ,   58 32 23,      5.350,      0.000,      0.000,        3.841,        2.465,      2.792
487             ,   57 18 24 ,   45 45 16,      6.380,      0.000,      0.000,        3.846,        2.469,      4.452
488             ,   57 18 19 ,   37 02 17,      7.595,      0.000,      0.000,        3.850,        2.471,      6.063
489             ,   57 18 24 ,   34 17 37,      8.118,      0.000,      0.000,        3.850,        2.471,      6.707
490             ,   59 50 03 ,   33 14 38,      8.111,      0.000,      0.000,        3.844,        2.234,      6.784
491             ,   59 49 51 ,   40 52 59,      6.786,      0.000,      0.000,        3.840,        2.232,      5.130
492             ,   60 22 40 ,   62 17 23,      4.988,      0.000,      0.000,        3.838,        2.183,      2.319
493             ,   60 22 36 ,   70 40 51,      4.675,      0.000,      0.000,        3.836,        2.181,      1.547
494             ,   60 28 37 ,   92 21 47,      4.400,      0.000,      0.000,        3.825,        2.166,     -0.181
495             ,   60 28 32 ,  106 58 35,      4.595,      0.000,      0.000,        3.824,        2.166,     -1.342
496             ,   78 06 11 ,   92 54 55,      3.917,      0.000,      0.000,        3.828,        0.807,     -0.199
497             ,   78 06 09 ,   64 34 59,      4.336,      0.000,      0.000,        3.832,        0.807,      1.861
498             ,   78 04 02 ,   43 54 11,      5.648,      0.000,      0.000,        3.832,        0.810,      4.070
499             ,   78 04 08 ,   34 55 34,      6.858,      0.000,      0.000,        3.841,        0.812,      5.623
500             ,   78 04 27 ,   30 20 25,      7.781,      0.000,      0.000,        3.845,        0.812,      6.715
501             ,   82 58 40 ,   30 08 23,      7.720,      0.000,      0.000,        3.847,        0.474,      6.676
502             ,   82 58 39 ,   38 41 57,      6.193,      0.000,      0.000,        3.843,        0.473,      4.834
503             ,   82 58 37 ,   59 27 06,      4.491,      0.000,      0.000,        3.838,        0.473,      2.282
504             ,   82 58 38 ,   82 03 05,      3.901,      0.000,      0.000,        3.835,        0.472,      0.539
505             ,   82 58 35 ,  109 07 55,      4.084,      0.000,      0.000,        3.829,        0.472,     -1.339
506             ,  101 20 09 ,   94 58 03,      3.936,      0.000,      0.000,        3.845,       -0.771,     -0.341
507             ,  101 20 19 ,   67 09 39,      4.247,      0.000,      0.000,        3.837,       -0.769,      1.648
508             ,  101 20 20 ,   46 44 27,      5.370,      0.000,      0.000,        3.834,       -0.769,      3.680
509             ,  101 20 18 ,   34 58 47,      6.817,      0.000,      0.000,        3.832,       -0.768,      5.586
510             ,  101 20 22 ,   30 24 15,      7.718,      0.000,      0.000,        3.830,       -0.768,      6.656
511             ,  106 40 45 ,   30 53 07,      7.803,      0.000,      0.000,        3.837,       -1.150,      6.697
512             ,  106 40 37 ,   41 30 58,      6.040,      0.000,      0.000,        3.835,       -1.149,      4.523
513             ,  106 40 33 ,   60 21 28,      4.606,      0.000,      0.000,        3.835,       -1.149,      2.278
514             ,  106 40 31 ,   83 15 52,      4.033,      0.000,      0.000,        3.837,       -1.149,      0.473
515             ,  106 40 37 ,  107 53 17,      4.205,      0.000,      0.000,        3.834,       -1.149,     -1.292
516             ,  123 06 27 ,   81 10 12,      4.617,      0.000,      0.000,        3.821,       -2.492,      0.709
517             ,  123 06 11 ,   61 04 21,      5.214,      0.000,      0.000,        3.822,       -2.492,      2.522
518             ,  123 05 36 ,   45 49 19,      6.367,      0.000,      0.000,        3.826,       -2.493,      4.437
519             ,  123 11 35 ,   37 11 06,      7.556,      0.000,      0.000,        3.822,       -2.500,      6.020
520             ,  123 36 07 ,   34 06 36,      8.176,      0.000,      0.000,        3.819,       -2.537,      6.769
521             ,  353 20 38 ,   49 44 04,     10.626,      0.000,      0.000,       -0.940,        8.053,      6.868
522             ,    4 57 53 ,   49 42 36,     10.615,      0.000,      0.000,        0.701,        8.067,      6.864
523             ,   18 05 46 ,   50 53 49,     10.879,      0.000,      0.000,        2.622,        8.024,      6.861
524             ,   24 55 36 ,   49 21 22,     10.527,      0.000,      0.000,        3.367,        7.244,      6.857
525             ,   16 06 58 ,   42 48 03,      9.350,      0.000,      0.000,        1.764,        6.103,      6.860
526             ,  347 26 00 ,   41 20 20,      9.139,      0.000,      0.000,       -1.313,        5.892,      6.861
527             ,  340 33 56 ,   28 23 15,      7.798,      0.000,      0.000,       -1.234,        3.496,      6.861
528             ,   19 07 40 ,   28 12 41,      7.796,      0.000,      0.000,        1.208,        3.482,      6.870
529             ,   41 43 31 ,   38 34 05,      8.779,      0.000,      0.000,        3.643,        4.085,      6.864
530             ,   58 11 23 ,   32 05 01,      8.104,      0.000,      0.000,        3.658,        2.269,      6.866
531             ,   40 07 23 ,   18 20 46,      7.250,      0.000,      0.000,        1.471,        1.745,      6.882
532             ,  314 52 43 ,   15 09 19,      7.108,      0.000,      0.000,       -1.317,        1.311,      6.860
533             ,  239 14 34 ,   12 44 58,      7.045,      0.000,      0.000,       -1.336,       -0.795,      6.872
534             ,  164 39 12 ,    7 12 27,      6.924,      0.000,      0.000,        0.230,       -0.838,      6.869
535             ,  112 50 19 ,   17 12 44,      7.192,      0.000,      0.000,        1.961,       -0.826,      6.870
536             ,  103 47 39 ,   29 14 53,      7.870,      0.000,      0.000,        3.734,       -0.917,      6.867
537             ,  128 30 12 ,   33 16 49,      8.222,      0.000,      0.000,        3.531,       -2.809,      6.874
538             ,  140 11 16 ,   29 55 40,      7.923,      0.000,      0.000,        2.531,       -3.036,      6.866
539             ,  174 25 24 ,   24 59 29,      7.579,      0.000,      0.000,        0.311,       -3.187,      6.870
540             ,  202 17 52 ,   28 00 48,      7.784,      0.000,      0.000,       -1.387,       -3.383,      6.872
541             ,  197 55 36 ,   32 53 22,      8.189,      0.000,      0.000,       -1.369,       -4.231,      6.876
542             ,  178 11 58 ,   32 06 11,      8.117,      0.000,      0.000,        0.136,       -4.312,      6.876
543             ,  158 35 43 ,   33 33 50,      8.250,      0.000,      0.000,        1.665,       -4.247,      6.875
544             ,  142 19 03 ,   37 29 41,      8.664,      0.000,      0.000,        3.224,       -4.174,      6.874
545             ,  342 25 06 ,   99 55 50,      8.398,      0.000,      0.000,       -2.499,        7.886,     -1.448
546             ,  353 19 34 ,  100 14 31,      8.147,      0.000,      0.000,       -0.932,        7.963,     -1.449
547             ,    5 46 03 ,  101 31 27,      7.260,      0.000,      0.000,        0.715,        7.078,     -1.450
548             ,   21 32 31 ,  100 40 54,      7.839,      0.000,      0.000,        2.828,        7.165,     -1.453
549             ,   24 51 26 ,  100 41 01,      7.853,      0.000,      0.000,        3.244,        7.002,     -1.456
550             ,   31 33 46 ,  102 29 25,      6.736,      0.000,      0.000,        3.443,        5.604,     -1.457
551             ,   24 04 14 ,  103 18 25,      6.315,      0.000,      0.000,        2.507,        5.611,     -1.454
552             ,   13 22 00 ,  103 18 36,      6.322,      0.000,      0.000,        1.422,        5.985,     -1.455
553             ,    0 39 32 ,  103 18 39,      6.299,      0.000,      0.000,        0.071,        6.129,     -1.450
554             ,  347 34 08 ,  102 23 51,      6.757,      0.000,      0.000,       -1.421,        6.445,     -1.451
555             ,  336 36 06 ,  102 03 49,      6.905,      0.000,      0.000,       -2.681,        6.197,     -1.443
556             ,  329 26 04 ,  105 19 25,      5.478,      0.000,      0.000,       -2.687,        4.549,     -1.448
557             ,  343 07 01 ,  107 16 46,      4.885,      0.000,      0.000,       -1.355,        4.464,     -1.451
558             ,  359 26 26 ,  107 55 31,      4.733,      0.000,      0.000,       -0.044,        4.503,     -1.457
559             ,   18 00 02 ,  106 31 46,      5.130,      0.000,      0.000,        1.520,        4.677,     -1.460
560             ,   41 32 32 ,  104 52 45,      5.667,      0.000,      0.000,        3.632,        4.099,     -1.455
561             ,   55 12 56 ,  108 57 17,      4.479,      0.000,      0.000,        3.479,        2.417,     -1.455
562             ,   35 32 53 ,  111 14 20,      4.017,      0.000,      0.000,        2.177,        3.047,     -1.455
563             ,   16 39 21 ,  116 10 15,      3.306,      0.000,      0.000,        0.850,        2.842,     -1.458
564             ,  357 49 04 ,  115 03 53,      3.438,      0.000,      0.000,       -0.119,        3.112,     -1.456
565             ,  336 47 19 ,  113 12 12,      3.677,      0.000,      0.000,       -1.332,        3.106,     -1.449
566             ,  320 00 42 ,  109 11 10,      4.403,      0.000,      0.000,       -2.672,        3.186,     -1.447
567             ,  305 34 56 ,  113 58 36,      3.543,      0.000,      0.000,       -2.633,        1.884,     -1.440
568             ,  327 14 20 ,  123 30 50,      2.631,      0.000,      0.000,       -1.187,        1.845,     -1.453
569             ,    0 10 39 ,  128 24 30,      2.338,      0.000,      0.000,        0.006,        1.832,     -1.452
570             ,   37 01 54 ,  124 42 46,      2.563,      0.000,      0.000,        1.269,        1.682,     -1.460
571             ,   55 11 07 ,  119 41 57,      2.937,      0.000,      0.000,        2.094,        1.456,     -1.455
572             ,   81 10 32 ,  111 19 26,      4.006,      0.000,      0.000,        3.688,        0.572,     -1.457
573             ,   81 10 29 ,  123 01 45,      2.664,      0.000,      0.000,        2.207,        0.343,     -1.452
574             ,   36 35 14 ,  147 23 13,      1.728,      0.000,      0.000,        0.555,        0.748,     -1.455
575             ,  300 15 21 ,  138 30 29,      1.938,      0.000,      0.000,       -1.109,        0.647,     -1.452
576             ,  280 58 14 ,  118 07 40,      3.076,      0.000,      0.000,       -2.663,        0.516,     -1.450
577             ,  250 09 42 ,  118 14 34,      3.060,      0.000,      0.000,       -2.536,       -0.915,     -1.448
578             ,  220 10 16 ,  135 28 28,      2.032,      0.000,      0.000,       -0.919,       -1.089,     -1.448
579             ,  176 34 11 ,  138 18 54,      1.950,      0.000,      0.000,        0.078,       -1.294,     -1.456
580             ,  136 22 12 ,  128 39 05,      2.336,      0.000,      0.000,        1.259,       -1.320,     -1.459
581             ,  124 45 30 ,  116 45 23,      3.221,      0.000,      0.000,        2.363,       -1.640,     -1.450
582             ,  107 01 17 ,  109 57 50,      4.242,      0.000,      0.000,        3.813,       -1.167,     -1.449
583             ,  126 42 56 ,  108 32 00,      4.563,      0.000,      0.000,        3.468,       -2.586,     -1.450
584             ,  138 37 18 ,  112 23 57,      3.800,      0.000,      0.000,        2.323,       -2.637,     -1.448
585             ,  156 37 13 ,  117 45 54,      3.119,      0.000,      0.000,        1.095,       -2.533,     -1.453
586             ,  191 01 31 ,  117 47 48,      3.107,      0.000,      0.000,       -0.526,       -2.697,     -1.449
587             ,  207 06 51 ,  115 10 31,      3.394,      0.000,      0.000,       -1.400,       -2.734,     -1.444
588             ,  215 32 34 ,  112 02 35,      3.845,      0.000,      0.000,       -2.072,       -2.900,     -1.443
589             ,  203 35 39 ,  107 57 29,      4.679,      0.000,      0.000,       -1.782,       -4.079,     -1.443
590             ,  193 34 36 ,  111 27 11,      3.959,      0.000,      0.000,       -0.865,       -3.581,     -1.448
591             ,  182 20 51 ,  110 20 05,      4.178,      0.000,      0.000,       -0.160,       -3.914,     -1.452
592             ,  160 57 01 ,  110 26 55,      4.188,      0.000,      0.000,        1.281,       -3.709,     -1.463
593             ,  148 09 40 ,  108 40 18,      4.556,      0.000,      0.000,        2.277,       -3.667,     -1.459
594             ,  141 22 25 ,  106 33 17,      5.097,      0.000,      0.000,        3.050,       -3.817,     -1.452
595             ,  358 55 22 ,   89 46 50,      7.455,      0.000,      0.000,       -0.140,        7.453,      0.029
596             ,    7 10 12 ,  131 06 57,      2.194,      0.000,      0.000,        0.206,        1.640,     -1.443
