Point ID     ,  Hz.(º ' "),  V.(º ' "),Slope Dist.(m),Refl.Ht.(m),Inst.Ht.(m),Easting(m),  Northing(m),  Height(m)
 7777            ,    0 00 03 ,   88 19 34,          0,      0.000,      1.400,            0,            0,          0
2   ,  236 06 23 ,  119 35 54,      2.876,      0.000,      0.000,  -0.80588,	  -6.66086,	   0.06892
3   ,  236 06 23 ,  119 35 54,      2.876,      0.000,      0.000,   2.97634,	  -6.50919,	  -0.03267
4   ,  236 06 23 ,  119 35 54,      2.876,      0.000,      0.000,   2.38117,	   8.03836,	  -0.06068
5   ,  236 06 23 ,  119 35 54,      2.876,      0.000,      0.000,   1.37837,	   8.00749,	  -0.03378
6   ,  236 06 23 ,  119 35 54,      2.876,      0.000,      0.000,   1.36422,	   9.01991,	  -0.03645
7   ,  236 06 23 ,  119 35 54,      2.876,      0.000,      0.000,  -4.04750,	   8.78800,	   0.10895
8   ,  236 06 23 ,  119 35 54,      2.876,      0.000,      0.000,  -3.62726,	  -0.88191,	   0.12692
9   ,  236 06 23 ,  119 35 54,      2.876,      0.000,      0.000,  -3.30099,	  -4.35491,	   0.12868
10   ,  236 06 23 ,  119 35 54,      2.876,      0.000,      0.000,  -0.90648,	  -4.25424,	   0.06435
11   ,  236 06 23 ,  119 35 54,      2.876,      0.000,      0.000,  -0.80588,	  -6.66086,	   0.06892
12   ,  236 06 23 ,  119 35 54,      2.876,      0.000,      0.000,   2.97634,	  -6.50919,	  -0.03267
13   ,  236 06 23 ,  119 35 54,      2.876,      0.000,      0.000,  -0.80588,	  -6.66086,	   0.06892
14   ,  236 06 23 ,  119 35 54,      2.876,      0.000,      0.000,  -0.68899,	  -6.65607,	   4.82723
15   ,  236 06 23 ,  119 35 54,      2.876,      0.000,      0.000,   3.10274,	  -6.50403,	   4.79843
16   ,  236 06 23 ,  119 35 54,      2.876,      0.000,      0.000,   2.97634,	  -6.50919,	  -0.03267
17   ,  236 06 23 ,  119 35 54,      2.876,      0.000,      0.000,  -0.90648,	  -4.25424,	   0.06435
18   ,  236 06 23 ,  119 35 54,      2.876,      0.000,      0.000,  -3.30099,	  -4.35491,	   0.12868
19   ,  236 06 23 ,  119 35 54,      2.876,      0.000,      0.000,  -3.44656,	  -4.36563,	   1.91421
20   ,  236 06 23 ,  119 35 54,      2.876,      0.000,      0.000,  -3.38214,	  -4.37049,	   4.84268
21   ,  236 06 23 ,  119 35 54,      2.876,      0.000,      0.000,  -0.78908,	  -4.26160,	   4.82297
22   ,  236 06 23 ,  119 35 54,      2.876,      0.000,      0.000,  -0.90648,	  -4.25424,	   0.06435
23   ,  236 06 23 ,  119 35 54,      2.876,      0.000,      0.000,   2.97634,	  -6.50919,	  -0.03267
24   ,  236 06 23 ,  119 35 54,      2.876,      0.000,      0.000,   2.38117,	   8.03836,	  -0.06068
25   ,  236 06 23 ,  119 35 54,      2.876,      0.000,      0.000,   2.50650,	   8.07098,	   4.77245
26   ,  236 06 23 ,  119 35 54,      2.876,      0.000,      0.000,   3.10274,	  -6.50403,	   4.79843
27   ,  236 06 23 ,  119 35 54,      2.876,      0.000,      0.000,   2.97634,	  -6.50919,	  -0.03267
28   ,  236 06 23 ,  119 35 54,      2.876,      0.000,      0.000,   1.36422,	   9.01991,	  -0.03645
29   ,  236 06 23 ,  119 35 54,      2.876,      0.000,      0.000,   1.37837,	   8.00749,	  -0.03378
30   ,  236 06 23 ,  119 35 54,      2.876,      0.000,      0.000,   1.51114,	   8.04022,	   4.77999
31   ,  236 06 23 ,  119 35 54,      2.876,      0.000,      0.000,   1.49725,	   9.03598,	   4.77801
32   ,  236 06 23 ,  119 35 54,      2.876,      0.000,      0.000,   1.36422,	   9.01991,	  -0.03645
33   ,  236 06 23 ,  119 35 54,      2.876,      0.000,      0.000,   1.36422,	   9.01991,	  -0.03645
34   ,  236 06 23 ,  119 35 54,      2.876,      0.000,      0.000,  -4.04750,	   8.78800,	   0.10895
35   ,  236 06 23 ,  119 35 54,      2.876,      0.000,      0.000,  -3.93156,	   8.80310,	   4.81927
36   ,  236 06 23 ,  119 35 54,      2.876,      0.000,      0.000,   1.49725,	   9.03598,	   4.77801
37   ,  236 06 23 ,  119 35 54,      2.876,      0.000,      0.000,   1.36422,	   9.01991,	  -0.03645
38   ,  236 06 23 ,  119 35 54,      2.876,      0.000,      0.000,   2.38117,	   8.03836,	  -0.06068
39   ,  236 06 23 ,  119 35 54,      2.876,      0.000,      0.000,   1.37837,	   8.00749,	  -0.03378
40   ,  236 06 23 ,  119 35 54,      2.876,      0.000,      0.000,   1.51114,	   8.04022,	   4.77999
41   ,  236 06 23 ,  119 35 54,      2.876,      0.000,      0.000,   2.50650,	   8.07098,	   4.77245
42   ,  236 06 23 ,  119 35 54,      2.876,      0.000,      0.000,   2.38117,	   8.03836,	  -0.06068
43   ,  236 06 23 ,  119 35 54,      2.876,      0.000,      0.000,  -0.68899,	  -6.65607,	   4.82723
44   ,  236 06 23 ,  119 35 54,      2.876,      0.000,      0.000,   3.10274,	  -6.50403,	   4.79843
45   ,  236 06 23 ,  119 35 54,      2.876,      0.000,      0.000,   2.50650,	   8.07098,	   4.77245
46   ,  236 06 23 ,  119 35 54,      2.876,      0.000,      0.000,   1.51114,	   8.04022,	   4.77999
47   ,  236 06 23 ,  119 35 54,      2.876,      0.000,      0.000,   1.49725,	   9.03598,	   4.77801
48   ,  236 06 23 ,  119 35 54,      2.876,      0.000,      0.000,  -3.93156,	   8.80310,	   4.81927
49   ,  236 06 23 ,  119 35 54,      2.876,      0.000,      0.000,  -3.46562,	  -1.91906,	   4.83818
50   ,  236 06 23 ,  119 35 54,      2.876,      0.000,      0.000,  -3.38214,	  -4.37049,	   4.84268
51   ,  236 06 23 ,  119 35 54,      2.876,      0.000,      0.000,  -0.78908,	  -4.26160,	   4.82297
52   ,  236 06 23 ,  119 35 54,      2.876,      0.000,      0.000,  -0.68899,	  -6.65607,	   4.82723
53   ,  236 06 23 ,  119 35 54,      2.876,      0.000,      0.000,  -3.62726,	  -0.88191,	   0.12692
54   ,  236 06 23 ,  119 35 54,      2.876,      0.000,      0.000,  -4.04750,	   8.78800,	   0.10895
55   ,  236 06 23 ,  119 35 54,      2.876,      0.000,      0.000,  -3.93156,	   8.80310,	   4.81927
56   ,  236 06 23 ,  119 35 54,      2.876,      0.000,      0.000,  -3.46562,	  -1.91906,	   4.83818
57   ,  236 06 23 ,  119 35 54,      2.876,      0.000,      0.000,  -3.50912,	  -3.02489,	   1.14127
58   ,  236 06 23 ,  119 35 54,      2.876,      0.000,      0.000,  -3.62726,	  -0.88191,	   0.12692
59   ,  236 06 23 ,  119 35 54,      2.876,      0.000,      0.000,  -3.30099,	  -4.35491,	   0.12868
60   ,  236 06 23 ,  119 35 54,      2.876,      0.000,      0.000,  -3.62726,	  -0.88191,	   0.12692
61   ,  236 06 23 ,  119 35 54,      2.876,      0.000,      0.000,  -3.50912,	  -3.02489,	   1.14127
62   ,  236 06 23 ,  119 35 54,      2.876,      0.000,      0.000,  -3.44656,	  -4.36563,	   1.91421
63   ,  236 06 23 ,  119 35 54,      2.876,      0.000,      0.000,  -3.30099,	  -4.35491,	   0.12868
64   ,  236 06 23 ,  119 35 54,      2.876,      0.000,      0.000,  -3.44656,	  -4.36563,	   1.91421
65   ,  236 06 23 ,  119 35 54,      2.876,      0.000,      0.000,  -3.50912,	  -3.02489,	   1.14127
66   ,  236 06 23 ,  119 35 54,      2.876,      0.000,      0.000,  -3.46562,	  -1.91906,	   4.83818
67   ,  236 06 23 ,  119 35 54,      2.876,      0.000,      0.000,  -3.38214,	  -4.37049,	   4.84268
68   ,  236 06 23 ,  119 35 54,      2.876,      0.000,      0.000,  -3.44656,	  -4.36563,	   1.91421
69   ,  236 06 23 ,  119 35 54,      2.876,      0.000,      0.000,  -0.80588,	  -6.66086,	   0.06892
70   ,  236 06 23 ,  119 35 54,      2.876,      0.000,      0.000,  -0.90648,	  -4.25424,	   0.06435
71   ,  236 06 23 ,  119 35 54,      2.876,      0.000,      0.000,  -0.78908,	  -4.26160,	   4.82297
72   ,  236 06 23 ,  119 35 54,      2.876,      0.000,      0.000,  -0.68899,	  -6.65607,	   4.82723
73   ,  236 06 23 ,  119 35 54,      2.876,      0.000,      0.000,  -0.80588,	  -6.66086,	   0.06892
