Point ID     ,  Hz.(º ' "),  V.(º ' "),Slope Dist.(m),Refl.Ht.(m),Inst.Ht.(m),Easting(m),  Northing(m),  Height(m)
 7777            ,    0 00 03 ,   88 19 34,          0,      0.000,      1.400,            0,            0,          0
2   ,  236 06 23 ,  119 35 54,      2.876,      0.000,      0.000,  -0.80637,	  -6.66088,	   0.05309
3   ,  236 06 23 ,  119 35 54,      2.876,      0.000,      0.000,   2.97720,	  -6.50916,	   0.05062
4   ,  236 06 23 ,  119 35 54,      2.876,      0.000,      0.000,   2.38277,	   8.03843,	   0.02260
5   ,  236 06 23 ,  119 35 54,      2.876,      0.000,      0.000,   1.37961,	   8.00754,	   0.02324
6   ,  236 06 23 ,  119 35 54,      2.876,      0.000,      0.000,   1.36552,	   9.01997,	   0.02127
7   ,  236 06 23 ,  119 35 54,      2.876,      0.000,      0.000,  -4.04815,	   8.78797,	   0.02484
8   ,  236 06 23 ,  119 35 54,      2.876,      0.000,      0.000,  -3.62839,	  -0.88195,	   0.04345
9   ,  236 06 23 ,  119 35 54,      2.876,      0.000,      0.000,  -3.30223,	  -4.35496,	   0.05003
10   ,  236 06 23 ,  119 35 54,      2.876,      0.000,      0.000,  -0.90686,	  -4.25426,	   0.04846
11   ,  236 06 23 ,  119 35 54,      2.876,      0.000,      0.000,  -0.80637,	  -6.66088,	   0.05309
12   ,  236 06 23 ,  119 35 54,      2.876,      0.000,      0.000,   2.97720,	  -6.50916,	   0.05062
13   ,  236 06 23 ,  119 35 54,      2.876,      0.000,      0.000,  -0.80637,	  -6.66088,	   0.05309
14   ,  236 06 23 ,  119 35 54,      2.876,      0.000,      0.000,  -0.81398,	  -6.66118,	   4.81283
15   ,  236 06 23 ,  119 35 54,      2.876,      0.000,      0.000,   2.97720,	  -6.50916,	   4.88338
16   ,  236 06 23 ,  119 35 54,      2.876,      0.000,      0.000,   2.97720,	  -6.50916,	   0.05062
17   ,  236 06 23 ,  119 35 54,      2.876,      0.000,      0.000,  -0.90686,	  -4.25426,	   0.04846
18   ,  236 06 23 ,  119 35 54,      2.876,      0.000,      0.000,  -3.30223,	  -4.35496,	   0.05003
19   ,  236 06 23 ,  119 35 54,      2.876,      0.000,      0.000,  -3.49445,	  -4.36758,	   1.83113
20   ,  236 06 23 ,  119 35 54,      2.876,      0.000,      0.000,  -3.50665,	  -4.37557,	   4.76027
21   ,  236 06 23 ,  119 35 54,      2.876,      0.000,      0.000,  -0.91395,	  -4.26670,	   4.80852
22   ,  236 06 23 ,  119 35 54,      2.876,      0.000,      0.000,  -0.90686,	  -4.25426,	   0.04846
23   ,  236 06 23 ,  119 35 54,      2.876,      0.000,      0.000,   2.97720,	  -6.50916,	   0.05062
24   ,  236 06 23 ,  119 35 54,      2.876,      0.000,      0.000,   2.38277,	   8.03843,	   0.02260
25   ,  236 06 23 ,  119 35 54,      2.876,      0.000,      0.000,   2.38164,	   8.06588,	   4.85738
26   ,  236 06 23 ,  119 35 54,      2.876,      0.000,      0.000,   2.97720,	  -6.50916,	   4.88338
27   ,  236 06 23 ,  119 35 54,      2.876,      0.000,      0.000,   2.97720,	  -6.50916,	   0.05062
28   ,  236 06 23 ,  119 35 54,      2.876,      0.000,      0.000,   1.36552,	   9.01997,	   0.02127
29   ,  236 06 23 ,  119 35 54,      2.876,      0.000,      0.000,   1.37961,	   8.00754,	   0.02324
30   ,  236 06 23 ,  119 35 54,      2.876,      0.000,      0.000,   1.38643,	   8.03513,	   4.83886
31   ,  236 06 23 ,  119 35 54,      2.876,      0.000,      0.000,   1.37257,	   9.03088,	   4.83758
32   ,  236 06 23 ,  119 35 54,      2.876,      0.000,      0.000,   1.36552,	   9.01997,	   0.02127
33   ,  236 06 23 ,  119 35 54,      2.876,      0.000,      0.000,   1.36552,	   9.01997,	   0.02127
34   ,  236 06 23 ,  119 35 54,      2.876,      0.000,      0.000,  -4.04815,	   8.78797,	   0.02484
35   ,  236 06 23 ,  119 35 54,      2.876,      0.000,      0.000,  -4.05545,	   8.79804,	   4.73658
36   ,  236 06 23 ,  119 35 54,      2.876,      0.000,      0.000,   1.37257,	   9.03088,	   4.83758
37   ,  236 06 23 ,  119 35 54,      2.876,      0.000,      0.000,   1.36552,	   9.01997,	   0.02127
38   ,  236 06 23 ,  119 35 54,      2.876,      0.000,      0.000,   2.38277,	   8.03843,	   0.02260
39   ,  236 06 23 ,  119 35 54,      2.876,      0.000,      0.000,   1.37961,	   8.00754,	   0.02324
40   ,  236 06 23 ,  119 35 54,      2.876,      0.000,      0.000,   1.38643,	   8.03513,	   4.83886
41   ,  236 06 23 ,  119 35 54,      2.876,      0.000,      0.000,   2.38164,	   8.06588,	   4.85738
42   ,  236 06 23 ,  119 35 54,      2.876,      0.000,      0.000,   2.38277,	   8.03843,	   0.02260
43   ,  236 06 23 ,  119 35 54,      2.876,      0.000,      0.000,  -0.81398,	  -6.66118,	   4.81283
44   ,  236 06 23 ,  119 35 54,      2.876,      0.000,      0.000,   2.97720,	  -6.50916,	   4.88338
45   ,  236 06 23 ,  119 35 54,      2.876,      0.000,      0.000,   2.38164,	   8.06588,	   4.85738
46   ,  236 06 23 ,  119 35 54,      2.876,      0.000,      0.000,   1.38643,	   8.03513,	   4.83886
47   ,  236 06 23 ,  119 35 54,      2.876,      0.000,      0.000,   1.37257,	   9.03088,	   4.83758
48   ,  236 06 23 ,  119 35 54,      2.876,      0.000,      0.000,  -4.05545,	   8.79804,	   4.73658
49   ,  236 06 23 ,  119 35 54,      2.876,      0.000,      0.000,  -3.59001,	  -1.92415,	   4.75622
50   ,  236 06 23 ,  119 35 54,      2.876,      0.000,      0.000,  -3.50665,	  -4.37557,	   4.76027
51   ,  236 06 23 ,  119 35 54,      2.876,      0.000,      0.000,  -0.91395,	  -4.26670,	   4.80852
52   ,  236 06 23 ,  119 35 54,      2.876,      0.000,      0.000,  -0.81398,	  -6.66118,	   4.81283
53   ,  236 06 23 ,  119 35 54,      2.876,      0.000,      0.000,  -3.62839,	  -0.88195,	   0.04345
54   ,  236 06 23 ,  119 35 54,      2.876,      0.000,      0.000,  -4.04815,	   8.78797,	   0.02484
55   ,  236 06 23 ,  119 35 54,      2.876,      0.000,      0.000,  -4.05545,	   8.79804,	   4.73658
56   ,  236 06 23 ,  119 35 54,      2.876,      0.000,      0.000,  -3.59001,	  -1.92415,	   4.75622
57   ,  236 06 23 ,  119 35 54,      2.876,      0.000,      0.000,  -3.53679,	  -3.02602,	   1.05825
58   ,  236 06 23 ,  119 35 54,      2.876,      0.000,      0.000,  -3.62839,	  -0.88195,	   0.04345
59   ,  236 06 23 ,  119 35 54,      2.876,      0.000,      0.000,  -3.30223,	  -4.35496,	   0.05003
60   ,  236 06 23 ,  119 35 54,      2.876,      0.000,      0.000,  -3.62839,	  -0.88195,	   0.04345
61   ,  236 06 23 ,  119 35 54,      2.876,      0.000,      0.000,  -3.53679,	  -3.02602,	   1.05825
62   ,  236 06 23 ,  119 35 54,      2.876,      0.000,      0.000,  -3.49445,	  -4.36758,	   1.83113
63   ,  236 06 23 ,  119 35 54,      2.876,      0.000,      0.000,  -3.30223,	  -4.35496,	   0.05003
64   ,  236 06 23 ,  119 35 54,      2.876,      0.000,      0.000,  -3.49445,	  -4.36758,	   1.83113
65   ,  236 06 23 ,  119 35 54,      2.876,      0.000,      0.000,  -3.53679,	  -3.02602,	   1.05825
66   ,  236 06 23 ,  119 35 54,      2.876,      0.000,      0.000,  -3.59001,	  -1.92415,	   4.75622
67   ,  236 06 23 ,  119 35 54,      2.876,      0.000,      0.000,  -3.50665,	  -4.37557,	   4.76027
68   ,  236 06 23 ,  119 35 54,      2.876,      0.000,      0.000,  -3.49445,	  -4.36758,	   1.83113
69   ,  236 06 23 ,  119 35 54,      2.876,      0.000,      0.000,  -0.80637,	  -6.66088,	   0.05309
70   ,  236 06 23 ,  119 35 54,      2.876,      0.000,      0.000,  -0.90686,	  -4.25426,	   0.04846
71   ,  236 06 23 ,  119 35 54,      2.876,      0.000,      0.000,  -0.91395,	  -4.26670,	   4.80852
72   ,  236 06 23 ,  119 35 54,      2.876,      0.000,      0.000,  -0.81398,	  -6.66118,	   4.81283
73   ,  236 06 23 ,  119 35 54,      2.876,      0.000,      0.000,  -0.80637,	  -6.66088,	   0.05309
