#OKS At   -20 : After 3 points 
1.365517, 9.019968, 0.022000 
0.256605, 8.972446, 0.022000 
1.370752, 8.643708, 0.022000 
#OKS At   -15 : After 6 points 
-4.048158, 8.787976, 0.027000 
-3.999354, 7.663782, 0.027000 
2.476146, 5.753135, 0.027000 
2.382765, 8.038450, 0.027000 
1.379611, 8.007561, 0.027000 
1.365525, 9.019980, 0.027000 
#OKS At   -10 : After 6 points 
-4.048165, 8.787986, 0.032000 
-3.886591, 5.066092, 0.032000 
2.582210, 3.157421, 0.032000 
2.382764, 8.038479, 0.032000 
1.379618, 8.007590, 0.032000 
1.365532, 9.019991, 0.032000 
#OKS At    -5 : After 6 points 
-4.048173, 8.787997, 0.037000 
-3.773828, 2.468402, 0.037000 
2.688274, 0.561708, 0.037000 
2.382763, 8.038507, 0.037000 
1.379625, 8.007618, 0.037000 
1.365539, 9.020002, 0.037000 
#OKS At     0 : After 6 points 
-4.048181, 8.788008, 0.042000 
-3.661065, -0.129288, 0.042000 
2.794339, -2.034006, 0.042000 
2.382761, 8.038535, 0.042000 
1.379632, 8.007647, 0.042000 
1.365547, 9.020014, 0.042000 
#OKS At   100 : After 9 points 
-3.619497, -1.090173, 0.142000 
-3.312153, -4.355611, 0.142000 
-0.906998, -4.254500, 0.142000 
-0.806517, -6.660882, 0.142000 
2.977199, -6.509157, 0.142000 
2.382738, 8.039103, 0.142000 
1.379774, 8.008220, 0.142000 
1.365693, 9.020240, 0.142000 
-4.048336, 8.788222, 0.142000 
#OKS At   200 : After 9 points 
-3.610471, -1.301452, 0.242000 
-3.322946, -4.356319, 0.242000 
-0.907147, -4.254762, 0.242000 
-0.806676, -6.660888, 0.242000 
2.977199, -6.509157, 0.242000 
2.382715, 8.039671, 0.242000 
1.379915, 8.008793, 0.242000 
1.365840, 9.020467, 0.242000 
-4.048491, 8.788435, 0.242000 
#OKS At   300 : After 9 points 
-3.601444, -1.512731, 0.342000 
-3.333738, -4.357028, 0.342000 
-0.907296, -4.255023, 0.342000 
-0.806836, -6.660894, 0.342000 
2.977199, -6.509157, 0.342000 
2.382692, 8.040239, 0.342000 
1.380057, 8.009365, 0.342000 
1.365986, 9.020694, 0.342000 
-4.048646, 8.788649, 0.342000 
#OKS At   400 : After 9 points 
-3.592418, -1.724010, 0.442000 
-3.344531, -4.357737, 0.442000 
-0.907445, -4.255285, 0.442000 
-0.806996, -6.660901, 0.442000 
2.977199, -6.509157, 0.442000 
2.382669, 8.040806, 0.442000 
1.380199, 8.009938, 0.442000 
1.366133, 9.020920, 0.442000 
-4.048801, 8.788863, 0.442000 
#OKS At   500 : After 9 points 
-3.583392, -1.935289, 0.542000 
-3.355323, -4.358446, 0.542000 
-0.907595, -4.255546, 0.542000 
-0.807155, -6.660907, 0.542000 
2.977199, -6.509157, 0.542000 
2.382645, 8.041374, 0.542000 
1.380341, 8.010511, 0.542000 
1.366279, 9.021147, 0.542000 
-4.048955, 8.789077, 0.542000 
#OKS At   600 : After 9 points 
-3.574365, -2.146568, 0.642000 
-3.366116, -4.359155, 0.642000 
-0.907744, -4.255808, 0.642000 
-0.807315, -6.660914, 0.642000 
2.977199, -6.509157, 0.642000 
2.382622, 8.041942, 0.642000 
1.380482, 8.011084, 0.642000 
1.366426, 9.021374, 0.642000 
-4.049110, 8.789290, 0.642000 
#OKS At   700 : After 9 points 
-3.565339, -2.357848, 0.742000 
-3.376908, -4.359864, 0.742000 
-0.907893, -4.256069, 0.742000 
-0.807475, -6.660920, 0.742000 
2.977199, -6.509157, 0.742000 
2.382599, 8.042510, 0.742000 
1.380624, 8.011657, 0.742000 
1.366572, 9.021600, 0.742000 
-4.049265, 8.789504, 0.742000 
#OKS At   800 : After 9 points 
-3.556312, -2.569127, 0.842000 
-3.387701, -4.360573, 0.842000 
-0.908042, -4.256331, 0.842000 
-0.807635, -6.660926, 0.842000 
2.977199, -6.509157, 0.842000 
2.382576, 8.043077, 0.842000 
1.380766, 8.012230, 0.842000 
1.366719, 9.021827, 0.842000 
-4.049420, 8.789718, 0.842000 
#OKS At   900 : After 9 points 
-3.547286, -2.780406, 0.942000 
-3.398494, -4.361282, 0.942000 
-0.908191, -4.256592, 0.942000 
-0.807794, -6.660933, 0.942000 
2.977199, -6.509157, 0.942000 
2.382553, 8.043645, 0.942000 
1.380907, 8.012802, 0.942000 
1.366866, 9.022054, 0.942000 
-4.049575, 8.789932, 0.942000 
#OKS At  1000 : After 9 points 
-3.538260, -2.991685, 1.042000 
-3.409286, -4.361991, 1.042000 
-0.908340, -4.256854, 1.042000 
-0.807954, -6.660939, 1.042000 
2.977199, -6.509157, 1.042000 
2.382529, 8.044213, 1.042000 
1.381049, 8.013375, 1.042000 
1.367012, 9.022280, 1.042000 
-4.049730, 8.790145, 1.042000 
#OKS At  1100 : After 10 points 
-3.532205, -3.171393, 1.142000 
-3.537998, -3.001071, 1.142000 
-4.049885, 8.790359, 1.142000 
1.367159, 9.022507, 1.142000 
1.381191, 8.013948, 1.142000 
2.382506, 8.044781, 1.142000 
2.977199, -6.509157, 1.142000 
-0.808114, -6.660946, 1.142000 
-0.908489, -4.257115, 1.142000 
-3.420079, -4.362700, 1.142000 
#OKS At  1200 : After 10 points 
-3.526727, -3.344973, 1.242000 
-3.539437, -2.971274, 1.242000 
-4.050040, 8.790573, 1.242000 
1.367305, 9.022734, 1.242000 
1.381333, 8.014521, 1.242000 
2.382483, 8.045348, 1.242000 
2.977199, -6.509157, 1.242000 
-0.808273, -6.660952, 1.242000 
-0.908638, -4.257377, 1.242000 
-3.430871, -4.363408, 1.242000 
#OKS At  1300 : After 10 points 
-3.521249, -3.518553, 1.342000 
-3.540876, -2.941477, 1.342000 
-4.050195, 8.790787, 1.342000 
1.367452, 9.022960, 1.342000 
1.381474, 8.015094, 1.342000 
2.382460, 8.045916, 1.342000 
2.977199, -6.509157, 1.342000 
-0.808433, -6.660958, 1.342000 
-0.908787, -4.257638, 1.342000 
-3.441664, -4.364117, 1.342000 
#OKS At  1400 : After 10 points 
-3.515770, -3.692133, 1.442000 
-3.542315, -2.911680, 1.442000 
-4.050350, 8.791000, 1.442000 
1.367598, 9.023187, 1.442000 
1.381616, 8.015667, 1.442000 
2.382437, 8.046484, 1.442000 
2.977199, -6.509157, 1.442000 
-0.808593, -6.660965, 1.442000 
-0.908936, -4.257899, 1.442000 
-3.452456, -4.364826, 1.442000 
#OKS At  1500 : After 10 points 
-3.510292, -3.865714, 1.542000 
-3.543754, -2.881883, 1.542000 
-4.050504, 8.791214, 1.542000 
1.367745, 9.023414, 1.542000 
1.381758, 8.016240, 1.542000 
2.382413, 8.047052, 1.542000 
2.977199, -6.509157, 1.542000 
-0.808753, -6.660971, 1.542000 
-0.909085, -4.258161, 1.542000 
-3.463249, -4.365535, 1.542000 
#OKS At  1600 : After 10 points 
-3.504814, -4.039294, 1.642000 
-3.545194, -2.852086, 1.642000 
-4.050659, 8.791428, 1.642000 
1.367891, 9.023641, 1.642000 
1.381899, 8.016812, 1.642000 
2.382390, 8.047619, 1.642000 
2.977199, -6.509157, 1.642000 
-0.808912, -6.660978, 1.642000 
-0.909234, -4.258422, 1.642000 
-3.474041, -4.366244, 1.642000 
#OKS At  1700 : After 10 points 
-3.499336, -4.212874, 1.742000 
-3.546633, -2.822289, 1.742000 
-4.050814, 8.791642, 1.742000 
1.368038, 9.023867, 1.742000 
1.382041, 8.017385, 1.742000 
2.382367, 8.048187, 1.742000 
2.977199, -6.509157, 1.742000 
-0.809072, -6.660984, 1.742000 
-0.909383, -4.258684, 1.742000 
-3.484834, -4.366953, 1.742000 
#OKS At  1800 : After 9 points 
-3.548072, -2.792492, 1.842000 
-3.494499, -4.367614, 1.842000 
-0.909532, -4.258945, 1.842000 
-0.809232, -6.660990, 1.842000 
2.977199, -6.509157, 1.842000 
2.382344, 8.048755, 1.842000 
1.382183, 8.017958, 1.842000 
1.368184, 9.024094, 1.842000 
-4.050969, 8.791855, 1.842000 
#OKS At  1900 : After 9 points 
-3.549511, -2.762695, 1.942000 
-3.494915, -4.367887, 1.942000 
-0.909681, -4.259207, 1.942000 
-0.809391, -6.660997, 1.942000 
2.977199, -6.509157, 1.942000 
2.382321, 8.049323, 1.942000 
1.382325, 8.018531, 1.942000 
1.368331, 9.024321, 1.942000 
-4.051124, 8.792069, 1.942000 
#OKS At  2000 : After 9 points 
-3.550950, -2.732899, 2.042000 
-3.495331, -4.368160, 2.042000 
-0.909831, -4.259468, 2.042000 
-0.809551, -6.661003, 2.042000 
2.977199, -6.509157, 2.042000 
2.382297, 8.049891, 2.042000 
1.382466, 8.019104, 2.042000 
1.368477, 9.024547, 2.042000 
-4.051279, 8.792283, 2.042000 
#OKS At  2100 : After 9 points 
-3.552389, -2.703102, 2.142000 
-3.495748, -4.368433, 2.142000 
-0.909980, -4.259730, 2.142000 
-0.809711, -6.661010, 2.142000 
2.977199, -6.509157, 2.142000 
2.382274, 8.050458, 2.142000 
1.382608, 8.019677, 2.142000 
1.368624, 9.024774, 2.142000 
-4.051434, 8.792497, 2.142000 
#OKS At  2200 : After 9 points 
-3.553829, -2.673305, 2.242000 
-3.496164, -4.368705, 2.242000 
-0.910129, -4.259991, 2.242000 
-0.809871, -6.661016, 2.242000 
2.977199, -6.509157, 2.242000 
2.382251, 8.051026, 2.242000 
1.382750, 8.020249, 2.242000 
1.368770, 9.025001, 2.242000 
-4.051589, 8.792710, 2.242000 
#OKS At  2300 : After 9 points 
-3.555268, -2.643508, 2.342000 
-3.496581, -4.368978, 2.342000 
-0.910278, -4.260253, 2.342000 
-0.810030, -6.661022, 2.342000 
2.977199, -6.509157, 2.342000 
2.382228, 8.051594, 2.342000 
1.382891, 8.020822, 2.342000 
1.368917, 9.025227, 2.342000 
-4.051744, 8.792924, 2.342000 
#OKS At  2400 : After 9 points 
-3.556707, -2.613711, 2.442000 
-3.496997, -4.369251, 2.442000 
-0.910427, -4.260514, 2.442000 
-0.810190, -6.661029, 2.442000 
2.977199, -6.509157, 2.442000 
2.382205, 8.052162, 2.442000 
1.383033, 8.021395, 2.442000 
1.369064, 9.025454, 2.442000 
-4.051899, 8.793138, 2.442000 
#OKS At  2500 : After 9 points 
-3.558146, -2.583914, 2.542000 
-3.497414, -4.369523, 2.542000 
-0.910576, -4.260775, 2.542000 
-0.810350, -6.661035, 2.542000 
2.977199, -6.509157, 2.542000 
2.382181, 8.052729, 2.542000 
1.383175, 8.021968, 2.542000 
1.369210, 9.025681, 2.542000 
-4.052053, 8.793352, 2.542000 
#OKS At  2600 : After 9 points 
-3.559585, -2.554117, 2.642000 
-3.497830, -4.369796, 2.642000 
-0.910725, -4.261037, 2.642000 
-0.810509, -6.661042, 2.642000 
2.977199, -6.509157, 2.642000 
2.382158, 8.053297, 2.642000 
1.383317, 8.022541, 2.642000 
1.369357, 9.025907, 2.642000 
-4.052208, 8.793565, 2.642000 
#OKS At  2700 : After 9 points 
-3.561024, -2.524320, 2.742000 
-3.498246, -4.370069, 2.742000 
-0.910874, -4.261298, 2.742000 
-0.810669, -6.661048, 2.742000 
2.977199, -6.509157, 2.742000 
2.382135, 8.053865, 2.742000 
1.383458, 8.023114, 2.742000 
1.369503, 9.026134, 2.742000 
-4.052363, 8.793779, 2.742000 
#OKS At  2800 : After 9 points 
-3.562464, -2.494523, 2.842000 
-3.498663, -4.370341, 2.842000 
-0.911023, -4.261560, 2.842000 
-0.810829, -6.661054, 2.842000 
2.977199, -6.509157, 2.842000 
2.382112, 8.054433, 2.842000 
1.383600, 8.023686, 2.842000 
1.369650, 9.026361, 2.842000 
-4.052518, 8.793993, 2.842000 
#OKS At  2900 : After 9 points 
-3.563903, -2.464727, 2.942000 
-3.499079, -4.370614, 2.942000 
-0.911172, -4.261821, 2.942000 
-0.810989, -6.661061, 2.942000 
2.977199, -6.509157, 2.942000 
2.382089, 8.055000, 2.942000 
1.383742, 8.024259, 2.942000 
1.369796, 9.026587, 2.942000 
-4.052673, 8.794207, 2.942000 
#OKS At  3000 : After 9 points 
-3.565342, -2.434930, 3.042000 
-3.499496, -4.370887, 3.042000 
-0.911321, -4.262083, 3.042000 
-0.811148, -6.661067, 3.042000 
2.977199, -6.509157, 3.042000 
2.382065, 8.055568, 3.042000 
1.383883, 8.024832, 3.042000 
1.369943, 9.026814, 3.042000 
-4.052828, 8.794420, 3.042000 
#OKS At  3100 : After 9 points 
-3.566781, -2.405133, 3.142000 
-3.499912, -4.371160, 3.142000 
-0.911470, -4.262344, 3.142000 
-0.811308, -6.661074, 3.142000 
2.977199, -6.509157, 3.142000 
2.382042, 8.056136, 3.142000 
1.384025, 8.025405, 3.142000 
1.370089, 9.027041, 3.142000 
-4.052983, 8.794634, 3.142000 
#OKS At  3200 : After 9 points 
-3.568220, -2.375336, 3.242000 
-3.500328, -4.371432, 3.242000 
-0.911619, -4.262606, 3.242000 
-0.811468, -6.661080, 3.242000 
2.977199, -6.509157, 3.242000 
2.382019, 8.056704, 3.242000 
1.384167, 8.025978, 3.242000 
1.370236, 9.027267, 3.242000 
-4.053138, 8.794848, 3.242000 
#OKS At  3300 : After 9 points 
-3.569659, -2.345539, 3.342000 
-3.500745, -4.371705, 3.342000 
-0.911768, -4.262867, 3.342000 
-0.811627, -6.661086, 3.342000 
2.977199, -6.509157, 3.342000 
2.381996, 8.057271, 3.342000 
1.384309, 8.026551, 3.342000 
1.370382, 9.027494, 3.342000 
-4.053293, 8.795062, 3.342000 
#OKS At  3400 : After 9 points 
-3.571099, -2.315742, 3.442000 
-3.501161, -4.371978, 3.442000 
-0.911917, -4.263129, 3.442000 
-0.811787, -6.661093, 3.442000 
2.977199, -6.509157, 3.442000 
2.381973, 8.057839, 3.442000 
1.384450, 8.027123, 3.442000 
1.370529, 9.027721, 3.442000 
-4.053448, 8.795275, 3.442000 
#OKS At  3500 : After 9 points 
-3.572538, -2.285945, 3.542000 
-3.501578, -4.372250, 3.542000 
-0.912067, -4.263390, 3.542000 
-0.811947, -6.661099, 3.542000 
2.977199, -6.509157, 3.542000 
2.381949, 8.058407, 3.542000 
1.384592, 8.027696, 3.542000 
1.370675, 9.027947, 3.542000 
-4.053603, 8.795489, 3.542000 
#OKS At  3600 : After 9 points 
-3.573977, -2.256148, 3.642000 
-3.501994, -4.372523, 3.642000 
-0.912216, -4.263652, 3.642000 
-0.812107, -6.661106, 3.642000 
2.977199, -6.509157, 3.642000 
2.381926, 8.058975, 3.642000 
1.384734, 8.028269, 3.642000 
1.370822, 9.028174, 3.642000 
-4.053757, 8.795703, 3.642000 
#OKS At  3700 : After 9 points 
-3.575416, -2.226352, 3.742000 
-3.502411, -4.372796, 3.742000 
-0.912365, -4.263913, 3.742000 
-0.812266, -6.661112, 3.742000 
2.977199, -6.509157, 3.742000 
2.381903, 8.059542, 3.742000 
1.384875, 8.028842, 3.742000 
1.370968, 9.028401, 3.742000 
-4.053912, 8.795917, 3.742000 
#OKS At  3800 : After 9 points 
-3.576855, -2.196555, 3.842000 
-3.502827, -4.373068, 3.842000 
-0.912514, -4.264174, 3.842000 
-0.812426, -6.661119, 3.842000 
2.977199, -6.509157, 3.842000 
2.381880, 8.060110, 3.842000 
1.385017, 8.029415, 3.842000 
1.371115, 9.028627, 3.842000 
-4.054067, 8.796130, 3.842000 
#OKS At  3900 : After 9 points 
-3.578294, -2.166758, 3.942000 
-3.503243, -4.373341, 3.942000 
-0.912663, -4.264436, 3.942000 
-0.812586, -6.661125, 3.942000 
2.977199, -6.509157, 3.942000 
2.381857, 8.060678, 3.942000 
1.385159, 8.029988, 3.942000 
1.371262, 9.028854, 3.942000 
-4.054222, 8.796344, 3.942000 
#OKS At  4000 : After 9 points 
-3.579733, -2.136961, 4.042000 
-3.503660, -4.373614, 4.042000 
-0.912812, -4.264697, 4.042000 
-0.812746, -6.661131, 4.042000 
2.977199, -6.509157, 4.042000 
2.381833, 8.061246, 4.042000 
1.385301, 8.030560, 4.042000 
1.371408, 9.029081, 4.042000 
-4.054377, 8.796558, 4.042000 
#OKS At  4100 : After 9 points 
-3.581173, -2.107164, 4.142000 
-3.504076, -4.373887, 4.142000 
-0.912961, -4.264959, 4.142000 
-0.812905, -6.661138, 4.142000 
2.977199, -6.509157, 4.142000 
2.381810, 8.061813, 4.142000 
1.385442, 8.031133, 4.142000 
1.371555, 9.029307, 4.142000 
-4.054532, 8.796772, 4.142000 
#OKS At  4200 : After 9 points 
-3.582612, -2.077367, 4.242000 
-3.504493, -4.374159, 4.242000 
-0.913110, -4.265220, 4.242000 
-0.813065, -6.661144, 4.242000 
2.977199, -6.509157, 4.242000 
2.381787, 8.062381, 4.242000 
1.385584, 8.031706, 4.242000 
1.371701, 9.029534, 4.242000 
-4.054687, 8.796985, 4.242000 
#OKS At  4300 : After 9 points 
-3.584051, -2.047570, 4.342000 
-3.504909, -4.374432, 4.342000 
-0.913259, -4.265482, 4.342000 
-0.813225, -6.661151, 4.342000 
2.977199, -6.509157, 4.342000 
2.381764, 8.062949, 4.342000 
1.385726, 8.032279, 4.342000 
1.371848, 9.029761, 4.342000 
-4.054842, 8.797199, 4.342000 
#OKS At  4400 : After 9 points 
-3.585490, -2.017773, 4.442000 
-3.505326, -4.374705, 4.442000 
-0.913408, -4.265743, 4.442000 
-0.813384, -6.661157, 4.442000 
2.977199, -6.509157, 4.442000 
2.381741, 8.063517, 4.442000 
1.385868, 8.032852, 4.442000 
1.371994, 9.029987, 4.442000 
-4.054997, 8.797413, 4.442000 
#OKS At  4500 : After 9 points 
-3.586929, -1.987976, 4.542000 
-3.505742, -4.374977, 4.542000 
-0.913557, -4.266005, 4.542000 
-0.813544, -6.661163, 4.542000 
2.977199, -6.509157, 4.542000 
2.381717, 8.064084, 4.542000 
1.386009, 8.033425, 4.542000 
1.372141, 9.030214, 4.542000 
-4.055152, 8.797627, 4.542000 
#OKS At  4600 : After 9 points 
-3.588368, -1.958180, 4.642000 
-3.506158, -4.375250, 4.642000 
-0.913706, -4.266266, 4.642000 
-0.813704, -6.661170, 4.642000 
2.977199, -6.509157, 4.642000 
2.381694, 8.064652, 4.642000 
1.386151, 8.033997, 4.642000 
1.372287, 9.030441, 4.642000 
-4.055306, 8.797840, 4.642000 
#OKS At  4700 : After 10 points 
-3.589808, -1.928383, 4.742000 
-3.506575, -4.375523, 4.742000 
-0.913855, -4.266528, 4.742000 
-0.813864, -6.661176, 4.742000 
2.977199, -6.509157, 4.742000 
2.381671, 8.065220, 4.742000 
1.386293, 8.034570, 4.742000 
1.372434, 9.030667, 4.742000 
-3.764368, 8.810529, 4.742000 
-3.927051, 5.840084, 4.742000 
#OKS At  4800 : After 4 points 
1.555341, 8.040344, 4.842000 
0.753626, -6.598321, 4.842000 
2.977199, -6.509157, 4.842000 
2.381648, 8.065788, 4.842000 
