#OKS At   -60 : After 3 points 
1.365530, 9.019741, -0.018000 
-3.136729, 8.826796, -0.018000 
1.370858, 8.636565, -0.018000 
#OKS At   -55 : After 6 points 
-4.048153, 8.787777, -0.013000 
-4.024131, 8.234542, -0.013000 
2.385806, 7.964028, -0.013000 
2.382775, 8.038207, -0.013000 
1.379614, 8.007319, -0.013000 
1.365536, 9.019782, -0.013000 
#OKS At   -50 : After 6 points 
-4.048162, 8.787818, -0.008000 
-3.996746, 7.603683, -0.008000 
2.411581, 7.333236, -0.008000 
2.382772, 8.038266, -0.008000 
1.379620, 8.007377, -0.008000 
1.365542, 9.019824, -0.008000 
#OKS At   -45 : After 6 points 
-4.048171, 8.787859, -0.003000 
-3.969361, 6.972823, -0.003000 
2.437356, 6.702445, -0.003000 
2.382770, 8.038324, -0.003000 
1.379626, 8.007436, -0.003000 
1.365548, 9.019865, -0.003000 
#OKS At   -40 : After 6 points 
-4.048180, 8.787899, 0.002000 
-3.941976, 6.341964, 0.002000 
2.463131, 6.071653, 0.002000 
2.382768, 8.038382, 0.002000 
1.379632, 8.007494, 0.002000 
1.365555, 9.019906, 0.002000 
#OKS At   -35 : After 6 points 
-4.048189, 8.787940, 0.007000 
-3.914591, 5.711105, 0.007000 
2.488906, 5.440862, 0.007000 
2.382765, 8.038441, 0.007000 
1.379638, 8.007553, 0.007000 
1.365561, 9.019947, 0.007000 
#OKS At   -30 : After 6 points 
-4.048198, 8.787981, 0.012000 
-3.887206, 5.080245, 0.012000 
2.514681, 4.810070, 0.012000 
2.382763, 8.038499, 0.012000 
1.379644, 8.007612, 0.012000 
1.365567, 9.019989, 0.012000 
#OKS At   -25 : After 6 points 
-4.048207, 8.788021, 0.017000 
-3.859821, 4.449386, 0.017000 
2.540456, 4.179279, 0.017000 
2.382761, 8.038557, 0.017000 
1.379650, 8.007670, 0.017000 
1.365573, 9.020030, 0.017000 
#OKS At   -20 : After 6 points 
-4.048216, 8.788062, 0.022000 
-3.832436, 3.818526, 0.022000 
2.566231, 3.548487, 0.022000 
2.382758, 8.038616, 0.022000 
1.379655, 8.007729, 0.022000 
1.365579, 9.020071, 0.022000 
#OKS At   -15 : After 6 points 
-4.048225, 8.788103, 0.027000 
-3.805051, 3.187667, 0.027000 
2.592006, 2.917696, 0.027000 
2.382756, 8.038674, 0.027000 
1.379661, 8.007787, 0.027000 
1.365585, 9.020113, 0.027000 
#OKS At   -10 : After 6 points 
-4.048234, 8.788143, 0.032000 
-3.777666, 2.556807, 0.032000 
2.617781, 2.286904, 0.032000 
2.382753, 8.038733, 0.032000 
1.379667, 8.007846, 0.032000 
1.365591, 9.020154, 0.032000 
#OKS At    -5 : After 6 points 
-4.048242, 8.788184, 0.037000 
-3.750281, 1.925948, 0.037000 
2.643556, 1.656113, 0.037000 
2.382751, 8.038791, 0.037000 
1.379673, 8.007905, 0.037000 
1.365597, 9.020195, 0.037000 
#OKS At     0 : After 6 points 
-4.048251, 8.788224, 0.042000 
-3.722896, 1.295088, 0.042000 
2.669331, 1.025321, 0.042000 
2.382749, 8.038849, 0.042000 
1.379679, 8.007963, 0.042000 
1.365604, 9.020236, 0.042000 
#OKS At     1 : After 6 points 
-4.048253, 8.788233, 0.043000 
-3.717419, 1.168919, 0.043000 
2.674485, 0.899165, 0.043000 
2.382748, 8.038861, 0.043000 
1.379680, 8.007975, 0.043000 
1.365605, 9.020245, 0.043000 
#OKS At   101 : After 9 points 
-3.620950, -1.056122, 0.142998 
-3.308321, -4.354862, 0.142998 
-0.906965, -4.253912, 0.142998 
-0.806455, -6.660426, 0.142998 
2.977181, -6.508705, 0.142998 
2.382701, 8.040028, 0.142998 
1.379798, 8.009147, 0.142998 
1.365727, 9.021070, 0.142998 
-4.048432, 8.789045, 0.142998 
#OKS At   201 : After 9 points 
-3.612061, -1.264160, 0.242996 
-3.319138, -4.354972, 0.242996 
-0.907138, -4.253574, 0.242996 
-0.806638, -6.659834, 0.242996 
2.977157, -6.508106, 0.242996 
2.382654, 8.041194, 0.242996 
1.379916, 8.010319, 0.242996 
1.365850, 9.021896, 0.242996 
-4.048611, 8.789858, 0.242996 
#OKS At   301 : After 9 points 
-3.603171, -1.472199, 0.342995 
-3.329954, -4.355082, 0.342995 
-0.907311, -4.253237, 0.342995 
-0.806822, -6.659241, 0.342995 
2.977133, -6.507507, 0.342995 
2.382607, 8.042361, 0.342995 
1.380033, 8.011491, 0.342995 
1.365972, 9.022722, 0.342995 
-4.048790, 8.790671, 0.342995 
#OKS At   401 : After 9 points 
-3.594282, -1.680238, 0.442993 
-3.340770, -4.355192, 0.442993 
-0.907484, -4.252899, 0.442993 
-0.807006, -6.658649, 0.442993 
2.977109, -6.506908, 0.442993 
2.382559, 8.043528, 0.442993 
1.380151, 8.012662, 0.442993 
1.366095, 9.023547, 0.442993 
-4.048969, 8.791484, 0.442993 
#OKS At   501 : After 9 points 
-3.585392, -1.888277, 0.542991 
-3.351587, -4.355302, 0.542991 
-0.907657, -4.252562, 0.542991 
-0.807190, -6.658056, 0.542991 
2.977085, -6.506309, 0.542991 
2.382512, 8.044695, 0.542991 
1.380269, 8.013834, 0.542991 
1.366217, 9.024373, 0.542991 
-4.049148, 8.792297, 0.542991 
#OKS At   601 : After 9 points 
-3.576503, -2.096315, 0.642989 
-3.362403, -4.355412, 0.642989 
-0.907830, -4.252224, 0.642989 
-0.807373, -6.657463, 0.642989 
2.977061, -6.505710, 0.642989 
2.382465, 8.045862, 0.642989 
1.380386, 8.015006, 0.642989 
1.366340, 9.025199, 0.642989 
-4.049327, 8.793109, 0.642989 
#OKS At   701 : After 9 points 
-3.567613, -2.304354, 0.742987 
-3.373220, -4.355522, 0.742987 
-0.908004, -4.251887, 0.742987 
-0.807557, -6.656871, 0.742987 
2.977037, -6.505111, 0.742987 
2.382418, 8.047029, 0.742987 
1.380504, 8.016178, 0.742987 
1.366462, 9.026025, 0.742987 
-4.049506, 8.793922, 0.742987 
#OKS At   801 : After 9 points 
-3.558724, -2.512393, 0.842986 
-3.384036, -4.355632, 0.842986 
-0.908177, -4.251549, 0.842986 
-0.807741, -6.656278, 0.842986 
2.977013, -6.504512, 0.842986 
2.382370, 8.048195, 0.842986 
1.380622, 8.017350, 0.842986 
1.366585, 9.026850, 0.842986 
-4.049685, 8.794735, 0.842986 
#OKS At   901 : After 9 points 
-3.549834, -2.720432, 0.942984 
-3.394852, -4.355741, 0.942984 
-0.908350, -4.251211, 0.942984 
-0.807925, -6.655685, 0.942984 
2.976989, -6.503913, 0.942984 
2.382323, 8.049362, 0.942984 
1.380739, 8.018522, 0.942984 
1.366707, 9.027676, 0.942984 
-4.049864, 8.795548, 0.942984 
#OKS At  1001 : After 9 points 
-3.540945, -2.928471, 1.042982 
-3.405669, -4.355851, 1.042982 
-0.908523, -4.250874, 1.042982 
-0.808108, -6.655093, 1.042982 
2.976965, -6.503314, 1.042982 
2.382276, 8.050529, 1.042982 
1.380857, 8.019694, 1.042982 
1.366830, 9.028502, 1.042982 
-4.050042, 8.796361, 1.042982 
#OKS At  1101 : After 10 points 
-3.534013, -3.115850, 1.142980 
-3.537862, -3.002776, 1.142980 
-4.050221, 8.797173, 1.142980 
1.366953, 9.029327, 1.142980 
1.380975, 8.020866, 1.142980 
2.382229, 8.051696, 1.142980 
2.976941, -6.502715, 1.142980 
-0.808292, -6.654500, 1.142980 
-0.908696, -4.250536, 1.142980 
-3.416485, -4.355961, 1.142980 
#OKS At  1201 : After 10 points 
-3.528616, -3.287045, 1.242978 
-3.539328, -2.972326, 1.242978 
-4.050400, 8.797986, 1.242978 
1.367075, 9.030153, 1.242978 
1.381093, 8.022038, 1.242978 
2.382182, 8.052863, 1.242978 
2.976917, -6.502116, 1.242978 
-0.808476, -6.653908, 1.242978 
-0.908869, -4.250199, 1.242978 
-3.427302, -4.356071, 1.242978 
#OKS At  1301 : After 10 points 
-3.523218, -3.458241, 1.342977 
-3.540794, -2.941876, 1.342977 
-4.050579, 8.798799, 1.342977 
1.367198, 9.030979, 1.342977 
1.381210, 8.023209, 1.342977 
2.382134, 8.054029, 1.342977 
2.976893, -6.501517, 1.342977 
-0.808660, -6.653315, 1.342977 
-0.909042, -4.249861, 1.342977 
-3.438118, -4.356181, 1.342977 
#OKS At  1401 : After 10 points 
-3.517820, -3.629437, 1.442975 
-3.542259, -2.911427, 1.442975 
-4.050758, 8.799612, 1.442975 
1.367320, 9.031805, 1.442975 
1.381328, 8.024381, 1.442975 
2.382087, 8.055196, 1.442975 
2.976869, -6.500918, 1.442975 
-0.808843, -6.652722, 1.442975 
-0.909215, -4.249524, 1.442975 
-3.448934, -4.356291, 1.442975 
#OKS At  1501 : After 10 points 
-3.512422, -3.800633, 1.542973 
-3.543725, -2.880977, 1.542973 
-4.050937, 8.800424, 1.542973 
1.367443, 9.032630, 1.542973 
1.381446, 8.025553, 1.542973 
2.382040, 8.056363, 1.542973 
2.976845, -6.500319, 1.542973 
-0.809027, -6.652130, 1.542973 
-0.909388, -4.249186, 1.542973 
-3.459751, -4.356401, 1.542973 
#OKS At  1601 : After 10 points 
-3.507024, -3.971829, 1.642971 
-3.545191, -2.850527, 1.642971 
-4.051116, 8.801237, 1.642971 
1.367565, 9.033456, 1.642971 
1.381563, 8.026725, 1.642971 
2.381993, 8.057530, 1.642971 
2.976821, -6.499720, 1.642971 
-0.809211, -6.651537, 1.642971 
-0.909561, -4.248848, 1.642971 
-3.470567, -4.356510, 1.642971 
#OKS At  1701 : After 10 points 
-3.501626, -4.143024, 1.742969 
-3.546657, -2.820077, 1.742969 
-4.051295, 8.802050, 1.742969 
1.367688, 9.034282, 1.742969 
1.381681, 8.027897, 1.742969 
2.381945, 8.058697, 1.742969 
2.976797, -6.499121, 1.742969 
-0.809394, -6.650944, 1.742969 
-0.909734, -4.248511, 1.742969 
-3.481383, -4.356620, 1.742969 
#OKS At  1801 : After 10 points 
-3.496229, -4.314220, 1.842968 
-3.548123, -2.789627, 1.842968 
-4.051474, 8.802863, 1.842968 
1.367810, 9.035107, 1.842968 
1.381799, 8.029069, 1.842968 
2.381898, 8.059864, 1.842968 
2.976773, -6.498522, 1.842968 
-0.809578, -6.650352, 1.842968 
-0.909907, -4.248173, 1.842968 
-3.492200, -4.356730, 1.842968 
#OKS At  1901 : After 9 points 
-3.549588, -2.759177, 1.942966 
-3.495218, -4.356512, 1.942966 
-0.910081, -4.247836, 1.942966 
-0.809762, -6.649759, 1.942966 
2.976749, -6.497923, 1.942966 
2.381851, 8.061030, 1.942966 
1.381916, 8.030241, 1.942966 
1.367933, 9.035933, 1.942966 
-4.051653, 8.803676, 1.942966 
#OKS At  2001 : After 9 points 
-3.551054, -2.728728, 2.042964 
-3.495659, -4.356186, 2.042964 
-0.910254, -4.247498, 2.042964 
-0.809946, -6.649167, 2.042964 
2.976725, -6.497324, 2.042964 
2.381804, 8.062197, 2.042964 
1.382034, 8.031413, 2.042964 
1.368055, 9.036759, 2.042964 
-4.051832, 8.804488, 2.042964 
#OKS At  2101 : After 9 points 
-3.552520, -2.698278, 2.142962 
-3.496099, -4.355860, 2.142962 
-0.910427, -4.247161, 2.142962 
-0.810129, -6.648574, 2.142962 
2.976701, -6.496725, 2.142962 
2.381757, 8.063364, 2.142962 
1.382152, 8.032585, 2.142962 
1.368178, 9.037585, 2.142962 
-4.052011, 8.805301, 2.142962 
#OKS At  2201 : After 9 points 
-3.553986, -2.667828, 2.242960 
-3.496540, -4.355533, 2.242960 
-0.910600, -4.246823, 2.242960 
-0.810313, -6.647981, 2.242960 
2.976677, -6.496126, 2.242960 
2.381709, 8.064531, 2.242960 
1.382270, 8.033757, 2.242960 
1.368300, 9.038410, 2.242960 
-4.052190, 8.806114, 2.242960 
#OKS At  2301 : After 9 points 
-3.555451, -2.637378, 2.342959 
-3.496980, -4.355207, 2.342959 
-0.910773, -4.246486, 2.342959 
-0.810497, -6.647389, 2.342959 
2.976653, -6.495526, 2.342959 
2.381662, 8.065698, 2.342959 
1.382387, 8.034928, 2.342959 
1.368423, 9.039236, 2.342959 
-4.052368, 8.806927, 2.342959 
#OKS At  2401 : After 9 points 
-3.556917, -2.606928, 2.442957 
-3.497421, -4.354881, 2.442957 
-0.910946, -4.246148, 2.442957 
-0.810681, -6.646796, 2.442957 
2.976629, -6.494927, 2.442957 
2.381615, 8.066864, 2.442957 
1.382505, 8.036100, 2.442957 
1.368545, 9.040062, 2.442957 
-4.052547, 8.807740, 2.442957 
#OKS At  2501 : After 9 points 
-3.558383, -2.576478, 2.542955 
-3.497861, -4.354554, 2.542955 
-0.911119, -4.245810, 2.542955 
-0.810864, -6.646203, 2.542955 
2.976605, -6.494328, 2.542955 
2.381568, 8.068031, 2.542955 
1.382623, 8.037272, 2.542955 
1.368668, 9.040887, 2.542955 
-4.052726, 8.808552, 2.542955 
#OKS At  2601 : After 9 points 
-3.559849, -2.546029, 2.642953 
-3.498302, -4.354228, 2.642953 
-0.911292, -4.245473, 2.642953 
-0.811048, -6.645611, 2.642953 
2.976581, -6.493729, 2.642953 
2.381520, 8.069198, 2.642953 
1.382740, 8.038444, 2.642953 
1.368790, 9.041713, 2.642953 
-4.052905, 8.809365, 2.642953 
#OKS At  2701 : After 9 points 
-3.561315, -2.515579, 2.742951 
-3.498742, -4.353902, 2.742951 
-0.911465, -4.245135, 2.742951 
-0.811232, -6.645018, 2.742951 
2.976557, -6.493130, 2.742951 
2.381473, 8.070365, 2.742951 
1.382858, 8.039616, 2.742951 
1.368913, 9.042539, 2.742951 
-4.053084, 8.810178, 2.742951 
#OKS At  2801 : After 9 points 
-3.562780, -2.485129, 2.842950 
-3.499182, -4.353575, 2.842950 
-0.911638, -4.244798, 2.842950 
-0.811416, -6.644426, 2.842950 
2.976533, -6.492531, 2.842950 
2.381426, 8.071532, 2.842950 
1.382976, 8.040788, 2.842950 
1.369035, 9.043364, 2.842950 
-4.053263, 8.810991, 2.842950 
#OKS At  2901 : After 9 points 
-3.564246, -2.454679, 2.942948 
-3.499623, -4.353249, 2.942948 
-0.911811, -4.244460, 2.942948 
-0.811599, -6.643833, 2.942948 
2.976509, -6.491932, 2.942948 
2.381379, 8.072699, 2.942948 
1.383093, 8.041960, 2.942948 
1.369158, 9.044190, 2.942948 
-4.053442, 8.811804, 2.942948 
#OKS At  3001 : After 9 points 
-3.565712, -2.424229, 3.042946 
-3.500063, -4.352923, 3.042946 
-0.911984, -4.244123, 3.042946 
-0.811783, -6.643240, 3.042946 
2.976484, -6.491333, 3.042946 
2.381332, 8.073865, 3.042946 
1.383211, 8.043132, 3.042946 
1.369280, 9.045016, 3.042946 
-4.053621, 8.812616, 3.042946 
#OKS At  3101 : After 9 points 
-3.567178, -2.393779, 3.142944 
-3.500504, -4.352596, 3.142944 
-0.912158, -4.243785, 3.142944 
-0.811967, -6.642648, 3.142944 
2.976460, -6.490734, 3.142944 
2.381284, 8.075032, 3.142944 
1.383329, 8.044304, 3.142944 
1.369403, 9.045842, 3.142944 
-4.053800, 8.813429, 3.142944 
#OKS At  3201 : After 9 points 
-3.568643, -2.363330, 3.242942 
-3.500944, -4.352270, 3.242942 
-0.912331, -4.243447, 3.242942 
-0.812151, -6.642055, 3.242942 
2.976436, -6.490135, 3.242942 
2.381237, 8.076199, 3.242942 
1.383447, 8.045475, 3.242942 
1.369525, 9.046667, 3.242942 
-4.053979, 8.814242, 3.242942 
#OKS At  3301 : After 9 points 
-3.570109, -2.332880, 3.342941 
-3.501385, -4.351944, 3.342941 
-0.912504, -4.243110, 3.342941 
-0.812334, -6.641462, 3.342941 
2.976412, -6.489536, 3.342941 
2.381190, 8.077366, 3.342941 
1.383564, 8.046647, 3.342941 
1.369648, 9.047493, 3.342941 
-4.054158, 8.815055, 3.342941 
#OKS At  3401 : After 9 points 
-3.571575, -2.302430, 3.442939 
-3.501825, -4.351617, 3.442939 
-0.912677, -4.242772, 3.442939 
-0.812518, -6.640870, 3.442939 
2.976388, -6.488937, 3.442939 
2.381143, 8.078533, 3.442939 
1.383682, 8.047819, 3.442939 
1.369770, 9.048319, 3.442939 
-4.054337, 8.815867, 3.442939 
#OKS At  3501 : After 9 points 
-3.573041, -2.271980, 3.542937 
-3.502265, -4.351291, 3.542937 
-0.912850, -4.242435, 3.542937 
-0.812702, -6.640277, 3.542937 
2.976364, -6.488338, 3.542937 
2.381096, 8.079699, 3.542937 
1.383800, 8.048991, 3.542937 
1.369893, 9.049144, 3.542937 
-4.054516, 8.816680, 3.542937 
#OKS At  3601 : After 9 points 
-3.574507, -2.241530, 3.642935 
-3.502706, -4.350965, 3.642935 
-0.913023, -4.242097, 3.642935 
-0.812885, -6.639685, 3.642935 
2.976340, -6.487739, 3.642935 
2.381048, 8.080866, 3.642935 
1.383917, 8.050163, 3.642935 
1.370015, 9.049970, 3.642935 
-4.054694, 8.817493, 3.642935 
#OKS At  3701 : After 9 points 
-3.575972, -2.211080, 3.742933 
-3.503146, -4.350638, 3.742933 
-0.913196, -4.241760, 3.742933 
-0.813069, -6.639092, 3.742933 
2.976316, -6.487140, 3.742933 
2.381001, 8.082033, 3.742933 
1.384035, 8.051335, 3.742933 
1.370138, 9.050796, 3.742933 
-4.054873, 8.818306, 3.742933 
#OKS At  3801 : After 9 points 
-3.577438, -2.180631, 3.842932 
-3.503587, -4.350312, 3.842932 
-0.913369, -4.241422, 3.842932 
-0.813253, -6.638499, 3.842932 
2.976292, -6.486541, 3.842932 
2.380954, 8.083200, 3.842932 
1.384153, 8.052507, 3.842932 
1.370260, 9.051622, 3.842932 
-4.055052, 8.819119, 3.842932 
#OKS At  3901 : After 9 points 
-3.578904, -2.150181, 3.942930 
-3.504027, -4.349986, 3.942930 
-0.913542, -4.241084, 3.942930 
-0.813437, -6.637907, 3.942930 
2.976268, -6.485942, 3.942930 
2.380907, 8.084367, 3.942930 
1.384270, 8.053679, 3.942930 
1.370383, 9.052447, 3.942930 
-4.055231, 8.819931, 3.942930 
#OKS At  4001 : After 9 points 
-3.580370, -2.119731, 4.042928 
-3.504468, -4.349659, 4.042928 
-0.913715, -4.240747, 4.042928 
-0.813620, -6.637314, 4.042928 
2.976244, -6.485343, 4.042928 
2.380859, 8.085534, 4.042928 
1.384388, 8.054851, 4.042928 
1.370505, 9.053273, 4.042928 
-4.055410, 8.820744, 4.042928 
#OKS At  4101 : After 9 points 
-3.581835, -2.089281, 4.142926 
-3.504908, -4.349333, 4.142926 
-0.913888, -4.240409, 4.142926 
-0.813804, -6.636721, 4.142926 
2.976220, -6.484744, 4.142926 
2.380812, 8.086700, 4.142926 
1.384506, 8.056023, 4.142926 
1.370628, 9.054099, 4.142926 
-4.055589, 8.821557, 4.142926 
#OKS At  4201 : After 9 points 
-3.583301, -2.058831, 4.242925 
-3.505349, -4.349007, 4.242925 
-0.914061, -4.240072, 4.242925 
-0.813988, -6.636129, 4.242925 
2.976196, -6.484145, 4.242925 
2.380765, 8.087867, 4.242925 
1.384624, 8.057194, 4.242925 
1.370750, 9.054924, 4.242925 
-4.055768, 8.822370, 4.242925 
#OKS At  4301 : After 9 points 
-3.584767, -2.028381, 4.342923 
-3.505789, -4.348680, 4.342923 
-0.914235, -4.239734, 4.342923 
-0.814172, -6.635536, 4.342923 
2.976172, -6.483546, 4.342923 
2.380718, 8.089034, 4.342923 
1.384741, 8.058366, 4.342923 
1.370873, 9.055750, 4.342923 
-4.055947, 8.823183, 4.342923 
#OKS At  4401 : After 9 points 
-3.586233, -1.997932, 4.442921 
-3.506229, -4.348354, 4.442921 
-0.914408, -4.239397, 4.442921 
-0.814355, -6.634944, 4.442921 
2.976148, -6.482947, 4.442921 
2.380671, 8.090201, 4.442921 
1.384859, 8.059538, 4.442921 
1.370996, 9.056576, 4.442921 
-4.056126, 8.823995, 4.442921 
#OKS At  4501 : After 9 points 
-3.587699, -1.967482, 4.542919 
-3.506670, -4.348028, 4.542919 
-0.914581, -4.239059, 4.542919 
-0.814539, -6.634351, 4.542919 
2.976124, -6.482348, 4.542919 
2.380623, 8.091368, 4.542919 
1.384977, 8.060710, 4.542919 
1.371118, 9.057402, 4.542919 
-4.056305, 8.824808, 4.542919 
#OKS At  4601 : After 9 points 
-3.589164, -1.937032, 4.642917 
-3.507110, -4.347701, 4.642917 
-0.914754, -4.238721, 4.642917 
-0.814723, -6.633758, 4.642917 
2.976100, -6.481749, 4.642917 
2.380576, 8.092534, 4.642917 
1.385094, 8.061882, 4.642917 
1.371241, 9.058227, 4.642917 
-4.056484, 8.825621, 4.642917 
#OKS At  4701 : After 10 points 
-3.590630, -1.906582, 4.742916 
-3.507551, -4.347375, 4.742916 
-0.914927, -4.238384, 4.742916 
-0.814907, -6.633166, 4.742916 
2.976076, -6.481150, 4.742916 
2.380529, 8.093701, 4.742916 
1.385212, 8.063054, 4.742916 
1.371363, 9.059053, 4.742916 
-1.436848, 8.938706, 4.742916 
-3.786656, 2.608012, 4.742916 
#OKS At  4801 : After 5 points 
2.495807, 5.272508, 4.842914 
-1.036182, -4.243136, 4.842914 
-0.915100, -4.238046, 4.842914 
-0.815090, -6.632573, 4.842914 
2.976052, -6.480551, 4.842914 
