Point ID     ,  Hz.(º ' "),  V.(º ' "),Slope Dist.(m),Refl.Ht.(m),Inst.Ht.(m),Easting(m),  Northing(m),  Height(m)
 7777            ,    0 00 03 ,   88 19 34,          0,      0.000,      1.400,            0,            0,          0
2   ,  236 06 23 ,  119 35 54,      2.876,      0.000,      0.000,  -3.05377,	   1.69156,	  -1.42325
3   ,  236 06 23 ,  119 35 54,      2.876,      0.000,      0.000,   2.26491,	   1.72266,	  -1.43227
4   ,  236 06 23 ,  119 35 54,      2.876,      0.000,      0.000,   1.68044,	  -0.75018,	  -1.42854
5   ,  236 06 23 ,  119 35 54,      2.876,      0.000,      0.000,  -3.03824,	  -0.77378,	  -1.42054
6   ,  236 06 23 ,  119 35 54,      2.876,      0.000,      0.000,  -3.05377,	   1.69156,	  -1.42325
7   ,  236 06 23 ,  119 35 54,      2.876,      0.000,      0.000,  -3.05372,	   1.68454,	   5.52413
8   ,  236 06 23 ,  119 35 54,      2.876,      0.000,      0.000,   3.22422,	   1.72138,	   5.37905
9   ,  236 06 23 ,  119 35 54,      2.876,      0.000,      0.000,   3.23449,	  -0.74241,	   5.38007
10   ,  236 06 23 ,  119 35 54,      2.876,      0.000,      0.000,  -3.03824,	  -0.77378,	   5.52502
11   ,  236 06 23 ,  119 35 54,      2.876,      0.000,      0.000,  -3.05372,	   1.68454,	   5.52413
12   ,  236 06 23 ,  119 35 54,      2.876,      0.000,      0.000,   2.26491,	   1.72266,	  -1.43227
13   ,  236 06 23 ,  119 35 54,      2.876,      0.000,      0.000,  -3.05377,	   1.69156,	  -1.42325
14   ,  236 06 23 ,  119 35 54,      2.876,      0.000,      0.000,  -3.05372,	   1.68454,	   5.52413
15   ,  236 06 23 ,  119 35 54,      2.876,      0.000,      0.000,   3.22422,	   1.72138,	   5.37905
16   ,  236 06 23 ,  119 35 54,      2.876,      0.000,      0.000,   3.56939,	   1.72448,	   4.31359
17   ,  236 06 23 ,  119 35 54,      2.876,      0.000,      0.000,   3.53577,	   1.72747,	   1.16159
18   ,  236 06 23 ,  119 35 54,      2.876,      0.000,      0.000,   2.90917,	   1.72560,	  -0.61665
19   ,  236 06 23 ,  119 35 54,      2.876,      0.000,      0.000,   2.26491,	   1.72266,	  -1.43227
20   ,  236 06 23 ,  119 35 54,      2.876,      0.000,      0.000,  -3.05377,	   1.69156,	  -1.42325
21   ,  236 06 23 ,  119 35 54,      2.876,      0.000,      0.000,  -3.03824,	  -0.77378,	  -1.42054
22   ,  236 06 23 ,  119 35 54,      2.876,      0.000,      0.000,  -3.03824,	  -0.77378,	   5.52502
23   ,  236 06 23 ,  119 35 54,      2.876,      0.000,      0.000,  -3.05372,	   1.68454,	   5.52413
24   ,  236 06 23 ,  119 35 54,      2.876,      0.000,      0.000,  -3.05377,	   1.69156,	  -1.42325
25   ,  236 06 23 ,  119 35 54,      2.876,      0.000,      0.000,   1.68044,	  -0.75018,	  -1.42854
26   ,  236 06 23 ,  119 35 54,      2.876,      0.000,      0.000,  -3.03824,	  -0.77378,	  -1.42054
27   ,  236 06 23 ,  119 35 54,      2.876,      0.000,      0.000,  -3.03824,	  -0.77378,	   5.52502
28   ,  236 06 23 ,  119 35 54,      2.876,      0.000,      0.000,   3.23449,	  -0.74241,	   5.38007
29   ,  236 06 23 ,  119 35 54,      2.876,      0.000,      0.000,   3.56861,	  -0.74074,	   4.34875
30   ,  236 06 23 ,  119 35 54,      2.876,      0.000,      0.000,   3.54600,	  -0.74085,	   2.22942
31   ,  236 06 23 ,  119 35 54,      2.876,      0.000,      0.000,   2.72088,	  -0.74498,	  -0.11148
32   ,  236 06 23 ,  119 35 54,      2.876,      0.000,      0.000,   1.68044,	  -0.75018,	  -1.42854
33   ,  236 06 23 ,  119 35 54,      2.876,      0.000,      0.000,   2.26491,	   1.72266,	  -1.43227
34   ,  236 06 23 ,  119 35 54,      2.876,      0.000,      0.000,   1.68044,	  -0.75018,	  -1.42854
35   ,  236 06 23 ,  119 35 54,      2.876,      0.000,      0.000,   2.72088,	  -0.74498,	  -0.11148
36   ,  236 06 23 ,  119 35 54,      2.876,      0.000,      0.000,   2.90917,	   1.72560,	  -0.61665
37   ,  236 06 23 ,  119 35 54,      2.876,      0.000,      0.000,   2.26491,	   1.72266,	  -1.43227
38   ,  236 06 23 ,  119 35 54,      2.876,      0.000,      0.000,   2.90917,	   1.72560,	  -0.61665
39   ,  236 06 23 ,  119 35 54,      2.876,      0.000,      0.000,   2.72088,	  -0.74498,	  -0.11148
40   ,  236 06 23 ,  119 35 54,      2.876,      0.000,      0.000,   3.54600,	  -0.74085,	   2.22942
41   ,  236 06 23 ,  119 35 54,      2.876,      0.000,      0.000,   3.53577,	   1.72747,	   1.16159
42   ,  236 06 23 ,  119 35 54,      2.876,      0.000,      0.000,   2.90917,	   1.72560,	  -0.61665
43   ,  236 06 23 ,  119 35 54,      2.876,      0.000,      0.000,   3.53577,	   1.72747,	   1.16159
44   ,  236 06 23 ,  119 35 54,      2.876,      0.000,      0.000,   3.54600,	  -0.74085,	   2.22942
45   ,  236 06 23 ,  119 35 54,      2.876,      0.000,      0.000,   3.56861,	  -0.74074,	   4.34875
46   ,  236 06 23 ,  119 35 54,      2.876,      0.000,      0.000,   3.56939,	   1.72448,	   4.31359
47   ,  236 06 23 ,  119 35 54,      2.876,      0.000,      0.000,   3.53577,	   1.72747,	   1.16159
48   ,  236 06 23 ,  119 35 54,      2.876,      0.000,      0.000,   3.56939,	   1.72448,	   4.31359
49   ,  236 06 23 ,  119 35 54,      2.876,      0.000,      0.000,   3.56861,	  -0.74074,	   4.34875
50   ,  236 06 23 ,  119 35 54,      2.876,      0.000,      0.000,   3.23449,	  -0.74241,	   5.38007
51   ,  236 06 23 ,  119 35 54,      2.876,      0.000,      0.000,   3.22422,	   1.72138,	   5.37905
52   ,  236 06 23 ,  119 35 54,      2.876,      0.000,      0.000,   3.56939,	   1.72448,	   4.31359
