   Point ID     ,  Hz.(º ' "),  V.(º ' "),Slope Dist.(m),Refl.Ht.(m),Inst.Ht.(m),Easting(m),  Northing(m),  Height(m)
ADG             ,  359 59 55 ,   89 58 22,          0,      0.000,      0.000,            0,            0,          0
2               ,    0 01 12 ,   89 56 27,      8.596,      0.000,      0.000,        0.003,        8.596,      0.009
3               ,    7 36 54 ,  127 52 17,      2.345,      0.000,      0.000,        0.245,        1.835,     -1.440
4               ,    6 58 35 ,   15 45 33,      7.142,      0.000,      0.000,        0.236,        1.925,      6.873
5               ,   20 05 32 ,   95 57 27,      9.241,      0.000,      0.000,        3.157,        8.632,     -0.959
6               ,   20 05 33 ,   82 24 43,      9.276,      0.000,      0.000,        3.159,        8.635,      1.225
7               ,   20 05 33 ,   72 48 38,      9.632,      0.000,      0.000,        3.161,        8.641,      2.846
8               ,   20 05 34 ,   63 48 15,     10.257,      0.000,      0.000,        3.162,        8.644,      4.528
9               ,   20 05 39 ,   57 42 40,     10.892,      0.000,      0.000,        3.164,        8.647,      5.818
10              ,   20 05 34 ,   54 10 13,     11.362,      0.000,      0.000,        3.165,        8.651,      6.651
11              ,   18 34 54 ,   53 45 53,     11.307,      0.000,      0.000,        2.906,        8.645,      6.684
12              ,   18 34 57 ,   63 17 25,     10.200,      0.000,      0.000,        2.904,        8.636,      4.584
13              ,   18 34 47 ,   72 07 10,      9.572,      0.000,      0.000,        2.903,        8.635,      2.939
14              ,   18 34 48 ,   84 06 09,      9.156,      0.000,      0.000,        2.902,        8.633,      0.941
15              ,   18 34 51 ,   95 56 30,      9.158,      0.000,      0.000,        2.902,        8.634,     -0.948
16              ,   10 21 14 ,   95 47 56,      8.809,      0.000,      0.000,        1.575,        8.621,     -0.890
17              ,   10 21 14 ,   85 35 11,      8.795,      0.000,      0.000,        1.576,        8.626,      0.677
18              ,   10 21 13 ,   74 40 52,      9.097,      0.000,      0.000,        1.577,        8.631,      2.403
19              ,   10 21 15 ,   65 48 30,      9.623,      0.000,      0.000,        1.578,        8.635,      3.943
20              ,   10 21 26 ,   58 16 44,     10.325,      0.000,      0.000,        1.579,        8.640,      5.429
21              ,   10 21 21 ,   52 47 45,     11.032,      0.000,      0.000,        1.579,        8.643,      6.670
22              ,    8 49 28 ,   52 48 00,     10.971,      0.000,      0.000,        1.341,        8.635,      6.633
23              ,    8 49 24 ,   57 07 29,     10.400,      0.000,      0.000,        1.340,        8.631,      5.645
24              ,    8 49 21 ,   64 21 13,      9.684,      0.000,      0.000,        1.339,        8.626,      4.191
25              ,    8 49 22 ,   74 11 10,      9.072,      0.000,      0.000,        1.339,        8.626,      2.472
26              ,    8 49 24 ,   86 12 13,      8.744,      0.000,      0.000,        1.338,        8.621,      0.579
27              ,    8 49 27 ,   95 46 23,      8.766,      0.000,      0.000,        1.338,        8.618,     -0.882
28              ,  359 34 53 ,   99 05 23,      8.702,      0.000,      0.000,       -0.063,        8.593,     -1.375
29              ,  359 34 51 ,   90 07 17,      8.595,      0.000,      0.000,       -0.063,        8.595,     -0.018
30              ,    0 06 45 ,   80 42 21,      8.712,      0.000,      0.000,        0.017,        8.597,      1.407
31              ,    0 06 47 ,   69 21 40,      9.188,      0.000,      0.000,        0.017,        8.599,      3.239
32              ,    0 06 54 ,   57 41 52,     10.182,      0.000,      0.000,        0.017,        8.606,      5.441
33              ,    0 06 48 ,   52 16 37,     10.885,      0.000,      0.000,        0.017,        8.610,      6.660
34              ,  357 52 14 ,   52 16 37,     10.886,      0.000,      0.000,       -0.320,        8.605,      6.661
35              ,  357 52 13 ,   62 28 36,      9.705,      0.000,      0.000,       -0.320,        8.601,      4.485
36              ,  357 52 11 ,   73 30 13,      8.969,      0.000,      0.000,       -0.320,        8.594,      2.547
37              ,  357 52 08 ,   86 00 25,      8.618,      0.000,      0.000,       -0.320,        8.591,      0.600
38              ,  357 52 12 ,   98 46 14,      8.695,      0.000,      0.000,       -0.319,        8.587,     -1.326
39              ,  349 23 25 ,   98 46 13,      8.820,      0.000,      0.000,       -1.605,        8.568,     -1.345
40              ,  349 23 29 ,   89 36 10,      8.716,      0.000,      0.000,       -1.605,        8.567,      0.060
41              ,  349 23 30 ,   78 35 30,      8.891,      0.000,      0.000,       -1.604,        8.567,      1.759
42              ,  349 39 03 ,   68 46 39,      9.347,      0.000,      0.000,       -1.565,        8.571,      3.383
43              ,  349 39 06 ,   58 30 39,     10.216,      0.000,      0.000,       -1.565,        8.570,      5.336
44              ,  349 39 12 ,   52 25 12,     10.993,      0.000,      0.000,       -1.565,        8.570,      6.704
45              ,  347 27 07 ,   62 14 38,      9.913,      0.000,      0.000,       -1.906,        8.563,      4.617
46              ,  347 27 01 ,   71 17 05,      9.262,      0.000,      0.000,       -1.906,        8.563,      2.972
47              ,  347 27 01 ,   82 37 09,      8.844,      0.000,      0.000,       -1.906,        8.561,      1.136
48              ,  347 27 01 ,   90 56 48,      8.772,      0.000,      0.000,       -1.906,        8.561,     -0.145
49              ,  347 27 05 ,   98 31 34,      8.872,      0.000,      0.000,       -1.906,        8.564,     -1.315
50              ,  339 49 36 ,   83 19 03,      9.154,      0.000,      0.000,       -3.135,        8.534,      1.065
51              ,  339 49 33 ,   77 17 56,      9.322,      0.000,      0.000,       -3.136,        8.536,      2.050
52              ,  339 49 31 ,   73 31 53,      9.483,      0.000,      0.000,       -3.136,        8.536,      2.688
53              ,  339 05 37 ,   64 47 21,     10.098,      0.000,      0.000,       -3.260,        8.534,      4.301
54              ,  340 08 57 ,   62 41 05,     10.208,      0.000,      0.000,       -3.080,        8.531,      4.684
55              ,   14 11 59 ,   95 43 27,      9.684,      0.000,      0.000,        2.364,        9.341,     -0.966
56              ,   14 12 00 ,   86 48 43,      9.651,      0.000,      0.000,        2.364,        9.341,      0.537
57              ,   14 12 03 ,   73 05 35,     10.075,      0.000,      0.000,        2.365,        9.345,      2.930
58              ,   14 12 06 ,   61 41 09,     10.957,      0.000,      0.000,        2.367,        9.351,      5.197
59              ,   14 12 03 ,   55 28 03,     11.716,      0.000,      0.000,        2.368,        9.356,      6.641
60              ,   13 01 22 ,   55 28 03,     11.656,      0.000,      0.000,        2.164,        9.355,      6.608
61              ,   12 28 44 ,   70 15 48,     10.169,      0.000,      0.000,        2.068,        9.345,      3.434
62              ,   12 28 43 ,   83 58 11,      9.621,      0.000,      0.000,        2.067,        9.342,      1.011
63              ,   12 28 41 ,   95 34 35,      9.609,      0.000,      0.000,        2.066,        9.338,     -0.934
64              ,    3 57 34 ,   95 34 31,      9.379,      0.000,      0.000,        0.645,        9.313,     -0.911
65              ,    3 00 00 ,   87 19 18,      9.338,      0.000,      0.000,        0.488,        9.315,      0.436
66              ,    3 00 01 ,   76 58 52,      9.577,      0.000,      0.000,        0.488,        9.318,      2.157
67              ,    3 00 10 ,   69 51 07,      9.940,      0.000,      0.000,        0.489,        9.319,      3.424
68              ,    3 00 15 ,   61 05 37,     10.662,      0.000,      0.000,        0.489,        9.320,      5.154
69              ,    3 00 14 ,   54 18 04,     11.502,      0.000,      0.000,        0.490,        9.328,      6.712
70              ,  355 21 41 ,   54 18 08,     11.499,      0.000,      0.000,       -0.755,        9.308,      6.710
71              ,  355 21 39 ,   63 07 07,     10.464,      0.000,      0.000,       -0.755,        9.302,      4.731
72              ,  355 21 38 ,   71 09 41,      9.857,      0.000,      0.000,       -0.755,        9.299,      3.183
73              ,  355 21 37 ,   80 16 34,      9.460,      0.000,      0.000,       -0.754,        9.294,      1.598
74              ,  355 21 37 ,   89 29 35,      9.322,      0.000,      0.000,       -0.754,        9.291,      0.082
75              ,  355 21 36 ,   98 29 20,      9.421,      0.000,      0.000,       -0.754,        9.287,     -1.391
76              ,  352 44 20 ,   98 29 12,      9.465,      0.000,      0.000,       -1.183,        9.286,     -1.397
77              ,  352 44 23 ,   88 49 44,      9.362,      0.000,      0.000,       -1.183,        9.285,      0.191
78              ,  353 00 14 ,   76 51 08,      9.609,      0.000,      0.000,       -1.140,        9.288,      2.186
79              ,  353 00 13 ,   65 56 00,     10.251,      0.000,      0.000,       -1.140,        9.290,      4.180
80              ,  353 00 10 ,   57 57 27,     11.046,      0.000,      0.000,       -1.141,        9.294,      5.861
81              ,  353 00 17 ,   54 25 46,     11.513,      0.000,      0.000,       -1.140,        9.295,      6.697
82              ,  345 42 53 ,   63 58 34,     10.640,      0.000,      0.000,       -2.359,        9.266,      4.668
83              ,  345 42 52 ,   69 09 44,     10.226,      0.000,      0.000,       -2.358,        9.261,      3.638
84              ,  345 42 52 ,   77 48 20,      9.778,      0.000,      0.000,       -2.358,        9.262,      2.065
85              ,  345 42 52 ,   86 01 33,      9.584,      0.000,      0.000,       -2.359,        9.266,      0.664
86              ,  345 42 53 ,   92 25 18,      9.572,      0.000,      0.000,       -2.360,        9.268,     -0.404
87              ,  345 42 55 ,   97 47 43,      9.656,      0.000,      0.000,       -2.360,        9.271,     -1.310
88              ,  343 35 02 ,   90 23 54,      9.655,      0.000,      0.000,       -2.728,        9.261,     -0.067
89              ,  343 35 02 ,   81 05 37,      9.766,      0.000,      0.000,       -2.727,        9.255,      1.512
90              ,  343 35 03 ,   74 34 49,     10.005,      0.000,      0.000,       -2.726,        9.252,      2.660
91              ,  343 35 02 ,   67 14 31,     10.455,      0.000,      0.000,       -2.725,        9.248,      4.044
92              ,  343 35 05 ,   61 49 11,     10.944,      0.000,      0.000,       -2.726,        9.254,      5.168
93              ,  344 31 06 ,   98 07 45,      9.393,      0.000,      0.000,       -2.482,        8.961,     -1.328
94              ,  343 02 57 ,   93 39 07,      9.376,      0.000,      0.000,       -2.728,        8.951,     -0.597
95              ,  337 50 58 ,   94 09 31,      7.896,      0.000,      0.000,       -2.969,        7.294,     -0.573
96              ,  338 31 01 ,  100 15 26,      7.604,      0.000,      0.000,       -2.740,        6.963,     -1.354
97              ,  331 45 22 ,  102 09 34,      6.333,      0.000,      0.000,       -2.930,        5.454,     -1.334
98              ,  329 25 08 ,   95 14 53,      6.313,      0.000,      0.000,       -3.198,        5.412,     -0.577
99              ,  336 48 11 ,   97 27 06,      7.449,      0.000,      0.000,       -2.909,        6.789,     -0.966
100             ,  342 03 58 ,   96 17 02,      8.806,      0.000,      0.000,       -2.695,        8.328,     -0.964
101             ,  331 39 57 ,   98 07 17,      6.510,      0.000,      0.000,       -3.059,        5.672,     -0.920
102             ,  342 34 08 ,   92 00 02,      9.374,      0.000,      0.000,       -2.806,        8.938,     -0.327
103             ,  339 50 27 ,   87 15 27,      8.880,      0.000,      0.000,       -3.057,        8.326,      0.425
104             ,  338 46 11 ,   81 39 46,      9.065,      0.000,      0.000,       -3.248,        8.360,      1.314
105             ,  334 31 50 ,   87 12 50,      7.557,      0.000,      0.000,       -3.246,        6.815,      0.367
106             ,  329 07 04 ,   93 16 12,      6.352,      0.000,      0.000,       -3.255,        5.443,     -0.362
107             ,  336 33 52 ,   92 03 27,      7.740,      0.000,      0.000,       -3.076,        7.097,     -0.278
108             ,  336 34 00 ,   88 44 25,      7.918,      0.000,      0.000,       -3.148,        7.263,      0.174
109             ,  340 14 52 ,   89 52 27,      8.807,      0.000,      0.000,       -2.976,        8.289,      0.019
110             ,  328 57 15 ,  102 53 14,      5.901,      0.000,      0.000,       -2.967,        4.928,     -1.316
111             ,  326 23 43 ,   95 22 58,      5.860,      0.000,      0.000,       -3.229,        4.859,     -0.550
112             ,  308 26 38 ,   96 53 08,      4.132,      0.000,      0.000,       -3.213,        2.550,     -0.495
113             ,  310 11 03 ,  109 14 37,      4.050,      0.000,      0.000,       -2.921,        2.467,     -1.335
114             ,  286 48 10 ,  114 14 58,      3.300,      0.000,      0.000,       -2.880,        0.870,     -1.355
115             ,  284 53 48 ,   98 43 30,      3.326,      0.000,      0.000,       -3.177,        0.845,     -0.504
116             ,  263 30 53 ,   98 47 04,      3.217,      0.000,      0.000,       -3.159,       -0.359,     -0.491
117             ,  260 57 27 ,  114 40 52,      3.192,      0.000,      0.000,       -2.864,       -0.456,     -1.333
118             ,  236 59 53 ,  111 53 45,      3.649,      0.000,      0.000,       -2.839,       -1.844,     -1.361
119             ,  236 59 47 ,   97 52 24,      3.766,      0.000,      0.000,       -3.129,       -2.032,     -0.516
120             ,  223 38 28 ,   96 11 22,      4.537,      0.000,      0.000,       -3.113,       -3.264,     -0.489
121             ,  223 38 30 ,  107 31 02,      4.322,      0.000,      0.000,       -2.845,       -2.983,     -1.301
122             ,  212 07 05 ,  104 19 04,      5.435,      0.000,      0.000,       -2.800,       -4.460,     -1.344
123             ,  212 06 48 ,   94 39 45,      5.827,      0.000,      0.000,       -3.087,       -4.919,     -0.474
124             ,  210 17 38 ,   94 41 07,      6.114,      0.000,      0.000,       -3.074,       -5.262,     -0.499
125             ,  210 18 10 ,   98 12 32,      5.916,      0.000,      0.000,       -2.955,       -5.056,     -0.845
126             ,  223 05 19 ,  101 48 06,      4.443,      0.000,      0.000,       -2.971,       -3.176,     -0.909
127             ,  256 24 39 ,  107 39 47,      3.219,      0.000,      0.000,       -2.981,       -0.721,     -0.977
128             ,  287 24 22 ,  107 39 14,      3.304,      0.000,      0.000,       -3.004,        0.942,     -1.002
129             ,  314 54 37 ,  102 34 12,      4.418,      0.000,      0.000,       -3.054,        3.044,     -0.961
130             ,  327 27 14 ,   99 37 06,      5.821,      0.000,      0.000,       -3.088,        4.838,     -0.973
131             ,  338 26 12 ,   79 14 32,      9.137,      0.000,      0.000,       -3.299,        8.348,      1.705
132             ,  338 23 17 ,   71 56 50,      9.415,      0.000,      0.000,       -3.297,        8.323,      2.918
133             ,  338 24 39 ,   64 35 53,      9.913,      0.000,      0.000,       -3.295,        8.327,      4.252
134             ,  332 19 01 ,   59 02 30,      8.178,      0.000,      0.000,       -3.258,        6.210,      4.207
135             ,  330 57 22 ,   66 37 59,      7.337,      0.000,      0.000,       -3.270,        5.888,      2.910
136             ,  330 57 23 ,   79 59 14,      6.866,      0.000,      0.000,       -3.282,        5.911,      1.194
137             ,  330 57 24 ,   88 23 49,      6.776,      0.000,      0.000,       -3.288,        5.922,      0.190
138             ,  326 57 52 ,   93 26 53,      6.017,      0.000,      0.000,       -3.274,        5.035,     -0.362
139             ,  326 57 56 ,   84 52 41,      6.021,      0.000,      0.000,       -3.269,        5.028,      0.538
140             ,  326 58 03 ,   72 31 53,      6.277,      0.000,      0.000,       -3.264,        5.019,      1.884
141             ,  326 58 00 ,   65 43 13,      6.558,      0.000,      0.000,       -3.259,        5.012,      2.697
142             ,  326 34 44 ,   54 11 28,      7.233,      0.000,      0.000,       -3.231,        4.896,      4.232
143             ,  309 13 01 ,   44 12 56,      5.876,      0.000,      0.000,       -3.175,        2.591,      4.211
144             ,  308 17 48 ,   56 26 34,      4.900,      0.000,      0.000,       -3.205,        2.531,      2.709
145             ,  305 33 14 ,   66 21 34,      4.310,      0.000,      0.000,       -3.212,        2.296,      1.728
146             ,  305 33 21 ,   84 09 48,      3.991,      0.000,      0.000,       -3.230,        2.309,      0.406
147             ,  305 33 29 ,   93 58 21,      3.984,      0.000,      0.000,       -3.233,        2.311,     -0.276
148             ,  285 59 27 ,   95 21 16,      3.348,      0.000,      0.000,       -3.205,        0.918,     -0.312
149             ,  285 59 26 ,   82 45 24,      3.362,      0.000,      0.000,       -3.206,        0.919,      0.424
150             ,  285 59 31 ,   69 10 52,      3.558,      0.000,      0.000,       -3.197,        0.916,      1.265
151             ,  285 59 43 ,   60 05 41,      3.824,      0.000,      0.000,       -3.187,        0.914,      1.907
152             ,  287 32 21 ,   48 58 10,      4.409,      0.000,      0.000,       -3.171,        1.002,      2.894
153             ,  287 32 10 ,   37 49 29,      5.384,      0.000,      0.000,       -3.148,        0.995,      4.253
154             ,  259 29 19 ,   36 57 28,      5.305,      0.000,      0.000,       -3.136,       -0.582,      4.239
155             ,  261 28 28 ,   47 02 47,      4.353,      0.000,      0.000,       -3.151,       -0.472,      2.966
156             ,  261 28 30 ,   55 23 17,      3.884,      0.000,      0.000,       -3.162,       -0.474,      2.206
157             ,  261 28 27 ,   68 20 12,      3.452,      0.000,      0.000,       -3.173,       -0.476,      1.274
158             ,  261 28 26 ,   75 53 40,      3.312,      0.000,      0.000,       -3.177,       -0.476,      0.807
159             ,  261 28 24 ,   92 35 52,      3.217,      0.000,      0.000,       -3.178,       -0.476,     -0.146
160             ,  239 27 33 ,   93 17 38,      3.670,      0.000,      0.000,       -3.156,       -1.862,     -0.211
161             ,  239 27 36 ,   75 06 37,      3.785,      0.000,      0.000,       -3.150,       -1.859,      0.973
162             ,  239 27 39 ,   68 31 46,      3.926,      0.000,      0.000,       -3.147,       -1.857,      1.437
163             ,  239 27 36 ,   58 01 27,      4.297,      0.000,      0.000,       -3.140,       -1.852,      2.276
164             ,  239 27 47 ,   50 57 49,      4.683,      0.000,      0.000,       -3.133,       -1.848,      2.950
165             ,  239 40 54 ,   40 08 37,      5.597,      0.000,      0.000,       -3.115,       -1.822,      4.279
166             ,  222 48 26 ,   46 50 37,      6.233,      0.000,      0.000,       -3.090,       -3.336,      4.264
167             ,  224 19 45 ,   56 44 49,      5.324,      0.000,      0.000,       -3.111,       -3.185,      2.919
168             ,  224 19 41 ,   62 55 12,      5.010,      0.000,      0.000,       -3.117,       -3.191,      2.281
169             ,  224 19 43 ,   74 05 29,      4.651,      0.000,      0.000,       -3.125,       -3.200,      1.275
170             ,  224 19 39 ,   79 50 53,      4.550,      0.000,      0.000,       -3.129,       -3.204,      0.802
171             ,  224 19 42 ,   92 55 10,      4.488,      0.000,      0.000,       -3.132,       -3.206,     -0.229
172             ,  210 18 23 ,   92 40 03,      6.152,      0.000,      0.000,       -3.101,       -5.305,     -0.286
173             ,  210 18 26 ,   80 50 22,      6.200,      0.000,      0.000,       -3.089,       -5.284,      0.987
174             ,  210 18 25 ,   76 29 40,      6.283,      0.000,      0.000,       -3.083,       -5.274,      1.467
175             ,  210 18 28 ,   67 48 05,      6.582,      0.000,      0.000,       -3.075,       -5.261,      2.487
176             ,  210 18 37 ,   63 34 29,      6.796,      0.000,      0.000,       -3.072,       -5.254,      3.025
177             ,  210 44 56 ,   54 55 59,      7.321,      0.000,      0.000,       -3.064,       -5.150,      4.206
178             ,  216 32 20 ,   70 19 28,      5.532,      0.000,      0.000,       -3.101,       -4.185,      1.862
179             ,  242 29 44 ,   62 42 48,      3.996,      0.000,      0.000,       -3.150,       -1.640,      1.832
180             ,  277 50 14 ,   61 04 46,      3.665,      0.000,      0.000,       -3.178,        0.437,      1.772
181             ,  320 04 32 ,   70 28 55,      5.357,      0.000,      0.000,       -3.240,        3.872,      1.790
182             ,  334 00 53 ,   76 57 15,      7.693,      0.000,      0.000,       -3.284,        6.737,      1.737
183             ,  319 01 04 ,   86 38 41,      4.970,      0.000,      0.000,       -3.254,        3.745,      0.291
184             ,  288 14 22 ,   84 44 12,      3.396,      0.000,      0.000,       -3.212,        1.058,      0.312
185             ,  254 18 43 ,   83 57 39,      3.314,      0.000,      0.000,       -3.173,       -0.891,      0.349
186             ,  225 24 25 ,   84 49 56,      4.422,      0.000,      0.000,       -3.136,       -3.092,      0.398
187             ,  210 03 52 ,   86 43 30,      6.188,      0.000,      0.000,       -3.095,       -5.346,      0.353
188             ,  338 41 37 ,   64 06 54,     10.042,      0.000,      0.000,       -3.283,        8.417,      4.384
189             ,  340 08 33 ,   59 41 57,     10.241,      0.000,      0.000,       -3.003,        8.316,      5.167
190             ,  339 03 14 ,   58 08 14,      9.815,      0.000,      0.000,       -2.980,        7.785,      5.181
191             ,  337 47 46 ,   60 28 42,      9.552,      0.000,      0.000,       -3.141,        7.696,      4.707
192             ,  335 40 00 ,   60 59 32,      9.029,      0.000,      0.000,       -3.254,        7.195,      4.378
193             ,  332 23 21 ,   57 35 08,      8.234,      0.000,      0.000,       -3.222,        6.160,      4.414
194             ,  332 23 25 ,   54 21 34,      8.211,      0.000,      0.000,       -3.093,        5.913,      4.785
195             ,  332 23 14 ,   50 04 33,      8.209,      0.000,      0.000,       -2.918,        5.579,      5.269
196             ,  324 48 00 ,   43 47 01,      7.266,      0.000,      0.000,       -2.898,        4.108,      5.246
197             ,  324 41 15 ,   47 12 58,      7.150,      0.000,      0.000,       -3.033,        4.282,      4.857
198             ,  324 41 22 ,   50 58 38,      7.076,      0.000,      0.000,       -3.178,        4.486,      4.455
199             ,  315 50 09 ,   38 46 38,      6.636,      0.000,      0.000,       -2.896,        2.981,      5.173
200             ,  315 50 07 ,   43 13 01,      6.441,      0.000,      0.000,       -3.073,        3.164,      4.694
201             ,  315 50 09 ,   45 32 50,      6.357,      0.000,      0.000,       -3.162,        3.255,      4.452
202             ,  310 39 27 ,   43 16 11,      6.057,      0.000,      0.000,       -3.150,        2.705,      4.410
203             ,  305 48 11 ,   37 36 19,      6.067,      0.000,      0.000,       -3.002,        2.166,      4.806
204             ,  300 17 18 ,   32 09 39,      6.194,      0.000,      0.000,       -2.847,        1.663,      5.244
205             ,  285 50 23 ,   29 14 31,      6.022,      0.000,      0.000,       -2.830,        0.803,      5.254
206             ,  285 50 21 ,   33 02 01,      5.714,      0.000,      0.000,       -2.997,        0.850,      4.790
207             ,  285 50 25 ,   36 19 16,      5.485,      0.000,      0.000,       -3.126,        0.887,      4.420
208             ,  265 06 24 ,   34 56 39,      5.440,      0.000,      0.000,       -3.104,       -0.266,      4.459
209             ,  263 17 24 ,   32 13 58,      5.655,      0.000,      0.000,       -2.995,       -0.352,      4.783
210             ,  255 45 54 ,   28 45 51,      6.033,      0.000,      0.000,       -2.814,       -0.714,      5.289
211             ,  224 53 21 ,   36 40 42,      6.599,      0.000,      0.000,       -2.782,       -2.793,      5.292
212             ,  224 53 18 ,   41 33 26,      6.345,      0.000,      0.000,       -2.970,       -2.982,      4.748
213             ,  224 53 14 ,   44 22 50,      6.219,      0.000,      0.000,       -3.070,       -3.082,      4.445
214             ,  212 06 44 ,   51 55 28,      7.253,      0.000,      0.000,       -3.035,       -4.836,      4.473
215             ,  212 06 40 ,   48 03 49,      7.320,      0.000,      0.000,       -2.895,       -4.613,      4.892
216             ,  212 06 28 ,   44 28 39,      7.409,      0.000,      0.000,       -2.759,       -4.397,      5.286
217             ,  209 36 03 ,   49 59 29,      7.618,      0.000,      0.000,       -2.882,       -5.074,      4.898
218             ,  209 36 19 ,   44 43 40,      7.583,      0.000,      0.000,       -2.636,       -4.640,      5.387
219             ,  221 51 23 ,   36 29 44,      6.704,      0.000,      0.000,       -2.660,       -2.970,      5.389
220             ,  252 56 00 ,   27 47 34,      6.087,      0.000,      0.000,       -2.713,       -0.833,      5.385
221             ,  291 45 02 ,   28 43 51,      6.141,      0.000,      0.000,       -2.742,        1.094,      5.385
222             ,  322 28 41 ,   39 54 02,      7.007,      0.000,      0.000,       -2.738,        3.565,      5.376
223             ,  333 22 40 ,   49 26 52,      8.263,      0.000,      0.000,       -2.813,        5.613,      5.372
224             ,  341 54 35 ,   59 42 27,     10.620,      0.000,      0.000,       -2.847,        8.717,      5.357
225             ,  343 17 12 ,   60 39 55,     10.924,      0.000,      0.000,       -2.739,        9.121,      5.352
226             ,  344 18 15 ,   60 25 02,     10.853,      0.000,      0.000,       -2.553,        9.086,      5.358
227             ,  335 58 13 ,   48 41 06,      8.134,      0.000,      0.000,       -2.488,        5.580,      5.370
228             ,  328 44 28 ,   37 41 17,      6.798,      0.000,      0.000,       -2.157,        3.553,      5.380
229             ,  315 09 54 ,   29 20 20,      6.182,      0.000,      0.000,       -2.136,        2.148,      5.389
230             ,  288 19 43 ,   22 30 14,      5.838,      0.000,      0.000,       -2.121,        0.703,      5.393
231             ,  250 20 52 ,   26 03 45,      5.995,      0.000,      0.000,       -2.480,       -0.886,      5.385
232             ,  231 57 57 ,   26 11 41,      6.023,      0.000,      0.000,       -2.094,       -1.638,      5.404
233             ,  213 51 04 ,   35 01 42,      6.602,      0.000,      0.000,       -2.111,       -3.147,      5.406
234             ,  206 52 11 ,   43 40 56,      7.473,      0.000,      0.000,       -2.333,       -4.604,      5.405
235             ,  203 59 23 ,   43 00 55,      7.410,      0.000,      0.000,       -2.055,       -4.618,      5.418
236             ,  195 16 31 ,   39 16 29,      8.412,      0.000,      0.000,       -1.403,       -5.137,      6.512
237             ,  195 16 33 ,   43 29 11,      7.762,      0.000,      0.000,       -1.407,       -5.153,      5.632
238             ,  214 54 43 ,   24 22 32,      6.176,      0.000,      0.000,       -1.459,       -2.090,      5.625
239             ,  214 54 44 ,   20 39 54,      7.208,      0.000,      0.000,       -1.456,       -2.086,      6.744
240             ,  204 21 42 ,   29 48 45,      7.014,      0.000,      0.000,       -1.438,       -3.177,      6.086
241             ,  240 06 39 ,   16 46 21,      5.916,      0.000,      0.000,       -1.480,       -0.851,      5.664
242             ,  240 06 38 ,   15 11 35,      6.516,      0.000,      0.000,       -1.480,       -0.851,      6.288
243             ,  240 06 38 ,   14 10 41,      6.989,      0.000,      0.000,       -1.484,       -0.853,      6.776
244             ,  301 42 00 ,   17 36 10,      5.841,      0.000,      0.000,       -1.503,        0.928,      5.568
245             ,  301 42 00 ,   15 49 49,      6.496,      0.000,      0.000,       -1.508,        0.931,      6.250
246             ,  301 42 00 ,   14 38 37,      7.045,      0.000,      0.000,       -1.515,        0.936,      6.816
247             ,  336 11 47 ,   33 39 35,      6.954,      0.000,      0.000,       -1.556,        3.526,      5.788
248             ,  336 11 46 ,   31 28 23,      7.386,      0.000,      0.000,       -1.556,        3.528,      6.299
249             ,  336 11 47 ,   30 09 55,      7.689,      0.000,      0.000,       -1.559,        3.535,      6.647
250             ,  345 01 29 ,   47 26 05,      8.445,      0.000,      0.000,       -1.607,        6.009,      5.713
251             ,  345 01 33 ,   45 21 06,      8.727,      0.000,      0.000,       -1.604,        5.998,      6.133
252             ,  345 01 37 ,   43 14 56,      9.080,      0.000,      0.000,       -1.607,        6.010,      6.614
253             ,  348 42 13 ,   56 24 10,     10.164,      0.000,      0.000,       -1.658,        8.302,      5.624
254             ,  348 42 18 ,   53 30 36,     10.539,      0.000,      0.000,       -1.660,        8.309,      6.268
255             ,  348 42 17 ,   51 40 00,     10.804,      0.000,      0.000,       -1.660,        8.311,      6.701
256             ,  207 40 44 ,  104 23 56,      5.489,      0.000,      0.000,       -2.470,       -4.708,     -1.365
257             ,  207 40 53 ,   86 13 22,      5.328,      0.000,      0.000,       -2.470,       -4.708,      0.351
258             ,  207 40 54 ,   72 24 31,      5.573,      0.000,      0.000,       -2.468,       -4.705,      1.684
259             ,  207 41 03 ,   61 10 06,      6.067,      0.000,      0.000,       -2.469,       -4.706,      2.926
260             ,  207 40 56 ,   45 16 27,      7.481,      0.000,      0.000,       -2.469,       -4.707,      5.264
261             ,  203 35 42 ,   43 59 46,      7.364,      0.000,      0.000,       -2.048,       -4.688,      5.298
262             ,  203 35 45 ,   49 19 49,      6.749,      0.000,      0.000,       -2.049,       -4.691,      4.398
263             ,  203 35 50 ,   62 57 15,      5.755,      0.000,      0.000,       -2.052,       -4.697,      2.617
264             ,  203 56 28 ,   73 04 12,      5.370,      0.000,      0.000,       -2.085,       -4.696,      1.564
265             ,  203 56 25 ,   84 38 14,      5.163,      0.000,      0.000,       -2.086,       -4.699,      0.483
266             ,  203 56 26 ,   95 00 26,      5.160,      0.000,      0.000,       -2.086,       -4.698,     -0.450
267             ,  204 11 53 ,  104 55 43,      5.333,      0.000,      0.000,       -2.112,       -4.700,     -1.374
268             ,  191 03 32 ,  105 24 41,      4.946,      0.000,      0.000,       -0.915,       -4.680,     -1.314
269             ,  191 03 35 ,   89 07 11,      4.767,      0.000,      0.000,       -0.914,       -4.678,      0.073
270             ,  191 03 34 ,   75 05 17,      4.932,      0.000,      0.000,       -0.914,       -4.677,      1.269
271             ,  191 03 38 ,   60 04 53,      5.498,      0.000,      0.000,       -0.914,       -4.677,      2.742
272             ,  191 03 41 ,   47 23 11,      6.478,      0.000,      0.000,       -0.915,       -4.679,      4.386
273             ,  191 03 15 ,   35 30 35,      8.211,      0.000,      0.000,       -0.914,       -4.681,      6.684
274             ,  186 16 22 ,   35 30 51,      8.072,      0.000,      0.000,       -0.512,       -4.661,      6.571
275             ,  186 16 19 ,   44 29 46,      6.694,      0.000,      0.000,       -0.513,       -4.664,      4.775
276             ,  186 16 26 ,   61 53 57,      5.328,      0.000,      0.000,       -0.514,       -4.672,      2.510
277             ,  186 16 28 ,   79 02 07,      4.785,      0.000,      0.000,       -0.513,       -4.670,      0.910
278             ,  186 16 27 ,   92 18 53,      4.704,      0.000,      0.000,       -0.514,       -4.672,     -0.190
279             ,  186 16 32 ,  104 34 11,      4.858,      0.000,      0.000,       -0.514,       -4.673,     -1.222
280             ,  171 25 32 ,  104 11 33,      4.854,      0.000,      0.000,        0.702,       -4.654,     -1.190
281             ,  171 25 35 ,   88 01 14,      4.710,      0.000,      0.000,        0.702,       -4.655,      0.163
282             ,  171 25 36 ,   72 19 05,      4.944,      0.000,      0.000,        0.702,       -4.658,      1.502
283             ,  171 25 39 ,   57 12 28,      5.602,      0.000,      0.000,        0.702,       -4.657,      3.034
284             ,  171 25 38 ,   43 48 03,      6.809,      0.000,      0.000,        0.703,       -4.660,      4.914
285             ,  171 25 19 ,   35 22 43,      8.129,      0.000,      0.000,        0.702,       -4.654,      6.628
286             ,  167 03 01 ,   35 57 24,      8.122,      0.000,      0.000,        1.069,       -4.648,      6.575
287             ,  166 32 12 ,   41 59 44,      7.144,      0.000,      0.000,        1.113,       -4.648,      5.309
288             ,  167 08 32 ,   55 24 59,      5.794,      0.000,      0.000,        1.061,       -4.650,      3.288
289             ,  167 08 29 ,   70 42 38,      5.054,      0.000,      0.000,        1.062,       -4.651,      1.669
290             ,  167 08 27 ,   88 21 48,      4.772,      0.000,      0.000,        1.062,       -4.651,      0.136
291             ,  167 08 27 ,  103 59 56,      4.915,      0.000,      0.000,        1.061,       -4.649,     -1.189
292             ,  152 03 47 ,   92 16 59,      5.252,      0.000,      0.000,        2.459,       -4.637,     -0.209
293             ,  152 03 52 ,   77 49 23,      5.371,      0.000,      0.000,        2.460,       -4.638,      1.133
294             ,  152 04 04 ,   53 02 40,      6.576,      0.000,      0.000,        2.461,       -4.643,      3.953
295             ,  152 04 05 ,   46 19 26,      7.267,      0.000,      0.000,        2.462,       -4.643,      5.018
296             ,  152 03 55 ,   37 50 17,      8.555,      0.000,      0.000,        2.458,       -4.636,      6.756
297             ,  150 08 48 ,   38 20 26,      8.609,      0.000,      0.000,        2.659,       -4.632,      6.753
298             ,  150 08 43 ,   48 31 25,      7.140,      0.000,      0.000,        2.663,       -4.639,      4.729
299             ,  150 08 41 ,   55 30 22,      6.487,      0.000,      0.000,        2.661,       -4.637,      3.673
300             ,  150 08 43 ,   83 51 52,      5.376,      0.000,      0.000,        2.661,       -4.636,      0.575
301             ,  150 08 49 ,  102 18 46,      5.466,      0.000,      0.000,        2.658,       -4.631,     -1.166
302             ,  209 34 52 ,   93 23 49,      6.248,      0.000,      0.000,       -3.079,       -5.424,     -0.370
303             ,  209 25 53 ,   82 04 58,      6.280,      0.000,      0.000,       -3.056,       -5.417,      0.865
304             ,  209 25 59 ,   71 54 29,      6.540,      0.000,      0.000,       -3.055,       -5.415,      2.031
305             ,  209 16 44 ,   63 28 25,      6.940,      0.000,      0.000,       -3.037,       -5.416,      3.100
306             ,  209 02 53 ,   54 26 38,      7.613,      0.000,      0.000,       -3.007,       -5.415,      4.427
307             ,  197 44 12 ,  102 47 16,      5.817,      0.000,      0.000,       -1.728,       -5.403,     -1.288
308             ,  197 44 10 ,   87 48 58,      5.678,      0.000,      0.000,       -1.728,       -5.404,      0.216
309             ,  197 44 13 ,   80 32 06,      5.754,      0.000,      0.000,       -1.729,       -5.406,      0.946
310             ,  197 44 15 ,   69 54 56,      6.041,      0.000,      0.000,       -1.728,       -5.404,      2.074
311             ,  197 28 27 ,   59 35 53,      6.568,      0.000,      0.000,       -1.701,       -5.404,      3.324
312             ,  197 28 21 ,   56 52 41,      6.763,      0.000,      0.000,       -1.701,       -5.403,      3.696
313             ,  193 39 07 ,   39 46 03,      8.690,      0.000,      0.000,       -1.312,       -5.402,      6.680
314             ,  193 39 14 ,   44 21 44,      7.945,      0.000,      0.000,       -1.311,       -5.398,      5.680
315             ,  193 39 18 ,   61 15 56,      6.338,      0.000,      0.000,       -1.312,       -5.401,      3.047
316             ,  193 39 19 ,   73 08 01,      5.807,      0.000,      0.000,       -1.312,       -5.400,      1.685
317             ,  193 39 21 ,   87 15 16,      5.561,      0.000,      0.000,       -1.311,       -5.398,      0.266
318             ,  193 39 18 ,  102 41 40,      5.691,      0.000,      0.000,       -1.311,       -5.395,     -1.251
319             ,  180 07 12 ,  102 39 41,      5.511,      0.000,      0.000,       -0.011,       -5.377,     -1.208
320             ,  180 07 09 ,   89 45 17,      5.374,      0.000,      0.000,       -0.011,       -5.374,      0.023
321             ,  180 07 15 ,   74 30 27,      5.577,      0.000,      0.000,       -0.011,       -5.374,      1.490
322             ,  179 16 13 ,   60 11 10,      6.192,      0.000,      0.000,        0.068,       -5.372,      3.078
323             ,  179 16 18 ,   44 57 17,      7.595,      0.000,      0.000,        0.068,       -5.366,      5.374
324             ,  179 16 17 ,   38 04 33,      8.707,      0.000,      0.000,        0.068,       -5.369,      6.854
325             ,  177 14 18 ,   41 05 11,      8.180,      0.000,      0.000,        0.259,       -5.370,      6.165
326             ,  177 14 34 ,   52 11 06,      6.808,      0.000,      0.000,        0.259,       -5.372,      4.174
327             ,  177 14 34 ,   63 04 31,      6.033,      0.000,      0.000,        0.259,       -5.373,      2.732
328             ,  177 14 39 ,   77 39 04,      5.508,      0.000,      0.000,        0.259,       -5.375,      1.178
329             ,  177 14 47 ,   92 50 57,      5.386,      0.000,      0.000,        0.258,       -5.373,     -0.268
330             ,  164 13 33 ,  103 00 11,      5.711,      0.000,      0.000,        1.513,       -5.355,     -1.285
331             ,  164 13 47 ,   80 57 36,      5.636,      0.000,      0.000,        1.513,       -5.356,      0.886
332             ,  164 26 32 ,   64 22 26,      6.166,      0.000,      0.000,        1.491,       -5.356,      2.667
333             ,  164 26 04 ,   44 36 59,      7.918,      0.000,      0.000,        1.492,       -5.357,      5.636
334             ,  164 26 06 ,   39 07 35,      8.811,      0.000,      0.000,        1.492,       -5.356,      6.836
335             ,  160 47 40 ,   39 59 10,      8.829,      0.000,      0.000,        1.866,       -5.358,      6.765
336             ,  160 47 41 ,   44 35 51,      8.085,      0.000,      0.000,        1.867,       -5.361,      5.757
337             ,  160 47 41 ,   61 58 39,      6.426,      0.000,      0.000,        1.866,       -5.357,      3.019
338             ,  160 47 40 ,   82 32 21,      5.716,      0.000,      0.000,        1.864,       -5.352,      0.742
339             ,  160 47 38 ,  103 47 22,      5.831,      0.000,      0.000,        1.863,       -5.348,     -1.390
340             ,  148 58 41 ,  102 34 37,      6.384,      0.000,      0.000,        3.211,       -5.339,     -1.390
341             ,  148 41 17 ,   85 21 19,      6.266,      0.000,      0.000,        3.246,       -5.336,      0.507
342             ,  148 41 18 ,   72 10 53,      6.558,      0.000,      0.000,        3.245,       -5.334,      2.007
343             ,  148 41 13 ,   58 05 47,      7.357,      0.000,      0.000,        3.246,       -5.336,      3.888
344             ,  148 41 21 ,   48 48 27,      8.295,      0.000,      0.000,        3.244,       -5.333,      5.463
345             ,  148 41 17 ,   42 25 48,      9.250,      0.000,      0.000,        3.244,       -5.332,      6.828
346             ,  146 49 19 ,   42 59 01,      9.336,      0.000,      0.000,        3.483,       -5.327,      6.829
347             ,  146 49 15 ,   49 55 32,      8.318,      0.000,      0.000,        3.483,       -5.327,      5.355
348             ,  146 49 16 ,   61 38 26,      7.236,      0.000,      0.000,        3.485,       -5.330,      3.437
349             ,  146 49 20 ,   72 09 08,      6.684,      0.000,      0.000,        3.482,       -5.325,      2.049
350             ,  146 49 15 ,   83 03 16,      6.415,      0.000,      0.000,        3.485,       -5.329,      0.776
351             ,  146 49 19 ,   94 13 40,      6.385,      0.000,      0.000,        3.484,       -5.329,     -0.471
352             ,  146 49 19 ,  102 26 33,      6.521,      0.000,      0.000,        3.485,       -5.330,     -1.405
353             ,  145 01 41 ,  104 12 55,      5.650,      0.000,      0.000,        3.139,       -4.488,     -1.387
354             ,  145 01 53 ,   85 46 54,      5.516,      0.000,      0.000,        3.153,       -4.508,      0.406
355             ,  145 01 49 ,   64 22 05,      6.123,      0.000,      0.000,        3.164,       -4.524,      2.649
356             ,  145 01 37 ,   52 20 27,      6.979,      0.000,      0.000,        3.167,       -4.527,      4.264
357             ,  145 01 50 ,   42 46 03,      8.166,      0.000,      0.000,        3.178,       -4.544,      5.995
358             ,  145 01 35 ,   39 02 12,      8.825,      0.000,      0.000,        3.186,       -4.555,      6.855
359             ,  141 38 36 ,   36 52 24,      8.533,      0.000,      0.000,        3.177,       -4.015,      6.826
360             ,  141 48 47 ,   46 00 04,      7.131,      0.000,      0.000,        3.171,       -4.032,      4.954
361             ,  142 10 09 ,   67 59 33,      5.549,      0.000,      0.000,        3.156,       -4.064,      2.079
362             ,  142 10 10 ,   86 31 26,      5.136,      0.000,      0.000,        3.144,       -4.049,      0.311
363             ,  142 54 00 ,  104 55 49,      5.383,      0.000,      0.000,        3.137,       -4.148,     -1.387
364             ,  133 12 33 ,   70 43 55,      4.553,      0.000,      0.000,        3.132,       -2.943,      1.502
365             ,  132 54 10 ,   52 18 15,      5.413,      0.000,      0.000,        3.138,       -2.916,      3.310
366             ,  132 53 55 ,   41 24 31,      6.487,      0.000,      0.000,        3.143,       -2.921,      4.865
367             ,  132 53 56 ,   32 10 41,      8.071,      0.000,      0.000,        3.149,       -2.926,      6.831
368             ,  127 43 52 ,   30 18 06,      7.882,      0.000,      0.000,        3.145,       -2.434,      6.805
369             ,  128 20 19 ,   51 04 14,      5.127,      0.000,      0.000,        3.128,       -2.474,      3.222
370             ,  128 20 21 ,   67 17 14,      4.313,      0.000,      0.000,        3.121,       -2.468,      1.665
371             ,  128 20 25 ,   91 43 32,      3.972,      0.000,      0.000,        3.114,       -2.463,     -0.120
372             ,  113 33 30 ,  111 00 50,      3.619,      0.000,      0.000,        3.096,       -1.350,     -1.298
373             ,  113 04 03 ,   78 15 51,      3.443,      0.000,      0.000,        3.102,       -1.321,      0.700
374             ,  113 04 05 ,   57 42 43,      3.997,      0.000,      0.000,        3.109,       -1.324,      2.135
375             ,  113 03 59 ,   44 30 06,      4.824,      0.000,      0.000,        3.111,       -1.325,      3.441
376             ,  113 04 10 ,   35 28 49,      5.831,      0.000,      0.000,        3.114,       -1.326,      4.748
377             ,  113 03 56 ,   27 35 00,      7.331,      0.000,      0.000,        3.123,       -1.330,      6.498
378             ,  105 29 05 ,   26 45 17,      7.167,      0.000,      0.000,        3.109,       -0.861,      6.400
379             ,  105 29 07 ,   44 31 56,      4.585,      0.000,      0.000,        3.099,       -0.858,      3.268
380             ,  105 29 03 ,   67 19 42,      3.477,      0.000,      0.000,        3.092,       -0.857,      1.340
381             ,  105 29 04 ,   89 19 35,      3.204,      0.000,      0.000,        3.088,       -0.855,      0.038
382             ,  105 29 04 ,  109 17 00,      3.388,      0.000,      0.000,        3.082,       -0.854,     -1.119
383             ,   84 25 12 ,  111 14 03,      3.309,      0.000,      0.000,        3.069,        0.300,     -1.198
384             ,   84 25 11 ,   88 57 05,      3.088,      0.000,      0.000,        3.073,        0.300,      0.056
385             ,   84 25 12 ,   55 40 35,      3.748,      0.000,      0.000,        3.081,        0.301,      2.114
386             ,   84 25 12 ,   34 38 29,      5.457,      0.000,      0.000,        3.087,        0.302,      4.489
387             ,   84 25 09 ,   24 42 55,      7.436,      0.000,      0.000,        3.094,        0.302,      6.755
388             ,   76 44 14 ,   25 27 10,      7.387,      0.000,      0.000,        3.090,        0.728,      6.670
389             ,   76 44 11 ,   36 30 16,      5.313,      0.000,      0.000,        3.076,        0.725,      4.271
390             ,   76 44 09 ,   54 50 20,      3.858,      0.000,      0.000,        3.070,        0.724,      2.222
391             ,   76 44 06 ,   77 51 34,      3.218,      0.000,      0.000,        3.062,        0.722,      0.677
392             ,   76 44 19 ,  110 49 35,      3.356,      0.000,      0.000,        3.053,        0.720,     -1.193
393             ,   57 47 28 ,  108 39 35,      3.786,      0.000,      0.000,        3.035,        1.912,     -1.211
394             ,   57 47 35 ,   74 23 32,      3.732,      0.000,      0.000,        3.041,        1.916,      1.004
395             ,   57 47 32 ,   53 24 38,      4.492,      0.000,      0.000,        3.052,        1.922,      2.678
396             ,   57 47 32 ,   38 47 51,      5.773,      0.000,      0.000,        3.061,        1.928,      4.499
397             ,   57 47 34 ,   28 23 22,      7.638,      0.000,      0.000,        3.073,        1.936,      6.719
398             ,   52 30 54 ,   30 07 02,      7.694,      0.000,      0.000,        3.063,        2.349,      6.655
399             ,   52 31 15 ,   39 33 43,      6.040,      0.000,      0.000,        3.053,        2.341,      4.657
400             ,   52 31 14 ,   57 03 22,      4.570,      0.000,      0.000,        3.043,        2.333,      2.485
401             ,   52 31 17 ,   86 29 55,      3.828,      0.000,      0.000,        3.032,        2.325,      0.234
402             ,   52 31 18 ,  106 55 01,      3.989,      0.000,      0.000,        3.029,        2.322,     -1.161
403             ,   40 52 47 ,  103 44 37,      4.741,      0.000,      0.000,        3.014,        3.482,     -1.126
404             ,   40 52 46 ,   87 26 09,      4.617,      0.000,      0.000,        3.019,        3.487,      0.207
405             ,   40 52 51 ,   68 01 16,      4.980,      0.000,      0.000,        3.023,        3.492,      1.864
406             ,   40 52 47 ,   51 48 17,      5.886,      0.000,      0.000,        3.028,        3.498,      3.640
407             ,   40 52 55 ,   40 51 38,      7.081,      0.000,      0.000,        3.032,        3.502,      5.355
408             ,   40 52 55 ,   35 56 21,      7.906,      0.000,      0.000,        3.037,        3.508,      6.401
409             ,   37 51 46 ,   37 13 16,      8.155,      0.000,      0.000,        3.028,        3.894,      6.494
410             ,   37 51 42 ,   50 17 00,      6.403,      0.000,      0.000,        3.023,        3.888,      4.091
411             ,   37 51 40 ,   69 30 03,      5.247,      0.000,      0.000,        3.016,        3.880,      1.837
412             ,   37 51 39 ,   94 46 02,      4.924,      0.000,      0.000,        3.012,        3.874,     -0.409
413             ,   37 51 40 ,  104 27 25,      5.061,      0.000,      0.000,        3.008,        3.870,     -1.264
414             ,   30 16 48 ,  101 27 12,      6.037,      0.000,      0.000,        2.983,        5.109,     -1.199
415             ,   30 16 57 ,   76 04 44,      6.111,      0.000,      0.000,        2.991,        5.122,      1.470
416             ,   30 16 59 ,   56 30 41,      7.122,      0.000,      0.000,        2.995,        5.129,      3.929
417             ,   30 17 00 ,   43 06 09,      8.707,      0.000,      0.000,        3.000,        5.138,      6.357
418             ,   28 47 24 ,   45 25 15,      8.724,      0.000,      0.000,        2.993,        5.446,      6.123
419             ,   28 47 21 ,   61 20 50,      7.063,      0.000,      0.000,        2.985,        5.432,      3.387
420             ,   28 37 06 ,   81 42 34,      6.288,      0.000,      0.000,        2.981,        5.462,      0.907
421             ,   28 37 10 ,  100 18 29,      6.316,      0.000,      0.000,        2.976,        5.455,     -1.130
422             ,   23 44 44 ,   99 44 47,      7.443,      0.000,      0.000,        2.954,        6.714,     -1.260
423             ,   23 44 46 ,   81 06 37,      7.430,      0.000,      0.000,        2.956,        6.720,      1.148
424             ,   23 44 48 ,   59 56 00,      8.515,      0.000,      0.000,        2.967,        6.745,      4.266
425             ,   23 44 48 ,   48 52 25,      9.808,      0.000,      0.000,        2.975,        6.762,      6.451
426             ,   22 40 07 ,   50 12 40,     10.019,      0.000,      0.000,        2.967,        7.104,      6.411
427             ,   22 40 05 ,   62 42 48,      8.639,      0.000,      0.000,        2.959,        7.084,      3.960
428             ,   22 40 03 ,   78 13 27,      7.834,      0.000,      0.000,        2.955,        7.076,      1.599
429             ,   22 40 09 ,   99 15 41,      7.742,      0.000,      0.000,        2.945,        7.051,     -1.246
430             ,   21 05 07 ,   95 40 31,      9.161,      0.000,      0.000,        3.279,        8.505,     -0.906
431             ,   21 05 30 ,   79 54 38,      9.278,      0.000,      0.000,        3.287,        8.523,      1.625
432             ,   21 05 27 ,   65 37 46,     10.055,      0.000,      0.000,        3.296,        8.546,      4.149
433             ,   21 05 29 ,   54 32 01,     11.239,      0.000,      0.000,        3.294,        8.541,      6.521
434             ,   21 53 42 ,   54 31 41,     10.846,      0.000,      0.000,        3.294,        8.195,      6.294
435             ,   21 53 13 ,   72 27 31,      9.254,      0.000,      0.000,        3.289,        8.187,      2.789
436             ,   21 52 56 ,   85 28 55,      8.834,      0.000,      0.000,        3.282,        8.172,      0.696
437             ,   21 53 01 ,   94 42 05,      8.828,      0.000,      0.000,        3.279,        8.164,     -0.724
438             ,   50 04 33 ,  104 56 59,      5.035,      0.000,      0.000,        3.731,        3.122,     -1.299
439             ,   50 04 43 ,   86 42 53,      4.874,      0.000,      0.000,        3.732,        3.123,      0.279
440             ,   50 04 36 ,   65 02 27,      5.372,      0.000,      0.000,        3.735,        3.125,      2.267
441             ,   50 04 34 ,   49 02 49,      6.462,      0.000,      0.000,        3.743,        3.132,      4.236
442             ,   50 04 27 ,   36 59 27,      8.138,      0.000,      0.000,        3.755,        3.143,      6.500
443             ,   51 25 32 ,   36 56 19,      8.001,      0.000,      0.000,        3.759,        2.998,      6.395
444             ,   51 34 24 ,   55 38 47,      5.792,      0.000,      0.000,        3.746,        2.972,      3.268
445             ,   51 34 43 ,   88 57 39,      4.767,      0.000,      0.000,        3.734,        2.962,      0.086
446             ,   51 34 39 ,  104 40 22,      4.925,      0.000,      0.000,        3.733,        2.961,     -1.248
447             ,   67 48 26 ,  107 07 22,      4.244,      0.000,      0.000,        3.756,        1.532,     -1.250
448             ,   67 48 23 ,   77 47 54,      4.160,      0.000,      0.000,        3.764,        1.536,      0.879
449             ,   67 48 26 ,   55 56 40,      4.916,      0.000,      0.000,        3.771,        1.538,      2.753
450             ,   67 48 12 ,   32 03 39,      7.717,      0.000,      0.000,        3.793,        1.548,      6.540
451             ,   73 30 12 ,   31 05 25,      7.639,      0.000,      0.000,        3.782,        1.120,      6.541
452             ,   73 30 09 ,   52 10 06,      4.977,      0.000,      0.000,        3.769,        1.116,      3.052
453             ,   73 30 06 ,   79 33 34,      3.991,      0.000,      0.000,        3.764,        1.115,      0.723
454             ,   73 30 06 ,  107 49 25,      4.118,      0.000,      0.000,        3.759,        1.113,     -1.261
455             ,   90 56 10 ,  109 00 02,      3.997,      0.000,      0.000,        3.779,       -0.062,     -1.301
456             ,   90 56 18 ,   72 24 13,      3.974,      0.000,      0.000,        3.787,       -0.062,      1.201
457             ,   90 56 18 ,   46 35 24,      5.227,      0.000,      0.000,        3.797,       -0.062,      3.592
458             ,   90 56 22 ,   29 55 35,      7.629,      0.000,      0.000,        3.805,       -0.062,      6.611
459             ,   97 05 30 ,   29 58 09,      7.687,      0.000,      0.000,        3.811,       -0.474,      6.659
460             ,   97 05 25 ,   51 19 32,      4.901,      0.000,      0.000,        3.797,       -0.472,      3.062
461             ,   97 05 27 ,   84 47 47,      3.834,      0.000,      0.000,        3.789,       -0.471,      0.348
462             ,   97 05 24 ,  109 03 08,      4.033,      0.000,      0.000,        3.783,       -0.470,     -1.316
463             ,  114 14 51 ,  104 22 21,      4.310,      0.000,      0.000,        3.807,       -1.715,     -1.070
464             ,  114 14 48 ,   84 29 17,      4.198,      0.000,      0.000,        3.810,       -1.716,      0.403
465             ,  114 14 50 ,   50 50 02,      5.416,      0.000,      0.000,        3.829,       -1.725,      3.421
466             ,  114 14 50 ,   32 17 17,      7.894,      0.000,      0.000,        3.845,       -1.732,      6.673
467             ,  118 11 45 ,   33 16 21,      7.955,      0.000,      0.000,        3.847,       -2.062,      6.651
468             ,  118 11 27 ,   50 57 41,      5.596,      0.000,      0.000,        3.831,       -2.053,      3.524
469             ,  118 11 29 ,   80 44 41,      4.383,      0.000,      0.000,        3.813,       -2.044,      0.705
470             ,  118 11 33 ,  105 30 53,      4.484,      0.000,      0.000,        3.808,       -2.041,     -1.199
471             ,  134 03 09 ,   86 12 14,      5.363,      0.000,      0.000,        3.846,       -3.721,      0.355
472             ,  133 50 47 ,   65 02 36,      5.902,      0.000,      0.000,        3.859,       -3.706,      2.490
473             ,  133 36 38 ,   48 46 05,      7.117,      0.000,      0.000,        3.875,       -3.692,      4.691
474             ,  133 35 52 ,   38 35 23,      8.589,      0.000,      0.000,        3.880,       -3.694,      6.713
475             ,  146 32 14 ,   42 27 25,      9.333,      0.000,      0.000,        3.474,       -5.256,      6.886
476             ,  162 59 17 ,   38 25 08,      8.790,      0.000,      0.000,        1.598,       -5.223,      6.887
477             ,  178 56 26 ,   37 32 07,      8.694,      0.000,      0.000,        0.098,       -5.296,      6.894
478             ,  194 10 15 ,   38 35 57,      8.831,      0.000,      0.000,       -1.349,       -5.341,      6.901
479             ,  223 23 49 ,   15 47 19,      7.162,      0.000,      0.000,       -1.339,       -1.416,      6.891
480             ,  143 04 24 ,   13 17 27,      7.068,      0.000,      0.000,        0.976,       -1.299,      6.879
481             ,  111 26 20 ,   25 06 41,      7.575,      0.000,      0.000,        2.992,       -1.175,      6.859
482             ,   49 13 49 ,   35 18 42,      8.399,      0.000,      0.000,        3.677,        3.170,      6.854
483             ,   21 27 52 ,   29 21 26,      7.878,      0.000,      0.000,        1.413,        3.594,      6.866
484             ,  337 21 57 ,   29 21 33,      7.889,      0.000,      0.000,       -1.488,        3.570,      6.876
485             ,  349 08 33 ,   46 45 23,     10.017,      0.000,      0.000,       -1.374,        7.166,      6.863
486             ,    5 33 25 ,   46 48 50,     10.020,      0.000,      0.000,        0.707,        7.272,      6.857
487             ,   27 25 13 ,   46 08 36,      9.880,      0.000,      0.000,        3.281,        6.324,      6.846
488             ,   20 16 35 ,   52 45 57,     11.319,      0.000,      0.000,        3.123,        8.453,      6.849
489             ,   12 54 20 ,   53 54 56,     11.637,      0.000,      0.000,        2.100,        9.167,      6.854
490             ,    2 49 30 ,   53 01 27,     11.413,      0.000,      0.000,        0.449,        9.107,      6.865
491             ,  352 59 40 ,   53 28 28,     11.536,      0.000,      0.000,       -1.131,        9.201,      6.866
492             ,  345 25 59 ,   99 24 56,      8.880,      0.000,      0.000,       -2.203,        8.478,     -1.453
493             ,  354 15 12 ,   99 16 04,      9.076,      0.000,      0.000,       -0.897,        8.912,     -1.462
494             ,   12 58 16 ,  100 10 27,      8.352,      0.000,      0.000,        1.845,        8.011,     -1.475
495             ,   21 33 10 ,   99 53 55,      8.590,      0.000,      0.000,        3.108,        7.870,     -1.477
496             ,   36 19 37 ,  104 24 15,      5.906,      0.000,      0.000,        3.389,        4.608,     -1.469
497             ,   19 37 37 ,  107 40 43,      4.814,      0.000,      0.000,        1.541,        4.320,     -1.462
498             ,  342 20 02 ,  107 49 24,      4.743,      0.000,      0.000,       -1.370,        4.302,     -1.452
499             ,  323 01 25 ,  107 45 58,      4.719,      0.000,      0.000,       -2.703,        3.590,     -1.440
500             ,  306 21 11 ,  112 42 07,      3.734,      0.000,      0.000,       -2.774,        2.042,     -1.441
501             ,  343 21 17 ,  123 56 10,      2.609,      0.000,      0.000,       -0.620,        2.074,     -1.457
502             ,   41 34 06 ,  134 21 52,      2.090,      0.000,      0.000,        0.991,        1.118,     -1.461
503             ,   69 31 34 ,  110 22 17,      4.184,      0.000,      0.000,        3.675,        1.372,     -1.457
504             ,  117 05 05 ,  109 45 21,      4.315,      0.000,      0.000,        3.616,       -1.849,     -1.459
505             ,  139 58 17 ,  123 46 14,      2.606,      0.000,      0.000,        1.393,       -1.659,     -1.449
506             ,  194 00 42 ,  127 02 44,      2.390,      0.000,      0.000,       -0.462,       -1.851,     -1.440
507             ,  233 25 31 ,  112 50 38,      3.689,      0.000,      0.000,       -2.730,       -2.026,     -1.432
508             ,  210 04 19 ,  104 46 28,      5.632,      0.000,      0.000,       -2.729,       -4.713,     -1.436
509             ,  197 37 01 ,  106 33 35,      5.038,      0.000,      0.000,       -1.462,       -4.603,     -1.436
510             ,  182 06 17 ,  105 22 11,      5.391,      0.000,      0.000,       -0.191,       -5.195,     -1.429
511             ,  162 32 46 ,  104 35 03,      5.695,      0.000,      0.000,        1.653,       -5.258,     -1.434
512             ,  147 55 55 ,  103 13 43,      6.300,      0.000,      0.000,        3.256,       -5.197,     -1.442
513             ,    0 02 06 ,   89 57 02,      8.596,      0.000,      0.000,        0.005,        8.596,      0.007
514             ,    7 34 52 ,  128 06 49,      2.333,      0.000,      0.000,        0.242,        1.820,     -1.440
