#Plane 5. 
-2926.7770480632,5257.2053019359,-1460.5374479996 
-2447.5726287485,8903.7784014085,-1467.4902756315 
-3270.1494482979,5253.9448536436,-475.6144708615 
-2785.8998461427,8899.1550047936,-497.5685857314 
#ERRORs at Segment 1: 
,-2926.7770480633,5257.2053019314,-1460.5374480001 
 -3270.1494482979,5253.9448536436,-475.6144708615 
#Plane 6. 
-3270.1494482969,5253.9448535965,-475.6144708616 
-2785.8998461427,8899.1550047936,-497.5685857314 
-3287.0643878566,5211.6873130678,-425.0460745564 
-3334.5414356312,8892.7467680599,1941.2745724751 
#ERRORs at Segment 1: 
,-3270.1494482999,5253.9448536404,-475.6144708567 
 -3287.0643878566,5211.6873130678,-425.0460745564 
#Plane 7. 
-2758.7536591630,-5060.5489882754,-1439.9943469707 
-2926.7770480637,5257.2053019261,-1460.5374480003 
-3113.0066411332,-5065.3275264504,-423.7928203670 
-3287.7772522634,5253.7774710927,-425.0512073364 
#ERRORs at Segment 2: 
,-3113.0066411311,-5065.3275264504,-423.7928203666 
 -3287.7772522634,5253.7774710927,-425.0512073364 
#Plane 7. 
-2758.7536591630,-5060.5489882754,-1439.9943469707 
-2926.7770480637,5257.2053019261,-1460.5374480003 
-3113.0066411332,-5065.3275264504,-423.7928203670 
-3287.7772522634,5253.7774710927,-425.0512073364 
#ERRORs at Segment 3: 
,-2926.7770480633,5257.2053019314,-1460.5374480001 
 -3287.7772522615,5253.7774711073,-425.0512073365 
#Plane 8. 
-3287.0643878531,5211.6873130547,-425.0460745645 
-3334.5414356312,8892.7467680599,1941.2745724751 
-3113.0066411311,-5065.3275264504,-423.7928203666 
-3082.9637664925,-5064.9222764438,4359.8160984824 
-3319.7656826348,8895.9713237947,4302.1157781026 
#ERRORs at Segment 1: 
,-3113.0066411311,-5065.3275264504,-423.7928203666 
 -3287.0643878584,5211.6873130522,-425.0460745554 
