Point ID     ,  Hz.(º ' "),  V.(º ' "),Slope Dist.(m),Refl.Ht.(m),Inst.Ht.(m),Easting(m),  Northing(m),  Height(m)
 7777            ,    0 00 03 ,   88 19 34,          0,      0.000,      1.400,            0,            0,          0
2   ,  236 06 23 ,  119 35 54,      2.876,      0.000,      0.000,   3.26643,	   9.00247,	  -1.46442
3   ,  236 06 23 ,  119 35 54,      2.876,      0.000,      0.000,  -2.44757,	   8.90378,	  -1.46749
4   ,  236 06 23 ,  119 35 54,      2.876,      0.000,      0.000,  -2.92678,	   5.25721,	  -1.46054
5   ,  236 06 23 ,  119 35 54,      2.876,      0.000,      0.000,  -2.75875,	  -5.06055,	  -1.43999
6   ,  236 06 23 ,  119 35 54,      2.876,      0.000,      0.000,   3.50934,	  -4.97600,	  -1.43658
7   ,  236 06 23 ,  119 35 54,      2.876,      0.000,      0.000,   3.26643,	   9.00247,	  -1.46442
8   ,  236 06 23 ,  119 35 54,      2.876,      0.000,      0.000,   3.26625,	   9.01293,	   6.85787
9   ,  236 06 23 ,  119 35 54,      2.876,      0.000,      0.000,  -1.69707,	   8.92722,	   6.86094
10   ,  236 06 23 ,  119 35 54,      2.876,      0.000,      0.000,  -1.43536,	  -5.04270,	   6.89084
11   ,  236 06 23 ,  119 35 54,      2.876,      0.000,      0.000,   3.50934,	  -4.97600,	   6.88781
12   ,  236 06 23 ,  119 35 54,      2.876,      0.000,      0.000,   3.26625,	   9.01293,	   6.85787
13   ,  236 06 23 ,  119 35 54,      2.876,      0.000,      0.000,  -2.44757,	   8.90378,	  -1.46749
14   ,  236 06 23 ,  119 35 54,      2.876,      0.000,      0.000,   3.26643,	   9.00247,	  -1.46442
15   ,  236 06 23 ,  119 35 54,      2.876,      0.000,      0.000,   3.26625,	   9.01293,	   6.85787
16   ,  236 06 23 ,  119 35 54,      2.876,      0.000,      0.000,  -1.69707,	   8.92722,	   6.86094
17   ,  236 06 23 ,  119 35 54,      2.876,      0.000,      0.000,  -1.68883,	   8.92549,	   5.37582
18   ,  236 06 23 ,  119 35 54,      2.876,      0.000,      0.000,  -2.96149,	   8.90347,	   5.34171
19   ,  236 06 23 ,  119 35 54,      2.876,      0.000,      0.000,  -3.31977,	   8.89597,	   4.30212
20   ,  236 06 23 ,  119 35 54,      2.876,      0.000,      0.000,  -3.33454,	   8.89275,	   1.94127
21   ,  236 06 23 ,  119 35 54,      2.876,      0.000,      0.000,  -2.78590,	   8.89916,	  -0.49757
22   ,  236 06 23 ,  119 35 54,      2.876,      0.000,      0.000,  -2.44757,	   8.90378,	  -1.46749
23   ,  236 06 23 ,  119 35 54,      2.876,      0.000,      0.000,   3.26643,	   9.00247,	  -1.46442
24   ,  236 06 23 ,  119 35 54,      2.876,      0.000,      0.000,   3.50934,	  -4.97600,	  -1.43658
25   ,  236 06 23 ,  119 35 54,      2.876,      0.000,      0.000,   3.50934,	  -4.97600,	   6.88781
26   ,  236 06 23 ,  119 35 54,      2.876,      0.000,      0.000,   3.26625,	   9.01293,	   6.85787
27   ,  236 06 23 ,  119 35 54,      2.876,      0.000,      0.000,   3.26643,	   9.00247,	  -1.46442
28   ,  236 06 23 ,  119 35 54,      2.876,      0.000,      0.000,  -2.75875,	  -5.06055,	  -1.43999
29   ,  236 06 23 ,  119 35 54,      2.876,      0.000,      0.000,   3.50934,	  -4.97600,	  -1.43658
30   ,  236 06 23 ,  119 35 54,      2.876,      0.000,      0.000,   3.50934,	  -4.97600,	   6.88781
31   ,  236 06 23 ,  119 35 54,      2.876,      0.000,      0.000,  -1.43536,	  -5.04270,	   6.89084
32   ,  236 06 23 ,  119 35 54,      2.876,      0.000,      0.000,  -1.42723,	  -5.04259,	   5.41826
33   ,  236 06 23 ,  119 35 54,      2.876,      0.000,      0.000,  -2.73020,	  -5.06016,	   5.38332
34   ,  236 06 23 ,  119 35 54,      2.876,      0.000,      0.000,  -3.08296,	  -5.06492,	   4.35982
35   ,  236 06 23 ,  119 35 54,      2.876,      0.000,      0.000,  -3.11301,	  -5.06533,	  -0.42379
36   ,  236 06 23 ,  119 35 54,      2.876,      0.000,      0.000,  -2.75875,	  -5.06055,	  -1.43999
37   ,  236 06 23 ,  119 35 54,      2.876,      0.000,      0.000,  -2.92678,	   5.25721,	  -1.46054
38   ,  236 06 23 ,  119 35 54,      2.876,      0.000,      0.000,  -2.44757,	   8.90378,	  -1.46749
39   ,  236 06 23 ,  119 35 54,      2.876,      0.000,      0.000,  -2.78590,	   8.89916,	  -0.49757
40   ,  236 06 23 ,  119 35 54,      2.876,      0.000,      0.000,  -3.27015,	   5.25394,	  -0.47561
41   ,  236 06 23 ,  119 35 54,      2.876,      0.000,      0.000,  -2.92678,	   5.25721,	  -1.46054
42   ,  236 06 23 ,  119 35 54,      2.876,      0.000,      0.000,  -3.27015,	   5.25394,	  -0.47561
43   ,  236 06 23 ,  119 35 54,      2.876,      0.000,      0.000,  -2.78590,	   8.89916,	  -0.49757
44   ,  236 06 23 ,  119 35 54,      2.876,      0.000,      0.000,  -3.33454,	   8.89275,	   1.94127
45   ,  236 06 23 ,  119 35 54,      2.876,      0.000,      0.000,  -3.28706,	   5.21169,	  -0.42505
46   ,  236 06 23 ,  119 35 54,      2.876,      0.000,      0.000,  -3.27015,	   5.25394,	  -0.47561
47   ,  236 06 23 ,  119 35 54,      2.876,      0.000,      0.000,  -2.75875,	  -5.06055,	  -1.43999
48   ,  236 06 23 ,  119 35 54,      2.876,      0.000,      0.000,  -2.92678,	   5.25721,	  -1.46054
49   ,  236 06 23 ,  119 35 54,      2.876,      0.000,      0.000,  -3.28778,	   5.25378,	  -0.42505
50   ,  236 06 23 ,  119 35 54,      2.876,      0.000,      0.000,  -3.11301,	  -5.06533,	  -0.42379
51   ,  236 06 23 ,  119 35 54,      2.876,      0.000,      0.000,  -2.75875,	  -5.06055,	  -1.43999
52   ,  236 06 23 ,  119 35 54,      2.876,      0.000,      0.000,  -3.28706,	   5.21169,	  -0.42505
53   ,  236 06 23 ,  119 35 54,      2.876,      0.000,      0.000,  -3.33454,	   8.89275,	   1.94127
54   ,  236 06 23 ,  119 35 54,      2.876,      0.000,      0.000,  -3.31977,	   8.89597,	   4.30212
55   ,  236 06 23 ,  119 35 54,      2.876,      0.000,      0.000,  -3.08296,	  -5.06492,	   4.35982
56   ,  236 06 23 ,  119 35 54,      2.876,      0.000,      0.000,  -3.11301,	  -5.06533,	  -0.42379
57   ,  236 06 23 ,  119 35 54,      2.876,      0.000,      0.000,  -3.28706,	   5.21169,	  -0.42505
58   ,  236 06 23 ,  119 35 54,      2.876,      0.000,      0.000,  -3.31977,	   8.89597,	   4.30212
59   ,  236 06 23 ,  119 35 54,      2.876,      0.000,      0.000,  -3.08296,	  -5.06492,	   4.35982
60   ,  236 06 23 ,  119 35 54,      2.876,      0.000,      0.000,  -2.73020,	  -5.06016,	   5.38332
61   ,  236 06 23 ,  119 35 54,      2.876,      0.000,      0.000,  -2.96149,	   8.90347,	   5.34171
62   ,  236 06 23 ,  119 35 54,      2.876,      0.000,      0.000,  -3.31977,	   8.89597,	   4.30212
63   ,  236 06 23 ,  119 35 54,      2.876,      0.000,      0.000,  -2.96149,	   8.90347,	   5.34171
64   ,  236 06 23 ,  119 35 54,      2.876,      0.000,      0.000,  -2.73020,	  -5.06016,	   5.38332
65   ,  236 06 23 ,  119 35 54,      2.876,      0.000,      0.000,  -1.42723,	  -5.04259,	   5.41826
66   ,  236 06 23 ,  119 35 54,      2.876,      0.000,      0.000,  -1.68883,	   8.92549,	   5.37582
67   ,  236 06 23 ,  119 35 54,      2.876,      0.000,      0.000,  -2.96149,	   8.90347,	   5.34171
68   ,  236 06 23 ,  119 35 54,      2.876,      0.000,      0.000,  -1.68883,	   8.92549,	   5.37582
69   ,  236 06 23 ,  119 35 54,      2.876,      0.000,      0.000,  -1.42723,	  -5.04259,	   5.41826
70   ,  236 06 23 ,  119 35 54,      2.876,      0.000,      0.000,  -1.43536,	  -5.04270,	   6.89084
71   ,  236 06 23 ,  119 35 54,      2.876,      0.000,      0.000,  -1.69707,	   8.92722,	   6.86094
72   ,  236 06 23 ,  119 35 54,      2.876,      0.000,      0.000,  -1.68883,	   8.92549,	   5.37582
