CHECKING DISTANT FROM POINTS TO AVERAGE PLANE TO REMOVE INCORRECT POINT. 

Distant of points(mm) belongs the plane 0 (21 points): 
 8.63(508),  8.17(502),  7.41(501),  6.76(511),  6.04(499),  5.75(510),  5.65(492),  5.35(503),  4.25(512),  4.16(509),  4.06(504),  3.89(494),  2.00(495),  1.97(493),  1.38(507),  1.34(500),  1.33(506),  1.05(505),  0.36(496),  0.17(497),  0.08(498), 
Distant of points(mm) belongs the plane 1 (17 points): 
11.07(481),  8.27(475),  8.27(490),  6.59(485),  4.83(489),  4.71(487),  2.99(486),  2.76(484),  2.70(488),  2.53(482),  2.40(491),  1.41(478),  1.02(477),  0.93(476),  0.91(479),  0.42(480),  0.33(483), 
Distant of points(mm) belongs the plane 5 (9 points): 
14.97(99), 10.05(97),  9.22(94),  7.96(98),  6.30(95),  4.11(101),  2.97(93),  2.88(96),  1.95(100), 
Distant of points(mm) belongs the plane 6 (8 points): 
10.55(107),  8.51(106),  6.33(102),  4.85(108),  2.28(104),  1.87(109),  1.70(103),  1.56(105), 
Distant of points(mm) belongs the plane 7 (21 points): 
 7.24(121),  6.10(127),  5.11(117),  4.88(119),  4.19(114),  4.17(130),  3.79(125),  3.63(112),  3.02(128),  2.97(129),  2.74(118),  2.49(122),  2.33(113),  1.97(123),  1.87(126),  1.85(116),  0.82(120),  0.60(124),  0.55(111),  0.02(110),  0.00(115), 
Distant of points(mm) belongs the plane 8 (57 points): 
16.56(143), 16.10(153), 15.60(131), 11.00(141),  9.34(135),  7.60(140),  7.08(152),  6.72(133),  6.65(171),  6.65(184),  6.04(159),  5.83(179),  5.56(138),  5.23(160),  5.11(134),  4.81(132),  4.42(146),  4.34(148),  4.15(149),  4.08(167),  3.95(163),  3.77(150),  3.75(164),  3.68(168),  3.47(177),  3.46(136),  3.44(157),  3.35(174),  2.99(182),  2.94(183),  2.69(172),  2.67(158),  2.48(162),  2.07(173),  2.07(181),  1.95(180),  1.90(156),  1.81(186),  1.57(169),  1.54(154),  1.48(187),  1.38(155),  1.27(139),  1.20(176),  1.17(175),  1.14(165),  1.03(185),  0.96(137),  0.86(144),  0.82(170),  0.79(161),  0.65(166),  0.62(142),  0.44(147),  0.35(151),  0.24(178),  0.12(145), 
Distant of points(mm) belongs the plane 9 (30 points): 
18.39(203), 17.05(202), 16.52(188), 13.20(205), 13.01(204), 11.73(189),  9.87(207),  9.40(199),  9.16(206),  7.94(215),  7.47(212),  6.52(211),  6.25(216),  5.88(194),  5.38(210),  5.27(214),  5.07(195),  5.01(192),  4.38(217),  4.20(209),  3.47(213),  3.21(197),  2.85(200),  2.38(190),  1.80(198),  1.78(193),  0.94(208),  0.55(191),  0.09(196),  0.08(201), 
Distant of points(mm) belongs the plane 10 (18 points): 
10.04(218),  7.69(235),  7.64(223),  6.39(221),  5.16(228),  5.14(231),  4.26(225),  4.20(222),  2.90(232),  2.83(219),  2.63(226),  2.09(224),  1.90(227),  1.11(234),  1.08(233),  0.94(230),  0.56(229),  0.35(220), 
Distant of points(mm) belongs the plane 11 (20 points): 
 9.54(244),  8.35(237),  7.97(254),  7.23(255),  7.14(253),  6.46(248),  5.69(245),  5.59(247),  4.49(251),  4.15(249),  2.95(238),  2.90(243),  2.64(236),  2.49(252),  1.93(239),  1.58(240),  1.02(250),  0.66(241),  0.35(242),  0.30(246), 
