Point ID     ,  Hz.(º ' "),  V.(º ' "),Slope Dist.(m),Refl.Ht.(m),Inst.Ht.(m),Easting(m),  Northing(m),  Height(m)
 7777            ,    0 00 03 ,   88 19 34,          0,      0.000,      1.400,            0,            0,          0
2	  ,  236 06 23 ,  119 35 54,      2.876,      0.000,      0.000,  -0.00000,	   2.17200,	   0.00900		, //old index 2
3	  ,  236 06 23 ,  119 35 54,      2.876,      0.000,      0.000,  -4.83600,	   2.16300,	  -0.69800		, //old index 3
4	  ,  236 06 23 ,  119 35 54,      2.876,      0.000,      0.000,  -4.84500,	   2.16700,	   0.12700		, //old index 4
5	  ,  236 06 23 ,  119 35 54,      2.876,      0.000,      0.000,  -4.82300,	   2.17200,	   0.90500		, //old index 5
6	  ,  236 06 23 ,  119 35 54,      2.876,      0.000,      0.000,  -4.82200,	   2.17200,	   1.95200		, //old index 6
7	  ,  236 06 23 ,  119 35 54,      2.876,      0.000,      0.000,  -4.83400,	   2.17700,	   2.92400		, //old index 7
8	  ,  236 06 23 ,  119 35 54,      2.876,      0.000,      0.000,  -4.85700,	   2.18800,	   3.97500		, //old index 8
9	  ,  236 06 23 ,  119 35 54,      2.876,      0.000,      0.000,  -2.77400,	   2.17000,	  -1.08300		, //old index 9
10	  ,  236 06 23 ,  119 35 54,      2.876,      0.000,      0.000,  -2.78500,	   2.17800,	  -0.09800		, //old index 10
11	  ,  236 06 23 ,  119 35 54,      2.876,      0.000,      0.000,  -2.78100,	   2.17500,	   0.78400		, //old index 11
12	  ,  236 06 23 ,  119 35 54,      2.876,      0.000,      0.000,  -2.78200,	   2.17600,	   1.94600		, //old index 12
13	  ,  236 06 23 ,  119 35 54,      2.876,      0.000,      0.000,  -2.78900,	   2.18100,	   2.95400		, //old index 13
14	  ,  236 06 23 ,  119 35 54,      2.876,      0.000,      0.000,  -2.79900,	   2.18900,	   4.20500		, //old index 14
15	  ,  236 06 23 ,  119 35 54,      2.876,      0.000,      0.000,  -1.92800,	   2.18800,	   4.16700		, //old index 15
16	  ,  236 06 23 ,  119 35 54,      2.876,      0.000,      0.000,  -1.92600,	   2.18500,	   3.19300		, //old index 16
17	  ,  236 06 23 ,  119 35 54,      2.876,      0.000,      0.000,  -1.92500,	   2.18400,	   2.19600		, //old index 17
18	  ,  236 06 23 ,  119 35 54,      2.876,      0.000,      0.000,  -1.92100,	   2.18000,	   0.97800		, //old index 18
19	  ,  236 06 23 ,  119 35 54,      2.876,      0.000,      0.000,  -1.91600,	   2.17400,	  -0.01700		, //old index 19
20	  ,  236 06 23 ,  119 35 54,      2.876,      0.000,      0.000,  -1.90900,	   2.16600,	  -1.19600		, //old index 20
21	  ,  236 06 23 ,  119 35 54,      2.876,      0.000,      0.000,  -0.90800,	   2.16200,	  -1.15700		, //old index 21
22	  ,  236 06 23 ,  119 35 54,      2.876,      0.000,      0.000,  -0.91300,	   2.17300,	  -0.03400		, //old index 22
23	  ,  236 06 23 ,  119 35 54,      2.876,      0.000,      0.000,  -0.91600,	   2.18100,	   0.97600		, //old index 23
24	  ,  236 06 23 ,  119 35 54,      2.876,      0.000,      0.000,  -0.91000,	   2.16800,	   2.04600		, //old index 24
25	  ,  236 06 23 ,  119 35 54,      2.876,      0.000,      0.000,  -0.92000,	   2.19000,	   3.06100		, //old index 25
26	  ,  236 06 23 ,  119 35 54,      2.876,      0.000,      0.000,  -0.91800,	   2.18700,	   4.18500		, //old index 26
27	  ,  236 06 23 ,  119 35 54,      2.876,      0.000,      0.000,   0.01700,	   2.18500,	   4.12700		, //old index 27
28	  ,  236 06 23 ,  119 35 54,      2.876,      0.000,      0.000,   0.01700,	   2.19000,	   2.84900		, //old index 28
29	  ,  236 06 23 ,  119 35 54,      2.876,      0.000,      0.000,   0.01700,	   2.18100,	   1.78500		, //old index 29
30	  ,  236 06 23 ,  119 35 54,      2.876,      0.000,      0.000,   0.01700,	   2.17800,	   1.01100		, //old index 30
31	  ,  236 06 23 ,  119 35 54,      2.876,      0.000,      0.000,   0.01700,	   2.17600,	   0.33300		, //old index 31
32	  ,  236 06 23 ,  119 35 54,      2.876,      0.000,      0.000,   0.01600,	   2.16700,	  -0.47800		, //old index 32
33	  ,  236 06 23 ,  119 35 54,      2.876,      0.000,      0.000,   0.01700,	   2.15700,	  -1.15100		, //old index 33
34	  ,  236 06 23 ,  119 35 54,      2.876,      0.000,      0.000,   1.05300,	   2.15600,	  -1.16400		, //old index 34
35	  ,  236 06 23 ,  119 35 54,      2.876,      0.000,      0.000,   1.05300,	   2.15600,	  -0.11300		, //old index 35
36	  ,  236 06 23 ,  119 35 54,      2.876,      0.000,      0.000,   1.06100,	   2.17100,	   1.03200		, //old index 36
37	  ,  236 06 23 ,  119 35 54,      2.876,      0.000,      0.000,   1.05900,	   2.16800,	   1.94900		, //old index 37
38	  ,  236 06 23 ,  119 35 54,      2.876,      0.000,      0.000,   1.06700,	   2.18400,	   3.03100		, //old index 38
39	  ,  236 06 23 ,  119 35 54,      2.876,      0.000,      0.000,   1.06900,	   2.18800,	   4.04000		, //old index 39
40	  ,  236 06 23 ,  119 35 54,      2.876,      0.000,      0.000,   1.97300,	   2.18600,	   3.95500		, //old index 40
41	  ,  236 06 23 ,  119 35 54,      2.876,      0.000,      0.000,   1.96600,	   2.17800,	   2.66600		, //old index 41
42	  ,  236 06 23 ,  119 35 54,      2.876,      0.000,      0.000,   2.04000,	   2.17200,	   1.80600		, //old index 42
43	  ,  236 06 23 ,  119 35 54,      2.876,      0.000,      0.000,   1.86100,	   2.16000,	   0.69100		, //old index 43
44	  ,  236 06 23 ,  119 35 54,      2.876,      0.000,      0.000,   1.86200,	   2.16100,	   0.08100		, //old index 44
45	  ,  236 06 23 ,  119 35 54,      2.876,      0.000,      0.000,   1.85600,	   2.15400,	  -1.20900		, //old index 45
46	  ,  236 06 23 ,  119 35 54,      2.876,      0.000,      0.000,   2.53400,	   2.14900,	  -1.10500		, //old index 46
47	  ,  236 06 23 ,  119 35 54,      2.876,      0.000,      0.000,   2.53400,	   2.14900,	  -0.57300		, //old index 47
48	  ,  236 06 23 ,  119 35 54,      2.876,      0.000,      0.000,   2.54600,	   2.15900,	   0.48700		, //old index 48
49	  ,  236 06 23 ,  119 35 54,      2.876,      0.000,      0.000,   2.55200,	   2.16400,	   1.06100		, //old index 49
50	  ,  236 06 23 ,  119 35 54,      2.876,      0.000,      0.000,   2.56300,	   2.17300,	   2.65600		, //old index 50
51	  ,  236 06 23 ,  119 35 54,      2.876,      0.000,      0.000,   2.57500,	   2.18300,	   3.95000		, //old index 51
52	  ,  236 06 23 ,  119 35 54,      2.876,      0.000,      0.000,   3.61100,	   2.18300,	   3.94500		, //old index 52
53	  ,  236 06 23 ,  119 35 54,      2.876,      0.000,      0.000,   3.58900,	   2.17000,	   2.75400		, //old index 53
54	  ,  236 06 23 ,  119 35 54,      2.876,      0.000,      0.000,   3.45100,	   2.15500,	   0.81300		, //old index 54
55	  ,  236 06 23 ,  119 35 54,      2.876,      0.000,      0.000,   3.43900,	   2.14800,	   0.06100		, //old index 55
56	  ,  236 06 23 ,  119 35 54,      2.876,      0.000,      0.000,   4.09600,	   2.15300,	   0.88700		, //old index 56
57	  ,  236 06 23 ,  119 35 54,      2.876,      0.000,      0.000,   4.31900,	   2.16400,	   1.84500		, //old index 57
58	  ,  236 06 23 ,  119 35 54,      2.876,      0.000,      0.000,   4.31200,	   2.16000,	   2.28600		, //old index 58
59	  ,  236 06 23 ,  119 35 54,      2.876,      0.000,      0.000,   4.38100,	   2.17500,	   3.00000		, //old index 59
60	  ,  236 06 23 ,  119 35 54,      2.876,      0.000,      0.000,   4.39400,	   2.18100,	   3.79900		, //old index 60
61	  ,  236 06 23 ,  119 35 54,      2.876,      0.000,      0.000,   5.41100,	   2.18800,	   3.78100		, //old index 61
62	  ,  236 06 23 ,  119 35 54,      2.876,      0.000,      0.000,   5.31400,	   2.18200,	   3.16300		, //old index 62
63	  ,  236 06 23 ,  119 35 54,      2.876,      0.000,      0.000,   4.99500,	   2.16300,	   2.34300		, //old index 63
64	  ,  236 06 23 ,  119 35 54,      2.876,      0.000,      0.000,   2.86800,	   1.95500,	  -1.17000		, //old index 64
65	  ,  236 06 23 ,  119 35 54,      2.876,      0.000,      0.000,   3.24700,	   1.95400,	  -0.70700		, //old index 65
66	  ,  236 06 23 ,  119 35 54,      2.876,      0.000,      0.000,   3.57600,	   1.98500,	  -0.29800		, //old index 66
67	  ,  236 06 23 ,  119 35 54,      2.876,      0.000,      0.000,   3.90100,	   1.87500,	   0.19400		, //old index 67
68	  ,  236 06 23 ,  119 35 54,      2.876,      0.000,      0.000,   4.31600,	   1.98700,	   0.78100		, //old index 68
69	  ,  236 06 23 ,  119 35 54,      2.876,      0.000,      0.000,   4.11800,	   1.18100,	   0.81600		, //old index 69
70	  ,  236 06 23 ,  119 35 54,      2.876,      0.000,      0.000,   3.68200,	   1.14100,	   0.18800		, //old index 70
71	  ,  236 06 23 ,  119 35 54,      2.876,      0.000,      0.000,   3.24900,	   1.10300,	  -0.37200		, //old index 71
72	  ,  236 06 23 ,  119 35 54,      2.876,      0.000,      0.000,   2.98100,	   1.08200,	  -0.69200		, //old index 72
73	  ,  236 06 23 ,  119 35 54,      2.876,      0.000,      0.000,   2.52600,	   1.05200,	  -1.23000		, //old index 73
74	  ,  236 06 23 ,  119 35 54,      2.876,      0.000,      0.000,   2.26900,	   0.12800,	  -1.16900		, //old index 74
75	  ,  236 06 23 ,  119 35 54,      2.876,      0.000,      0.000,   2.75200,	   0.15600,	  -0.62200		, //old index 75
76	  ,  236 06 23 ,  119 35 54,      2.876,      0.000,      0.000,   3.08300,	   0.17400,	  -0.23200		, //old index 76
77	  ,  236 06 23 ,  119 35 54,      2.876,      0.000,      0.000,   3.50300,	   0.19800,	   0.30800		, //old index 77
78	  ,  236 06 23 ,  119 35 54,      2.876,      0.000,      0.000,   3.87500,	   0.21900,	   0.84000		, //old index 78
79	  ,  236 06 23 ,  119 35 54,      2.876,      0.000,      0.000,   3.58600,	  -0.66700,	   0.78900		, //old index 79
80	  ,  236 06 23 ,  119 35 54,      2.876,      0.000,      0.000,   3.12200,	  -0.67900,	   0.15700		, //old index 80
81	  ,  236 06 23 ,  119 35 54,      2.876,      0.000,      0.000,   2.74800,	  -0.73800,	  -0.28600		, //old index 81
82	  ,  236 06 23 ,  119 35 54,      2.876,      0.000,      0.000,   2.44700,	  -0.73400,	  -0.63900		, //old index 82
83	  ,  236 06 23 ,  119 35 54,      2.876,      0.000,      0.000,   1.94400,	  -0.72800,	  -1.19200		, //old index 83
84	  ,  236 06 23 ,  119 35 54,      2.876,      0.000,      0.000,   1.82100,	  -1.30100,	  -1.10200		, //old index 84
85	  ,  236 06 23 ,  119 35 54,      2.876,      0.000,      0.000,   2.20000,	  -1.32500,	  -0.69500		, //old index 85
86	  ,  236 06 23 ,  119 35 54,      2.876,      0.000,      0.000,   2.60300,	  -1.29800,	  -0.24400		, //old index 86
87	  ,  236 06 23 ,  119 35 54,      2.876,      0.000,      0.000,   2.94900,	  -1.31000,	   0.19200		, //old index 87
88	  ,  236 06 23 ,  119 35 54,      2.876,      0.000,      0.000,   3.42000,	  -1.28500,	   0.80400		, //old index 88
89	  ,  236 06 23 ,  119 35 54,      2.876,      0.000,      0.000,   3.58500,	  -1.27800,	   1.03100		, //old index 89
90	  ,  236 06 23 ,  119 35 54,      2.876,      0.000,      0.000,   3.92600,	  -1.27900,	   1.52800		, //old index 90
91	  ,  236 06 23 ,  119 35 54,      2.876,      0.000,      0.000,   4.49700,	  -1.14300,	   2.39000		, //old index 91
92	  ,  236 06 23 ,  119 35 54,      2.876,      0.000,      0.000,   4.91900,	  -1.25000,	   3.19200		, //old index 92
93	  ,  236 06 23 ,  119 35 54,      2.876,      0.000,      0.000,   5.27900,	  -1.25900,	   3.90600		, //old index 93
94	  ,  236 06 23 ,  119 35 54,      2.876,      0.000,      0.000,   5.39300,	  -0.71100,	   3.89800		, //old index 94
95	  ,  236 06 23 ,  119 35 54,      2.876,      0.000,      0.000,   4.98800,	  -0.65700,	   3.07900		, //old index 95
96	  ,  236 06 23 ,  119 35 54,      2.876,      0.000,      0.000,   4.56700,	  -0.60200,	   2.28400		, //old index 96
97	  ,  236 06 23 ,  119 35 54,      2.876,      0.000,      0.000,   4.06700,	  -0.53600,	   1.43900		, //old index 97
98	  ,  236 06 23 ,  119 35 54,      2.876,      0.000,      0.000,   3.78000,	  -0.49800,	   0.99700		, //old index 98
99	  ,  236 06 23 ,  119 35 54,      2.876,      0.000,      0.000,   4.02200,	   0.35700,	   1.00100		, //old index 99
100	  ,  236 06 23 ,  119 35 54,      2.876,      0.000,      0.000,   4.33800,	   0.38400,	   1.47900		, //old index 100
101	  ,  236 06 23 ,  119 35 54,      2.876,      0.000,      0.000,   4.87700,	   0.43200,	   2.38900		, //old index 101
102	  ,  236 06 23 ,  119 35 54,      2.876,      0.000,      0.000,   5.27100,	   0.46700,	   3.14000		, //old index 102
103	  ,  236 06 23 ,  119 35 54,      2.876,      0.000,      0.000,   5.65800,	   0.54200,	   3.88600		, //old index 103
104	  ,  236 06 23 ,  119 35 54,      2.876,      0.000,      0.000,   5.81000,	   1.18500,	   3.91900		, //old index 104
105	  ,  236 06 23 ,  119 35 54,      2.876,      0.000,      0.000,   5.38200,	   1.10100,	   3.07700		, //old index 105
106	  ,  236 06 23 ,  119 35 54,      2.876,      0.000,      0.000,   4.98000,	   1.02000,	   2.32500		, //old index 106
107	  ,  236 06 23 ,  119 35 54,      2.876,      0.000,      0.000,   4.47000,	   0.91800,	   1.47400		, //old index 107
108	  ,  236 06 23 ,  119 35 54,      2.876,      0.000,      0.000,   4.22100,	   1.04400,	   1.02900		, //old index 108
109	  ,  236 06 23 ,  119 35 54,      2.876,      0.000,      0.000,   4.43600,	   1.96100,	   0.97600		, //old index 109
110	  ,  236 06 23 ,  119 35 54,      2.876,      0.000,      0.000,   4.91000,	   1.98100,	   1.76400		, //old index 110
111	  ,  236 06 23 ,  119 35 54,      2.876,      0.000,      0.000,   5.25000,	   2.03100,	   2.36800		, //old index 111
112	  ,  236 06 23 ,  119 35 54,      2.876,      0.000,      0.000,   5.62300,	   2.07500,	   3.10800		, //old index 112
113	  ,  236 06 23 ,  119 35 54,      2.876,      0.000,      0.000,   5.95000,	   2.07300,	   3.83900		, //old index 113
114	  ,  236 06 23 ,  119 35 54,      2.876,      0.000,      0.000,   4.99900,	  -1.40100,	   3.87800		, //old index 114
115	  ,  236 06 23 ,  119 35 54,      2.876,      0.000,      0.000,   4.36800,	  -1.39600,	   3.81500		, //old index 115
116	  ,  236 06 23 ,  119 35 54,      2.876,      0.000,      0.000,   4.37400,	  -1.39700,	   2.99900		, //old index 116
117	  ,  236 06 23 ,  119 35 54,      2.876,      0.000,      0.000,   4.05600,	  -1.40200,	   2.25900		, //old index 117
118	  ,  236 06 23 ,  119 35 54,      2.876,      0.000,      0.000,   3.69300,	  -1.39900,	   2.91300		, //old index 118
119	  ,  236 06 23 ,  119 35 54,      2.876,      0.000,      0.000,   3.55200,	  -1.39900,	   3.94400		, //old index 119
120	  ,  236 06 23 ,  119 35 54,      2.876,      0.000,      0.000,   2.69400,	  -1.40100,	   3.90400		, //old index 120
121	  ,  236 06 23 ,  119 35 54,      2.876,      0.000,      0.000,   2.71000,	  -1.40900,	   2.60300		, //old index 121
122	  ,  236 06 23 ,  119 35 54,      2.876,      0.000,      0.000,   2.70000,	  -1.40400,	   1.71900		, //old index 122
123	  ,  236 06 23 ,  119 35 54,      2.876,      0.000,      0.000,   2.71400,	  -1.41100,	   0.61900		, //old index 123
124	  ,  236 06 23 ,  119 35 54,      2.876,      0.000,      0.000,   2.36600,	  -1.42400,	  -0.19600		, //old index 124
125	  ,  236 06 23 ,  119 35 54,      2.876,      0.000,      0.000,   1.72700,	  -1.42200,	  -0.86800		, //old index 125
126	  ,  236 06 23 ,  119 35 54,      2.876,      0.000,      0.000,   1.68200,	  -1.38600,	   0.40400		, //old index 126
127	  ,  236 06 23 ,  119 35 54,      2.876,      0.000,      0.000,   1.70300,	  -1.40200,	   0.70300		, //old index 127
128	  ,  236 06 23 ,  119 35 54,      2.876,      0.000,      0.000,   1.71300,	  -1.40400,	   1.65600		, //old index 128
129	  ,  236 06 23 ,  119 35 54,      2.876,      0.000,      0.000,   1.71000,	  -1.40200,	   2.76400		, //old index 129
130	  ,  236 06 23 ,  119 35 54,      2.876,      0.000,      0.000,   1.79000,	  -1.40600,	   3.86600		, //old index 130
131	  ,  236 06 23 ,  119 35 54,      2.876,      0.000,      0.000,   0.90200,	  -1.40400,	   4.15100		, //old index 131
132	  ,  236 06 23 ,  119 35 54,      2.876,      0.000,      0.000,   0.90200,	  -1.40400,	   3.11300		, //old index 132
133	  ,  236 06 23 ,  119 35 54,      2.876,      0.000,      0.000,   0.90500,	  -1.40800,	   2.09100		, //old index 133
134	  ,  236 06 23 ,  119 35 54,      2.876,      0.000,      0.000,   0.91000,	  -1.41600,	   1.02400		, //old index 134
135	  ,  236 06 23 ,  119 35 54,      2.876,      0.000,      0.000,   0.90900,	  -1.41500,	   0.00300		, //old index 135
136	  ,  236 06 23 ,  119 35 54,      2.876,      0.000,      0.000,   0.92000,	  -1.43200,	  -1.21600		, //old index 136
137	  ,  236 06 23 ,  119 35 54,      2.876,      0.000,      0.000,  -0.13400,	  -1.43600,	  -1.14500		, //old index 137
138	  ,  236 06 23 ,  119 35 54,      2.876,      0.000,      0.000,  -0.13300,	  -1.42400,	  -0.04700		, //old index 138
139	  ,  236 06 23 ,  119 35 54,      2.876,      0.000,      0.000,  -0.13300,	  -1.42500,	   0.83800		, //old index 139
140	  ,  236 06 23 ,  119 35 54,      2.876,      0.000,      0.000,  -0.13200,	  -1.41800,	   1.81600		, //old index 140
141	  ,  236 06 23 ,  119 35 54,      2.876,      0.000,      0.000,  -0.13100,	  -1.41300,	   2.77200		, //old index 141
142	  ,  236 06 23 ,  119 35 54,      2.876,      0.000,      0.000,  -0.13100,	  -1.40400,	   4.13400		, //old index 142
143	  ,  236 06 23 ,  119 35 54,      2.876,      0.000,      0.000,  -0.99900,	  -1.40300,	   4.18900		, //old index 143
144	  ,  236 06 23 ,  119 35 54,      2.876,      0.000,      0.000,  -1.00300,	  -1.40900,	   2.83500		, //old index 144
145	  ,  236 06 23 ,  119 35 54,      2.876,      0.000,      0.000,  -1.01000,	  -1.41800,	   1.56600		, //old index 145
146	  ,  236 06 23 ,  119 35 54,      2.876,      0.000,      0.000,  -1.01400,	  -1.42400,	   0.61700		, //old index 146
147	  ,  236 06 23 ,  119 35 54,      2.876,      0.000,      0.000,  -1.02000,	  -1.43300,	  -0.35200		, //old index 147
148	  ,  236 06 23 ,  119 35 54,      2.876,      0.000,      0.000,  -1.02100,	  -1.43400,	  -1.17000		, //old index 148
149	  ,  236 06 23 ,  119 35 54,      2.876,      0.000,      0.000,  -1.70200,	  -1.43500,	  -0.88900		, //old index 149
150	  ,  236 06 23 ,  119 35 54,      2.876,      0.000,      0.000,  -1.69800,	  -1.43200,	  -0.02100		, //old index 150
151	  ,  236 06 23 ,  119 35 54,      2.876,      0.000,      0.000,  -1.69000,	  -1.42500,	   0.66300		, //old index 151
152	  ,  236 06 23 ,  119 35 54,      2.876,      0.000,      0.000,  -1.68300,	  -1.41900,	   1.54800		, //old index 152
153	  ,  236 06 23 ,  119 35 54,      2.876,      0.000,      0.000,  -1.67100,	  -1.41000,	   2.58600		, //old index 153
154	  ,  236 06 23 ,  119 35 54,      2.876,      0.000,      0.000,  -1.66900,	  -1.40700,	   3.52000		, //old index 154
155	  ,  236 06 23 ,  119 35 54,      2.876,      0.000,      0.000,  -1.66300,	  -1.40200,	   4.10100		, //old index 155
156	  ,  236 06 23 ,  119 35 54,      2.876,      0.000,      0.000,  -2.79700,	  -1.40000,	   4.19800		, //old index 156
157	  ,  236 06 23 ,  119 35 54,      2.876,      0.000,      0.000,  -2.81300,	  -1.40900,	   3.15000		, //old index 157
158	  ,  236 06 23 ,  119 35 54,      2.876,      0.000,      0.000,  -2.83100,	  -1.41700,	   2.36900		, //old index 158
159	  ,  236 06 23 ,  119 35 54,      2.876,      0.000,      0.000,  -2.85000,	  -1.42700,	   1.47300		, //old index 159
160	  ,  236 06 23 ,  119 35 54,      2.876,      0.000,      0.000,  -2.85300,	  -1.42800,	   0.63900		, //old index 160
161	  ,  236 06 23 ,  119 35 54,      2.876,      0.000,      0.000,  -2.85900,	  -1.43200,	  -0.12500		, //old index 161
162	  ,  236 06 23 ,  119 35 54,      2.876,      0.000,      0.000,  -2.86200,	  -1.43300,	  -1.11900		, //old index 162
163	  ,  236 06 23 ,  119 35 54,      2.876,      0.000,      0.000,  -3.93500,	  -1.42900,	  -1.11200		, //old index 163
164	  ,  236 06 23 ,  119 35 54,      2.876,      0.000,      0.000,  -3.88200,	  -1.41000,	   0.73800		, //old index 164
165	  ,  236 06 23 ,  119 35 54,      2.876,      0.000,      0.000,  -3.92900,	  -1.42700,	   0.81200		, //old index 165
166	  ,  236 06 23 ,  119 35 54,      2.876,      0.000,      0.000,  -3.90900,	  -1.42000,	   1.90900		, //old index 166
167	  ,  236 06 23 ,  119 35 54,      2.876,      0.000,      0.000,  -3.88700,	  -1.41200,	   3.13500		, //old index 167
168	  ,  236 06 23 ,  119 35 54,      2.876,      0.000,      0.000,  -3.87000,	  -1.40600,	   3.81000		, //old index 168
169	  ,  236 06 23 ,  119 35 54,      2.876,      0.000,      0.000,  -4.65300,	  -1.40700,	   4.29800		, //old index 169
170	  ,  236 06 23 ,  119 35 54,      2.876,      0.000,      0.000,  -4.64600,	  -1.40500,	   3.55600		, //old index 170
171	  ,  236 06 23 ,  119 35 54,      2.876,      0.000,      0.000,  -4.66100,	  -1.40900,	   2.82700		, //old index 171
172	  ,  236 06 23 ,  119 35 54,      2.876,      0.000,      0.000,  -4.68200,	  -1.41600,	   2.11600		, //old index 172
173	  ,  236 06 23 ,  119 35 54,      2.876,      0.000,      0.000,  -4.67100,	  -1.41200,	   1.49300		, //old index 173
174	  ,  236 06 23 ,  119 35 54,      2.876,      0.000,      0.000,  -4.66300,	  -1.41000,	   0.91100		, //old index 174
175	  ,  236 06 23 ,  119 35 54,      2.876,      0.000,      0.000,  -4.68300,	  -1.41600,	   0.14700		, //old index 175
176	  ,  236 06 23 ,  119 35 54,      2.876,      0.000,      0.000,  -4.67900,	  -1.41400,	  -0.51400		, //old index 176
177	  ,  236 06 23 ,  119 35 54,      2.876,      0.000,      0.000,  -4.71700,	  -1.42600,	  -1.19800		, //old index 177
178	  ,  236 06 23 ,  119 35 54,      2.876,      0.000,      0.000,  -4.95100,	  -1.14900,	  -0.95200		, //old index 178
179	  ,  236 06 23 ,  119 35 54,      2.876,      0.000,      0.000,  -4.94300,	  -1.14800,	  -0.17500		, //old index 179
180	  ,  236 06 23 ,  119 35 54,      2.876,      0.000,      0.000,  -4.93200,	  -1.14500,	   0.60500		, //old index 180
181	  ,  236 06 23 ,  119 35 54,      2.876,      0.000,      0.000,  -4.93300,	  -1.14500,	   1.42000		, //old index 181
182	  ,  236 06 23 ,  119 35 54,      2.876,      0.000,      0.000,  -4.93000,	  -1.14400,	   2.31700		, //old index 182
183	  ,  236 06 23 ,  119 35 54,      2.876,      0.000,      0.000,  -4.93600,	  -1.14600,	   3.46100		, //old index 183
184	  ,  236 06 23 ,  119 35 54,      2.876,      0.000,      0.000,  -4.93300,	  -1.14500,	   4.36900		, //old index 184
185	  ,  236 06 23 ,  119 35 54,      2.876,      0.000,      0.000,  -4.93000,	  -0.27000,	   4.41200		, //old index 185
186	  ,  236 06 23 ,  119 35 54,      2.876,      0.000,      0.000,  -4.93700,	  -0.27000,	   3.52200		, //old index 186
187	  ,  236 06 23 ,  119 35 54,      2.876,      0.000,      0.000,  -4.93200,	  -0.27000,	   2.55000		, //old index 187
188	  ,  236 06 23 ,  119 35 54,      2.876,      0.000,      0.000,  -4.93000,	  -0.27000,	   1.55100		, //old index 188
189	  ,  236 06 23 ,  119 35 54,      2.876,      0.000,      0.000,  -4.93000,	  -0.27000,	   0.68000		, //old index 189
190	  ,  236 06 23 ,  119 35 54,      2.876,      0.000,      0.000,  -4.93900,	  -0.27000,	  -0.23700		, //old index 190
191	  ,  236 06 23 ,  119 35 54,      2.876,      0.000,      0.000,  -4.96200,	  -0.27200,	  -1.16500		, //old index 191
192	  ,  236 06 23 ,  119 35 54,      2.876,      0.000,      0.000,  -4.95700,	   0.95700,	  -1.18300		, //old index 192
193	  ,  236 06 23 ,  119 35 54,      2.876,      0.000,      0.000,  -4.93600,	   0.95200,	  -0.18400		, //old index 193
194	  ,  236 06 23 ,  119 35 54,      2.876,      0.000,      0.000,  -4.91500,	   0.94800,	   0.94200		, //old index 194
195	  ,  236 06 23 ,  119 35 54,      2.876,      0.000,      0.000,  -4.92400,	   0.95000,	   2.04200		, //old index 195
196	  ,  236 06 23 ,  119 35 54,      2.876,      0.000,      0.000,  -4.92700,	   0.95100,	   3.13100		, //old index 196
197	  ,  236 06 23 ,  119 35 54,      2.876,      0.000,      0.000,  -4.93900,	   0.95300,	   3.76700		, //old index 197
198	  ,  236 06 23 ,  119 35 54,      2.876,      0.000,      0.000,  -4.92700,	   0.95100,	   4.44200		, //old index 198
199	  ,  236 06 23 ,  119 35 54,      2.876,      0.000,      0.000,  -4.92900,	   1.68200,	   4.32300		, //old index 199
200	  ,  236 06 23 ,  119 35 54,      2.876,      0.000,      0.000,  -4.93400,	   1.66700,	   3.43500		, //old index 200
201	  ,  236 06 23 ,  119 35 54,      2.876,      0.000,      0.000,  -4.92900,	   1.66600,	   2.36700		, //old index 201
202	  ,  236 06 23 ,  119 35 54,      2.876,      0.000,      0.000,  -4.92600,	   1.66500,	   1.54800		, //old index 202
203	  ,  236 06 23 ,  119 35 54,      2.876,      0.000,      0.000,  -4.92700,	   1.66500,	   0.78400		, //old index 203
204	  ,  236 06 23 ,  119 35 54,      2.876,      0.000,      0.000,  -4.93800,	   1.66900,	  -0.22900		, //old index 204
205	  ,  236 06 23 ,  119 35 54,      2.876,      0.000,      0.000,  -4.94900,	   1.67300,	  -0.98400		, //old index 205
206	  ,  236 06 23 ,  119 35 54,      2.876,      0.000,      0.000,  -4.94900,	   2.04500,	  -0.88400		, //old index 206
207	  ,  236 06 23 ,  119 35 54,      2.876,      0.000,      0.000,  -4.93500,	   2.03900,	  -0.03200		, //old index 207
208	  ,  236 06 23 ,  119 35 54,      2.876,      0.000,      0.000,  -4.92900,	   2.03600,	   1.10500		, //old index 208
209	  ,  236 06 23 ,  119 35 54,      2.876,      0.000,      0.000,  -4.93100,	   2.03700,	   1.96900		, //old index 209
210	  ,  236 06 23 ,  119 35 54,      2.876,      0.000,      0.000,  -4.92600,	   2.03500,	   2.81800		, //old index 210
211	  ,  236 06 23 ,  119 35 54,      2.876,      0.000,      0.000,  -4.92800,	   2.03500,	   4.01600		, //old index 211
212	  ,  236 06 23 ,  119 35 54,      2.876,      0.000,      0.000,  -4.73700,	  -1.05800,	   4.53300		, //old index 212
213	  ,  236 06 23 ,  119 35 54,      2.876,      0.000,      0.000,  -4.74900,	  -0.15300,	   4.53700		, //old index 213
214	  ,  236 06 23 ,  119 35 54,      2.876,      0.000,      0.000,  -4.68400,	   1.17800,	   4.52800		, //old index 214
215	  ,  236 06 23 ,  119 35 54,      2.876,      0.000,      0.000,  -2.73400,	   1.88300,	   4.44200		, //old index 215
216	  ,  236 06 23 ,  119 35 54,      2.876,      0.000,      0.000,  -2.84700,	   0.73900,	   4.45100		, //old index 216
217	  ,  236 06 23 ,  119 35 54,      2.876,      0.000,      0.000,  -2.88100,	  -0.30000,	   4.45500		, //old index 217
218	  ,  236 06 23 ,  119 35 54,      2.876,      0.000,      0.000,  -2.86800,	  -1.24600,	   4.45900		, //old index 218
219	  ,  236 06 23 ,  119 35 54,      2.876,      0.000,      0.000,  -2.01300,	  -1.17100,	   4.41900		, //old index 219
220	  ,  236 06 23 ,  119 35 54,      2.876,      0.000,      0.000,  -2.08700,	  -0.10500,	   4.42100		, //old index 220
221	  ,  236 06 23 ,  119 35 54,      2.876,      0.000,      0.000,  -1.91400,	   1.04600,	   4.41100		, //old index 221
222	  ,  236 06 23 ,  119 35 54,      2.876,      0.000,      0.000,  -1.88600,	   1.99300,	   4.40800		, //old index 222
223	  ,  236 06 23 ,  119 35 54,      2.876,      0.000,      0.000,  -1.06700,	   2.05600,	   4.38000		, //old index 223
224	  ,  236 06 23 ,  119 35 54,      2.876,      0.000,      0.000,  -1.07800,	   1.15000,	   4.37900		, //old index 224
225	  ,  236 06 23 ,  119 35 54,      2.876,      0.000,      0.000,  -1.09700,	  -0.08100,	   4.37800		, //old index 225
226	  ,  236 06 23 ,  119 35 54,      2.876,      0.000,      0.000,  -1.06400,	  -1.25400,	   4.37900		, //old index 226
227	  ,  236 06 23 ,  119 35 54,      2.876,      0.000,      0.000,  -0.09600,	  -1.12600,	   4.33400		, //old index 227
228	  ,  236 06 23 ,  119 35 54,      2.876,      0.000,      0.000,   0.01500,	  -0.33200,	   4.32600		, //old index 228
229	  ,  236 06 23 ,  119 35 54,      2.876,      0.000,      0.000,  -0.14800,	   1.16400,	   4.33600		, //old index 229
230	  ,  236 06 23 ,  119 35 54,      2.876,      0.000,      0.000,  -0.01100,	   2.03600,	   4.33400		, //old index 230
231	  ,  236 06 23 ,  119 35 54,      2.876,      0.000,      0.000,   0.85700,	   2.09300,	   4.29500		, //old index 231
232	  ,  236 06 23 ,  119 35 54,      2.876,      0.000,      0.000,   0.87000,	   1.20100,	   4.29300		, //old index 232
233	  ,  236 06 23 ,  119 35 54,      2.876,      0.000,      0.000,   0.91100,	   0.47000,	   4.29700		, //old index 233
234	  ,  236 06 23 ,  119 35 54,      2.876,      0.000,      0.000,   0.88800,	  -0.47600,	   4.29400		, //old index 234
235	  ,  236 06 23 ,  119 35 54,      2.876,      0.000,      0.000,   0.92400,	  -1.27500,	   4.29600		, //old index 235
236	  ,  236 06 23 ,  119 35 54,      2.876,      0.000,      0.000,   2.04400,	  -1.12900,	   4.24600		, //old index 236
237	  ,  236 06 23 ,  119 35 54,      2.876,      0.000,      0.000,   2.03200,	  -0.44000,	   4.24500		, //old index 237
238	  ,  236 06 23 ,  119 35 54,      2.876,      0.000,      0.000,   2.03400,	   0.67000,	   4.24700		, //old index 238
239	  ,  236 06 23 ,  119 35 54,      2.876,      0.000,      0.000,   2.05500,	   2.09000,	   4.24400		, //old index 239
240	  ,  236 06 23 ,  119 35 54,      2.876,      0.000,      0.000,   2.77000,	   1.93700,	   4.20900		, //old index 240
241	  ,  236 06 23 ,  119 35 54,      2.876,      0.000,      0.000,   2.85400,	   0.78900,	   4.20300		, //old index 241
242	  ,  236 06 23 ,  119 35 54,      2.876,      0.000,      0.000,   2.80400,	  -0.32600,	   4.21000		, //old index 242
243	  ,  236 06 23 ,  119 35 54,      2.876,      0.000,      0.000,   2.78000,	  -1.12700,	   4.21300		, //old index 243
244	  ,  236 06 23 ,  119 35 54,      2.876,      0.000,      0.000,   3.66400,	  -1.23200,	   4.18000		, //old index 244
245	  ,  236 06 23 ,  119 35 54,      2.876,      0.000,      0.000,   3.55600,	  -0.18700,	   4.17600		, //old index 245
246	  ,  236 06 23 ,  119 35 54,      2.876,      0.000,      0.000,   3.46000,	   0.90600,	   4.18200		, //old index 246
247	  ,  236 06 23 ,  119 35 54,      2.876,      0.000,      0.000,   3.64700,	   2.01200,	   4.17400		, //old index 247
248	  ,  236 06 23 ,  119 35 54,      2.876,      0.000,      0.000,   4.50000,	   1.99600,	   4.13700		, //old index 248
249	  ,  236 06 23 ,  119 35 54,      2.876,      0.000,      0.000,   4.58700,	   0.85400,	   4.13300		, //old index 249
250	  ,  236 06 23 ,  119 35 54,      2.876,      0.000,      0.000,   4.65800,	  -0.01600,	   4.13400		, //old index 250
251	  ,  236 06 23 ,  119 35 54,      2.876,      0.000,      0.000,   4.76800,	  -1.06800,	   4.12800		, //old index 251
252	  ,  236 06 23 ,  119 35 54,      2.876,      0.000,      0.000,   5.10300,	  -1.14300,	   4.11300		, //old index 252
253	  ,  236 06 23 ,  119 35 54,      2.876,      0.000,      0.000,   5.38300,	  -0.04200,	   4.09900		, //old index 253
254	  ,  236 06 23 ,  119 35 54,      2.876,      0.000,      0.000,   5.61000,	   0.96200,	   4.08600		, //old index 254
255	  ,  236 06 23 ,  119 35 54,      2.876,      0.000,      0.000,   5.66900,	   1.53500,	   4.07500		, //old index 255
256	  ,  236 06 23 ,  119 35 54,      2.876,      0.000,      0.000,   5.82300,	   1.97500,	   4.07000		, //old index 256
257	  ,  236 06 23 ,  119 35 54,      2.876,      0.000,      0.000,   2.47500,	   1.99800,	  -1.37700		, //old index 257
258	  ,  236 06 23 ,  119 35 54,      2.876,      0.000,      0.000,   2.11000,	   0.96100,	  -1.38100		, //old index 258
259	  ,  236 06 23 ,  119 35 54,      2.876,      0.000,      0.000,   1.78300,	  -0.13800,	  -1.37500		, //old index 259
260	  ,  236 06 23 ,  119 35 54,      2.876,      0.000,      0.000,   1.54000,	  -0.76600,	  -1.37200		, //old index 260
261	  ,  236 06 23 ,  119 35 54,      2.876,      0.000,      0.000,   1.39600,	  -1.29600,	  -1.37000		, //old index 261
262	  ,  236 06 23 ,  119 35 54,      2.876,      0.000,      0.000,   0.94900,	  -1.27200,	  -1.36900		, //old index 262
263	  ,  236 06 23 ,  119 35 54,      2.876,      0.000,      0.000,   0.99800,	  -0.30000,	  -1.36400		, //old index 263
264	  ,  236 06 23 ,  119 35 54,      2.876,      0.000,      0.000,   1.04500,	   0.44600,	  -1.36200		, //old index 264
265	  ,  236 06 23 ,  119 35 54,      2.876,      0.000,      0.000,   1.16900,	   1.11600,	  -1.36700		, //old index 265
266	  ,  236 06 23 ,  119 35 54,      2.876,      0.000,      0.000,   1.25600,	   1.91700,	  -1.36600		, //old index 266
267	  ,  236 06 23 ,  119 35 54,      2.876,      0.000,      0.000,   0.23200,	   1.96500,	  -1.36200		, //old index 267
268	  ,  236 06 23 ,  119 35 54,      2.876,      0.000,      0.000,   0.12700,	   1.08000,	  -1.35900		, //old index 268
269	  ,  236 06 23 ,  119 35 54,      2.876,      0.000,      0.000,   0.23600,	   0.66200,	  -1.35800		, //old index 269
270	  ,  236 06 23 ,  119 35 54,      2.876,      0.000,      0.000,  -0.00900,	  -1.33400,	  -1.35300		, //old index 270
271	  ,  236 06 23 ,  119 35 54,      2.876,      0.000,      0.000,  -0.85500,	  -1.33700,	  -1.35000		, //old index 271
272	  ,  236 06 23 ,  119 35 54,      2.876,      0.000,      0.000,  -1.18100,	  -0.59200,	  -1.34200		, //old index 272
273	  ,  236 06 23 ,  119 35 54,      2.876,      0.000,      0.000,  -1.30100,	   0.24100,	  -1.34700		, //old index 273
274	  ,  236 06 23 ,  119 35 54,      2.876,      0.000,      0.000,  -1.23900,	   1.00000,	  -1.34700		, //old index 274
275	  ,  236 06 23 ,  119 35 54,      2.876,      0.000,      0.000,  -1.24200,	   1.50700,	  -1.35000		, //old index 275
276	  ,  236 06 23 ,  119 35 54,      2.876,      0.000,      0.000,  -1.37000,	   2.05500,	  -1.35500		, //old index 276
277	  ,  236 06 23 ,  119 35 54,      2.876,      0.000,      0.000,  -2.19100,	   1.88400,	  -1.35100		, //old index 277
278	  ,  236 06 23 ,  119 35 54,      2.876,      0.000,      0.000,  -2.19100,	   1.88400,	  -1.35100		, //old index 278
279	  ,  236 06 23 ,  119 35 54,      2.876,      0.000,      0.000,  -2.26800,	   1.19300,	  -1.35600		, //old index 279
280	  ,  236 06 23 ,  119 35 54,      2.876,      0.000,      0.000,  -2.25000,	   0.39800,	  -1.35200		, //old index 280
281	  ,  236 06 23 ,  119 35 54,      2.876,      0.000,      0.000,  -2.27200,	  -0.31800,	  -1.35700		, //old index 281
282	  ,  236 06 23 ,  119 35 54,      2.876,      0.000,      0.000,  -1.83600,	  -0.79100,	  -1.36100		, //old index 282
283	  ,  236 06 23 ,  119 35 54,      2.876,      0.000,      0.000,  -2.04500,	  -1.23100,	  -1.35600		, //old index 283
284	  ,  236 06 23 ,  119 35 54,      2.876,      0.000,      0.000,  -2.73500,	  -1.17700,	  -1.34500		, //old index 284
285	  ,  236 06 23 ,  119 35 54,      2.876,      0.000,      0.000,  -2.94400,	  -0.40700,	  -1.34300		, //old index 285
286	  ,  236 06 23 ,  119 35 54,      2.876,      0.000,      0.000,  -3.05100,	   0.61200,	  -1.34800		, //old index 286
287	  ,  236 06 23 ,  119 35 54,      2.876,      0.000,      0.000,  -3.02900,	   1.46300,	  -1.34700		, //old index 287
288	  ,  236 06 23 ,  119 35 54,      2.876,      0.000,      0.000,  -3.06300,	   2.04800,	  -1.34700		, //old index 288
289	  ,  236 06 23 ,  119 35 54,      2.876,      0.000,      0.000,  -4.20100,	   1.07100,	  -1.34500		, //old index 289
290	  ,  236 06 23 ,  119 35 54,      2.876,      0.000,      0.000,  -4.03500,	   0.67600,	  -1.35100		, //old index 290
291	  ,  236 06 23 ,  119 35 54,      2.876,      0.000,      0.000,  -4.29100,	   0.17900,	  -1.34600		, //old index 291
292	  ,  236 06 23 ,  119 35 54,      2.876,      0.000,      0.000,  -4.43100,	  -0.19600,	  -1.34500		, //old index 292
293	  ,  236 06 23 ,  119 35 54,      2.876,      0.000,      0.000,  -4.74900,	  -1.24900,	  -1.30300		, //old index 293
294	  ,  236 06 23 ,  119 35 54,      2.876,      0.000,      0.000,  -4.76900,	  -1.21400,	  -1.30400		, //old index 294
295	  ,  236 06 23 ,  119 35 54,      2.876,      0.000,      0.000,  -4.77000,	  -1.28000,	  -1.30400		, //old index 295
296	  ,  236 06 23 ,  119 35 54,      2.876,      0.000,      0.000,  -4.72400,	  -1.23800,	  -1.24500		, //old index 296
297	  ,  236 06 23 ,  119 35 54,      2.876,      0.000,      0.000,  -4.72400,	  -1.23800,	  -1.24500		, //old index 297
298	  ,  236 06 23 ,  119 35 54,      2.876,      0.000,      0.000,  -4.77000,	  -1.19200,	  -1.24600		, //old index 298
299	  ,  236 06 23 ,  119 35 54,      2.876,      0.000,      0.000,  -4.71500,	  -1.23500,	   4.53300		, //old index 299
300	  ,  236 06 23 ,  119 35 54,      2.876,      0.000,      0.000,  -4.76600,	  -1.32200,	   4.53600		, //old index 300
301	  ,  236 06 23 ,  119 35 54,      2.876,      0.000,      0.000,  -4.81200,	  -1.19100,	   4.53800		, //old index 301
302	  ,  236 06 23 ,  119 35 54,      2.876,      0.000,      0.000,   2.10100,	  -1.41300,	   0.20900		, //old index 302
303	  ,  236 06 23 ,  119 35 54,      2.876,      0.000,      0.000,   3.92200,	   3.19700,	  -0.30800		, //old index 303
304	  ,  236 06 23 ,  119 35 54,      2.876,      0.000,      0.000,   4.36700,	   4.87100,	  -0.34100		, //old index 304
305	  ,  236 06 23 ,  119 35 54,      2.876,      0.000,      0.000,  -0.00000,	   2.17200,	   0.01000		, //old index 305
306	  ,  236 06 23 ,  119 35 54,      2.876,      0.000,      0.000,   2.76600,	   5.75900,	  -0.03000		, //old index 2
307	  ,  236 06 23 ,  119 35 54,      2.876,      0.000,      0.000,   1.45500,	   5.77600,	  -1.24100		, //old index 3
308	  ,  236 06 23 ,  119 35 54,      2.876,      0.000,      0.000,   1.45600,	   5.77400,	  -0.31100		, //old index 4
309	  ,  236 06 23 ,  119 35 54,      2.876,      0.000,      0.000,   1.45300,	   5.78000,	   0.72200		, //old index 5
310	  ,  236 06 23 ,  119 35 54,      2.876,      0.000,      0.000,   1.45000,	   5.78400,	   2.11300		, //old index 6
311	  ,  236 06 23 ,  119 35 54,      2.876,      0.000,      0.000,   1.44800,	   5.78600,	   3.22100		, //old index 7
312	  ,  236 06 23 ,  119 35 54,      2.876,      0.000,      0.000,   1.44800,	   5.78800,	   4.14100		, //old index 8
313	  ,  236 06 23 ,  119 35 54,      2.876,      0.000,      0.000,   2.55500,	   5.77100,	   4.04300		, //old index 9
314	  ,  236 06 23 ,  119 35 54,      2.876,      0.000,      0.000,   2.55500,	   5.77100,	   3.02800		, //old index 10
315	  ,  236 06 23 ,  119 35 54,      2.876,      0.000,      0.000,   2.55500,	   5.76900,	   1.91100		, //old index 11
316	  ,  236 06 23 ,  119 35 54,      2.876,      0.000,      0.000,   2.55600,	   5.76100,	   1.04600		, //old index 12
317	  ,  236 06 23 ,  119 35 54,      2.876,      0.000,      0.000,   2.55600,	   5.76000,	   0.02900		, //old index 13
318	  ,  236 06 23 ,  119 35 54,      2.876,      0.000,      0.000,   2.55700,	   5.75600,	  -0.63900		, //old index 14
319	  ,  236 06 23 ,  119 35 54,      2.876,      0.000,      0.000,   2.55600,	   5.76100,	  -1.31100		, //old index 15
320	  ,  236 06 23 ,  119 35 54,      2.876,      0.000,      0.000,   3.36700,	   5.75200,	  -1.23000		, //old index 16
321	  ,  236 06 23 ,  119 35 54,      2.876,      0.000,      0.000,   3.36600,	   5.75100,	  -0.42800		, //old index 17
322	  ,  236 06 23 ,  119 35 54,      2.876,      0.000,      0.000,   3.36600,	   5.74900,	   0.58200		, //old index 18
323	  ,  236 06 23 ,  119 35 54,      2.876,      0.000,      0.000,   3.36800,	   5.75700,	   1.96200		, //old index 19
324	  ,  236 06 23 ,  119 35 54,      2.876,      0.000,      0.000,   3.37000,	   5.76200,	   3.08200		, //old index 20
325	  ,  236 06 23 ,  119 35 54,      2.876,      0.000,      0.000,   3.37000,	   5.76200,	   4.00000		, //old index 21
326	  ,  236 06 23 ,  119 35 54,      2.876,      0.000,      0.000,   4.46400,	   5.74700,	   3.95800		, //old index 22
327	  ,  236 06 23 ,  119 35 54,      2.876,      0.000,      0.000,   4.46400,	   5.74700,	   3.10200		, //old index 23
328	  ,  236 06 23 ,  119 35 54,      2.876,      0.000,      0.000,   4.46100,	   5.74300,	   2.23200		, //old index 24
329	  ,  236 06 23 ,  119 35 54,      2.876,      0.000,      0.000,   4.45900,	   5.74100,	   1.07600		, //old index 25
330	  ,  236 06 23 ,  119 35 54,      2.876,      0.000,      0.000,   4.45400,	   5.73600,	   0.13300		, //old index 26
331	  ,  236 06 23 ,  119 35 54,      2.876,      0.000,      0.000,   4.46300,	   5.74600,	  -0.36700		, //old index 27
332	  ,  236 06 23 ,  119 35 54,      2.876,      0.000,      0.000,   5.01900,	   5.72900,	   0.63200		, //old index 28
333	  ,  236 06 23 ,  119 35 54,      2.876,      0.000,      0.000,   5.20200,	   5.73200,	   1.87400		, //old index 29
334	  ,  236 06 23 ,  119 35 54,      2.876,      0.000,      0.000,   5.21100,	   5.73500,	   2.39600		, //old index 30
335	  ,  236 06 23 ,  119 35 54,      2.876,      0.000,      0.000,   5.21100,	   5.73500,	   3.08400		, //old index 31
336	  ,  236 06 23 ,  119 35 54,      2.876,      0.000,      0.000,   5.21200,	   5.73500,	   3.84600		, //old index 32
337	  ,  236 06 23 ,  119 35 54,      2.876,      0.000,      0.000,   5.99300,	   5.72500,	   3.88200		, //old index 33
338	  ,  236 06 23 ,  119 35 54,      2.876,      0.000,      0.000,   6.40300,	   5.72500,	   3.91300		, //old index 34
339	  ,  236 06 23 ,  119 35 54,      2.876,      0.000,      0.000,   6.00400,	   5.72300,	   3.07900		, //old index 35
340	  ,  236 06 23 ,  119 35 54,      2.876,      0.000,      0.000,   5.82400,	   5.72600,	   2.39300		, //old index 36
341	  ,  236 06 23 ,  119 35 54,      2.876,      0.000,      0.000,   3.95300,	   5.55500,	  -1.24900		, //old index 37
342	  ,  236 06 23 ,  119 35 54,      2.876,      0.000,      0.000,   4.28100,	   5.61400,	  -0.80600		, //old index 38
343	  ,  236 06 23 ,  119 35 54,      2.876,      0.000,      0.000,   4.64800,	   5.65000,	  -0.28000		, //old index 39
344	  ,  236 06 23 ,  119 35 54,      2.876,      0.000,      0.000,   4.90700,	   5.51600,	   0.19300		, //old index 40
345	  ,  236 06 23 ,  119 35 54,      2.876,      0.000,      0.000,   5.27800,	   5.60200,	   0.79900		, //old index 41
346	  ,  236 06 23 ,  119 35 54,      2.876,      0.000,      0.000,   5.09600,	   4.88000,	   0.81300		, //old index 42
347	  ,  236 06 23 ,  119 35 54,      2.876,      0.000,      0.000,   4.72500,	   4.88900,	   0.17400		, //old index 43
348	  ,  236 06 23 ,  119 35 54,      2.876,      0.000,      0.000,   4.36300,	   4.69900,	  -0.30300		, //old index 44
349	  ,  236 06 23 ,  119 35 54,      2.876,      0.000,      0.000,   4.00400,	   4.66700,	  -0.80100		, //old index 45
350	  ,  236 06 23 ,  119 35 54,      2.876,      0.000,      0.000,   3.74300,	   4.71900,	  -1.18800		, //old index 46
351	  ,  236 06 23 ,  119 35 54,      2.876,      0.000,      0.000,   3.47000,	   3.83300,	  -1.19200		, //old index 47
352	  ,  236 06 23 ,  119 35 54,      2.876,      0.000,      0.000,   3.86000,	   3.84800,	  -0.66600		, //old index 48
353	  ,  236 06 23 ,  119 35 54,      2.876,      0.000,      0.000,   4.21200,	   3.86100,	  -0.17900		, //old index 49
354	  ,  236 06 23 ,  119 35 54,      2.876,      0.000,      0.000,   4.48700,	   3.87100,	   0.23400		, //old index 50
355	  ,  236 06 23 ,  119 35 54,      2.876,      0.000,      0.000,   4.81700,	   3.88300,	   0.78800		, //old index 51
356	  ,  236 06 23 ,  119 35 54,      2.876,      0.000,      0.000,   4.57700,	   3.05600,	   0.74900		, //old index 52
357	  ,  236 06 23 ,  119 35 54,      2.876,      0.000,      0.000,   4.11000,	   3.00700,	   0.02700		, //old index 53
358	  ,  236 06 23 ,  119 35 54,      2.876,      0.000,      0.000,   3.78600,	   2.94500,	  -0.40500		, //old index 54
359	  ,  236 06 23 ,  119 35 54,      2.876,      0.000,      0.000,   3.51900,	   2.81000,	  -0.69900		, //old index 55
360	  ,  236 06 23 ,  119 35 54,      2.876,      0.000,      0.000,   3.01500,	   2.74200,	  -1.32400		, //old index 56
361	  ,  236 06 23 ,  119 35 54,      2.876,      0.000,      0.000,   2.92900,	   2.24800,	  -1.22000		, //old index 57
362	  ,  236 06 23 ,  119 35 54,      2.876,      0.000,      0.000,   3.32300,	   2.26500,	  -0.73500		, //old index 58
363	  ,  236 06 23 ,  119 35 54,      2.876,      0.000,      0.000,   3.70300,	   2.31700,	  -0.26200		, //old index 59
364	  ,  236 06 23 ,  119 35 54,      2.876,      0.000,      0.000,   4.00900,	   2.30200,	   0.17900		, //old index 60
365	  ,  236 06 23 ,  119 35 54,      2.876,      0.000,      0.000,   4.30500,	   2.22500,	   0.66300		, //old index 61
366	  ,  236 06 23 ,  119 35 54,      2.876,      0.000,      0.000,   4.53100,	   2.21700,	   1.02400		, //old index 62
367	  ,  236 06 23 ,  119 35 54,      2.876,      0.000,      0.000,   4.96000,	   2.27800,	   1.73500		, //old index 63
368	  ,  236 06 23 ,  119 35 54,      2.876,      0.000,      0.000,   5.32500,	   2.32900,	   2.40000		, //old index 64
369	  ,  236 06 23 ,  119 35 54,      2.876,      0.000,      0.000,   5.70300,	   2.26100,	   3.23400		, //old index 65
370	  ,  236 06 23 ,  119 35 54,      2.876,      0.000,      0.000,   6.00500,	   2.32600,	   3.90500		, //old index 66
371	  ,  236 06 23 ,  119 35 54,      2.876,      0.000,      0.000,   6.17000,	   3.15300,	   3.89700		, //old index 67
372	  ,  236 06 23 ,  119 35 54,      2.876,      0.000,      0.000,   5.91900,	   3.20100,	   3.25600		, //old index 68
373	  ,  236 06 23 ,  119 35 54,      2.876,      0.000,      0.000,   5.56800,	   3.26800,	   2.44200		, //old index 69
374	  ,  236 06 23 ,  119 35 54,      2.876,      0.000,      0.000,   5.10800,	   3.27000,	   1.54600		, //old index 70
375	  ,  236 06 23 ,  119 35 54,      2.876,      0.000,      0.000,   4.82400,	   3.33500,	   1.03500		, //old index 71
376	  ,  236 06 23 ,  119 35 54,      2.876,      0.000,      0.000,   5.09500,	   4.32100,	   1.05800		, //old index 72
377	  ,  236 06 23 ,  119 35 54,      2.876,      0.000,      0.000,   5.43600,	   4.39700,	   1.64400		, //old index 73
378	  ,  236 06 23 ,  119 35 54,      2.876,      0.000,      0.000,   5.91400,	   4.50200,	   2.58500		, //old index 74
379	  ,  236 06 23 ,  119 35 54,      2.876,      0.000,      0.000,   6.18100,	   4.56100,	   3.20200		, //old index 75
380	  ,  236 06 23 ,  119 35 54,      2.876,      0.000,      0.000,   6.43900,	   4.61800,	   3.85900		, //old index 76
381	  ,  236 06 23 ,  119 35 54,      2.876,      0.000,      0.000,   6.64700,	   5.53200,	   3.95700		, //old index 77
382	  ,  236 06 23 ,  119 35 54,      2.876,      0.000,      0.000,   6.37200,	   5.51000,	   3.19200		, //old index 78
383	  ,  236 06 23 ,  119 35 54,      2.876,      0.000,      0.000,   6.09100,	   5.55100,	   2.47500		, //old index 79
384	  ,  236 06 23 ,  119 35 54,      2.876,      0.000,      0.000,   5.76000,	   5.30300,	   1.86400		, //old index 80
385	  ,  236 06 23 ,  119 35 54,      2.876,      0.000,      0.000,   5.35600,	   5.47800,	   1.00000		, //old index 81
386	  ,  236 06 23 ,  119 35 54,      2.876,      0.000,      0.000,   5.64900,	   2.15300,	   3.83100		, //old index 82
387	  ,  236 06 23 ,  119 35 54,      2.876,      0.000,      0.000,   5.16800,	   2.15700,	   3.84200		, //old index 83
388	  ,  236 06 23 ,  119 35 54,      2.876,      0.000,      0.000,   5.17300,	   2.15400,	   3.45300		, //old index 84
389	  ,  236 06 23 ,  119 35 54,      2.876,      0.000,      0.000,   5.17500,	   2.15300,	   2.80600		, //old index 85
390	  ,  236 06 23 ,  119 35 54,      2.876,      0.000,      0.000,   4.68600,	   2.15700,	   4.08900		, //old index 86
391	  ,  236 06 23 ,  119 35 54,      2.876,      0.000,      0.000,   4.68700,	   2.15600,	   3.45300		, //old index 87
392	  ,  236 06 23 ,  119 35 54,      2.876,      0.000,      0.000,   4.70100,	   2.14400,	   2.55700		, //old index 88
393	  ,  236 06 23 ,  119 35 54,      2.876,      0.000,      0.000,   4.69500,	   2.14900,	   1.97000		, //old index 89
394	  ,  236 06 23 ,  119 35 54,      2.876,      0.000,      0.000,   4.15700,	   2.14800,	   0.96800		, //old index 90
395	  ,  236 06 23 ,  119 35 54,      2.876,      0.000,      0.000,   4.15100,	   2.15400,	   1.80100		, //old index 91
396	  ,  236 06 23 ,  119 35 54,      2.876,      0.000,      0.000,   4.15200,	   2.15400,	   2.69900		, //old index 92
397	  ,  236 06 23 ,  119 35 54,      2.876,      0.000,      0.000,   4.14900,	   2.15700,	   3.54800		, //old index 93
398	  ,  236 06 23 ,  119 35 54,      2.876,      0.000,      0.000,   4.14200,	   2.16400,	   3.95800		, //old index 94
399	  ,  236 06 23 ,  119 35 54,      2.876,      0.000,      0.000,   3.38900,	   2.17100,	   4.00400		, //old index 95
400	  ,  236 06 23 ,  119 35 54,      2.876,      0.000,      0.000,   3.39100,	   2.16500,	   3.03300		, //old index 96
401	  ,  236 06 23 ,  119 35 54,      2.876,      0.000,      0.000,   3.39200,	   2.16200,	   1.63000		, //old index 97
402	  ,  236 06 23 ,  119 35 54,      2.876,      0.000,      0.000,   3.39300,	   2.16100,	   0.69500		, //old index 98
403	  ,  236 06 23 ,  119 35 54,      2.876,      0.000,      0.000,   3.39400,	   2.15600,	  -0.02600		, //old index 99
404	  ,  236 06 23 ,  119 35 54,      2.876,      0.000,      0.000,   3.39800,	   2.14800,	  -0.31400		, //old index 100
405	  ,  236 06 23 ,  119 35 54,      2.876,      0.000,      0.000,   2.54200,	   2.18100,	   4.00400		, //old index 101
406	  ,  236 06 23 ,  119 35 54,      2.876,      0.000,      0.000,   2.54200,	   2.17800,	   2.66500		, //old index 102
407	  ,  236 06 23 ,  119 35 54,      2.876,      0.000,      0.000,   2.54200,	   2.17600,	   1.45500		, //old index 103
408	  ,  236 06 23 ,  119 35 54,      2.876,      0.000,      0.000,   2.54100,	   2.17500,	   0.46100		, //old index 104
409	  ,  236 06 23 ,  119 35 54,      2.876,      0.000,      0.000,   2.56500,	   2.17100,	  -0.59900		, //old index 105
410	  ,  236 06 23 ,  119 35 54,      2.876,      0.000,      0.000,   2.56500,	   2.17600,	  -1.22100		, //old index 106
411	  ,  236 06 23 ,  119 35 54,      2.876,      0.000,      0.000,   1.88700,	   2.18500,	  -1.11400		, //old index 107
412	  ,  236 06 23 ,  119 35 54,      2.876,      0.000,      0.000,   1.88600,	   2.18300,	   0.31000		, //old index 108
413	  ,  236 06 23 ,  119 35 54,      2.876,      0.000,      0.000,   1.88700,	   2.18600,	   1.02600		, //old index 109
414	  ,  236 06 23 ,  119 35 54,      2.876,      0.000,      0.000,   1.88900,	   2.18900,	   1.65900		, //old index 110
415	  ,  236 06 23 ,  119 35 54,      2.876,      0.000,      0.000,   1.88900,	   2.19000,	   2.73600		, //old index 111
416	  ,  236 06 23 ,  119 35 54,      2.876,      0.000,      0.000,   1.89000,	   2.19100,	   4.02500		, //old index 112
417	  ,  236 06 23 ,  119 35 54,      2.876,      0.000,      0.000,   1.33300,	   2.19800,	   4.15500		, //old index 113
418	  ,  236 06 23 ,  119 35 54,      2.876,      0.000,      0.000,   1.36800,	   2.20100,	   3.10200		, //old index 114
419	  ,  236 06 23 ,  119 35 54,      2.876,      0.000,      0.000,   1.36800,	   2.20100,	   2.11800		, //old index 115
420	  ,  236 06 23 ,  119 35 54,      2.876,      0.000,      0.000,   1.38500,	   2.19600,	   0.99000		, //old index 116
421	  ,  236 06 23 ,  119 35 54,      2.876,      0.000,      0.000,   1.38100,	   2.19100,	  -0.17500		, //old index 117
422	  ,  236 06 23 ,  119 35 54,      2.876,      0.000,      0.000,   1.43300,	   2.18700,	  -1.21000		, //old index 118
423	  ,  236 06 23 ,  119 35 54,      2.876,      0.000,      0.000,   1.23800,	   2.29900,	  -1.23500		, //old index 119
424	  ,  236 06 23 ,  119 35 54,      2.876,      0.000,      0.000,   1.24300,	   2.30400,	  -0.39100		, //old index 120
425	  ,  236 06 23 ,  119 35 54,      2.876,      0.000,      0.000,   1.24300,	   2.30400,	   0.48700		, //old index 121
426	  ,  236 06 23 ,  119 35 54,      2.876,      0.000,      0.000,   1.24000,	   2.30100,	   1.05600		, //old index 122
427	  ,  236 06 23 ,  119 35 54,      2.876,      0.000,      0.000,   1.23800,	   2.29900,	   2.32300		, //old index 123
428	  ,  236 06 23 ,  119 35 54,      2.876,      0.000,      0.000,   1.23400,	   2.29500,	   3.10600		, //old index 124
429	  ,  236 06 23 ,  119 35 54,      2.876,      0.000,      0.000,   1.22600,	   2.28700,	   4.09800		, //old index 125
430	  ,  236 06 23 ,  119 35 54,      2.876,      0.000,      0.000,   1.23900,	   3.17900,	   4.08300		, //old index 126
431	  ,  236 06 23 ,  119 35 54,      2.876,      0.000,      0.000,   1.24200,	   3.18000,	   2.74900		, //old index 127
432	  ,  236 06 23 ,  119 35 54,      2.876,      0.000,      0.000,   1.24400,	   3.18100,	   2.27600		, //old index 128
433	  ,  236 06 23 ,  119 35 54,      2.876,      0.000,      0.000,   1.24500,	   3.18100,	   0.98800		, //old index 129
434	  ,  236 06 23 ,  119 35 54,      2.876,      0.000,      0.000,   1.24400,	   3.18000,	  -0.22200		, //old index 130
435	  ,  236 06 23 ,  119 35 54,      2.876,      0.000,      0.000,   1.24300,	   3.18000,	  -1.25700		, //old index 131
436	  ,  236 06 23 ,  119 35 54,      2.876,      0.000,      0.000,   1.25700,	   4.19200,	  -1.19100		, //old index 132
437	  ,  236 06 23 ,  119 35 54,      2.876,      0.000,      0.000,   1.25500,	   4.19300,	   0.28200		, //old index 133
438	  ,  236 06 23 ,  119 35 54,      2.876,      0.000,      0.000,   1.25700,	   4.19200,	   1.04700		, //old index 134
439	  ,  236 06 23 ,  119 35 54,      2.876,      0.000,      0.000,   1.25400,	   4.19300,	   2.41000		, //old index 135
440	  ,  236 06 23 ,  119 35 54,      2.876,      0.000,      0.000,   1.25300,	   4.19300,	   3.21700		, //old index 136
441	  ,  236 06 23 ,  119 35 54,      2.876,      0.000,      0.000,   1.24800,	   4.19500,	   4.13600		, //old index 137
442	  ,  236 06 23 ,  119 35 54,      2.876,      0.000,      0.000,   1.25800,	   5.18900,	   4.03500		, //old index 138
443	  ,  236 06 23 ,  119 35 54,      2.876,      0.000,      0.000,   1.26500,	   5.18200,	   2.97800		, //old index 139
444	  ,  236 06 23 ,  119 35 54,      2.876,      0.000,      0.000,   1.26600,	   5.18100,	   2.30300		, //old index 140
445	  ,  236 06 23 ,  119 35 54,      2.876,      0.000,      0.000,   1.26600,	   5.18100,	   1.00000		, //old index 141
446	  ,  236 06 23 ,  119 35 54,      2.876,      0.000,      0.000,   1.26800,	   5.17900,	   0.09500		, //old index 142
447	  ,  236 06 23 ,  119 35 54,      2.876,      0.000,      0.000,   1.26800,	   5.18300,	  -1.14700		, //old index 143
448	  ,  236 06 23 ,  119 35 54,      2.876,      0.000,      0.000,   1.27500,	   5.64700,	  -1.25700		, //old index 144
449	  ,  236 06 23 ,  119 35 54,      2.876,      0.000,      0.000,   1.26900,	   5.65300,	  -0.50000		, //old index 145
450	  ,  236 06 23 ,  119 35 54,      2.876,      0.000,      0.000,   1.27200,	   5.65000,	   0.65100		, //old index 146
451	  ,  236 06 23 ,  119 35 54,      2.876,      0.000,      0.000,   1.27000,	   5.65200,	   1.05500		, //old index 147
452	  ,  236 06 23 ,  119 35 54,      2.876,      0.000,      0.000,   1.26900,	   5.65400,	   2.33600		, //old index 148
453	  ,  236 06 23 ,  119 35 54,      2.876,      0.000,      0.000,   1.26900,	   5.65400,	   3.14200		, //old index 149
454	  ,  236 06 23 ,  119 35 54,      2.876,      0.000,      0.000,   1.26400,	   5.66000,	   4.09700		, //old index 150
455	  ,  236 06 23 ,  119 35 54,      2.876,      0.000,      0.000,   5.84200,	   2.41500,	   4.08700		, //old index 151
456	  ,  236 06 23 ,  119 35 54,      2.876,      0.000,      0.000,   6.11800,	   3.49400,	   4.07600		, //old index 152
457	  ,  236 06 23 ,  119 35 54,      2.876,      0.000,      0.000,   6.32300,	   4.39600,	   4.06800		, //old index 153
458	  ,  236 06 23 ,  119 35 54,      2.876,      0.000,      0.000,   6.45600,	   5.46400,	   4.05600		, //old index 154
459	  ,  236 06 23 ,  119 35 54,      2.876,      0.000,      0.000,   5.30000,	   5.50000,	   4.10100		, //old index 155
460	  ,  236 06 23 ,  119 35 54,      2.876,      0.000,      0.000,   5.21000,	   4.29900,	   4.11200		, //old index 156
461	  ,  236 06 23 ,  119 35 54,      2.876,      0.000,      0.000,   5.21600,	   3.33800,	   4.11400		, //old index 157
462	  ,  236 06 23 ,  119 35 54,      2.876,      0.000,      0.000,   5.05100,	   2.34000,	   4.11800		, //old index 158
463	  ,  236 06 23 ,  119 35 54,      2.876,      0.000,      0.000,   4.34700,	   2.29100,	   4.14800		, //old index 159
464	  ,  236 06 23 ,  119 35 54,      2.876,      0.000,      0.000,   4.40500,	   3.14300,	   4.14700		, //old index 160
465	  ,  236 06 23 ,  119 35 54,      2.876,      0.000,      0.000,   4.49700,	   4.15400,	   4.14000		, //old index 161
466	  ,  236 06 23 ,  119 35 54,      2.876,      0.000,      0.000,   4.42700,	   5.02400,	   4.13900		, //old index 162
467	  ,  236 06 23 ,  119 35 54,      2.876,      0.000,      0.000,   4.49600,	   5.67700,	   4.13500		, //old index 163
468	  ,  236 06 23 ,  119 35 54,      2.876,      0.000,      0.000,   3.55700,	   5.64000,	   4.17100		, //old index 164
469	  ,  236 06 23 ,  119 35 54,      2.876,      0.000,      0.000,   3.51700,	   4.84800,	   4.17400		, //old index 165
470	  ,  236 06 23 ,  119 35 54,      2.876,      0.000,      0.000,   3.56600,	   3.86600,	   4.17400		, //old index 166
471	  ,  236 06 23 ,  119 35 54,      2.876,      0.000,      0.000,   3.43700,	   2.89500,	   4.17900		, //old index 167
472	  ,  236 06 23 ,  119 35 54,      2.876,      0.000,      0.000,   3.44400,	   2.27500,	   4.18100		, //old index 168
473	  ,  236 06 23 ,  119 35 54,      2.876,      0.000,      0.000,   2.59400,	   2.27000,	   4.21100		, //old index 169
474	  ,  236 06 23 ,  119 35 54,      2.876,      0.000,      0.000,   2.68000,	   3.03900,	   4.20700		, //old index 170
475	  ,  236 06 23 ,  119 35 54,      2.876,      0.000,      0.000,   2.62900,	   4.78800,	   4.20700		, //old index 171
476	  ,  236 06 23 ,  119 35 54,      2.876,      0.000,      0.000,   2.51000,	   5.64400,	   4.21200		, //old index 172
477	  ,  236 06 23 ,  119 35 54,      2.876,      0.000,      0.000,   1.65000,	   5.63400,	   4.24700		, //old index 173
478	  ,  236 06 23 ,  119 35 54,      2.876,      0.000,      0.000,   1.39500,	   4.74600,	   4.25600		, //old index 174
479	  ,  236 06 23 ,  119 35 54,      2.876,      0.000,      0.000,   1.40000,	   3.68100,	   4.25800		, //old index 175
480	  ,  236 06 23 ,  119 35 54,      2.876,      0.000,      0.000,   1.39900,	   2.66300,	   4.26000		, //old index 176
481	  ,  236 06 23 ,  119 35 54,      2.876,      0.000,      0.000,   1.29400,	   2.32100,	   4.26300		, //old index 177
482	  ,  236 06 23 ,  119 35 54,      2.876,      0.000,      0.000,   3.77200,	   5.58200,	  -1.37100		, //old index 178
483	  ,  236 06 23 ,  119 35 54,      2.876,      0.000,      0.000,   3.37400,	   5.51400,	  -1.37200		, //old index 179
484	  ,  236 06 23 ,  119 35 54,      2.876,      0.000,      0.000,   2.51800,	   5.39100,	  -1.37800		, //old index 180
485	  ,  236 06 23 ,  119 35 54,      2.876,      0.000,      0.000,   1.89400,	   5.48900,	  -1.38100		, //old index 181
486	  ,  236 06 23 ,  119 35 54,      2.876,      0.000,      0.000,   1.47800,	   5.36700,	  -1.37900		, //old index 182
487	  ,  236 06 23 ,  119 35 54,      2.876,      0.000,      0.000,   1.61700,	   4.55700,	  -1.38200		, //old index 183
488	  ,  236 06 23 ,  119 35 54,      2.876,      0.000,      0.000,   2.31700,	   4.65200,	  -1.38100		, //old index 184
489	  ,  236 06 23 ,  119 35 54,      2.876,      0.000,      0.000,   2.97400,	   4.47800,	  -1.37500		, //old index 185
490	  ,  236 06 23 ,  119 35 54,      2.876,      0.000,      0.000,   3.38600,	   4.37900,	  -1.37800		, //old index 186
491	  ,  236 06 23 ,  119 35 54,      2.876,      0.000,      0.000,   1.97500,	   4.00200,	  -1.38000		, //old index 187
492	  ,  236 06 23 ,  119 35 54,      2.876,      0.000,      0.000,   1.47200,	   3.53300,	  -1.38000		, //old index 188
493	  ,  236 06 23 ,  119 35 54,      2.876,      0.000,      0.000,   1.95000,	   3.23300,	  -1.37800		, //old index 189
494	  ,  236 06 23 ,  119 35 54,      2.876,      0.000,      0.000,   2.70300,	   2.76900,	  -1.38400		, //old index 190
495	  ,  236 06 23 ,  119 35 54,      2.876,      0.000,      0.000,   2.14300,	   2.56400,	  -1.38000		, //old index 191
496	  ,  236 06 23 ,  119 35 54,      2.876,      0.000,      0.000,   2.05800,	  -1.40000,	   0.18000		, //old index 192
497	  ,  236 06 23 ,  119 35 54,      2.876,      0.000,      0.000,   3.93400,	   3.19200,	  -0.29900		, //old index 193
498	  ,  236 06 23 ,  119 35 54,      2.876,      0.000,      0.000,   4.39800,	   4.86300,	  -0.32100		, //old index 194
499	  ,  236 06 23 ,  119 35 54,      2.876,      0.000,      0.000,   2.76600,	   5.75900,	  -0.03000		, //old index 195
