CHECKING DISTANT FROM POINTS TO AVERAGE PLANE TO REMOVE INCORRECT POINT. 

Distant of points(mm) belongs the plane 0 (50 points): 
10.71(592),  7.57(567),  7.30(582),  6.89(570),  6.37(580),  6.07(559),  5.94(584),  5.59(583),  5.33(558),  5.31(563),  5.28(593),  5.17(555),  5.05(579),  4.86(589),  4.65(564),  4.63(588),  4.61(587),  4.16(581),  3.37(568),  3.19(548),  3.16(547),  3.05(574),  2.80(594),  2.69(576),  2.45(575),  2.24(573),  2.09(553),  1.94(546),  1.86(560),  1.80(591),  1.55(578),  1.49(551),  1.38(561),  1.25(590),  1.21(557),  1.00(552),  0.99(554),  0.87(586),  0.79(585),  0.76(549),  0.75(571),  0.73(577),  0.71(566),  0.69(545),  0.67(569),  0.62(565),  0.61(572),  0.38(562),  0.18(550),  0.09(556), 
Distant of points(mm) belongs the plane 1 (24 points): 
14.53(531),  8.30(532),  6.36(521),  6.00(538),  5.14(527),  4.81(524),  4.20(528),  3.16(525),  2.81(526),  2.75(536),  2.61(522),  2.47(539),  2.41(542),  2.37(537),  2.27(541),  1.69(543),  1.64(533),  1.18(534),  0.99(544),  0.90(540),  0.86(529),  0.64(530),  0.15(523),  0.08(535), 
Distant of points(mm) belongs the plane 2 (67 points): 
11.51(43), 10.57(41), 10.39(42), 10.36(55), 10.05(30),  9.96(8),  9.47(39),  9.35(38),  9.29(14),  9.26(13),  8.64(56),  8.60(40),  8.53(6),  8.12(7),  8.07(12),  7.84(15),  7.59(66),  6.95(25),  6.56(52),  6.25(37),  6.08(70),  6.07(29),  6.00(65),  6.00(36),  5.80(19),  5.69(24),  5.61(18),  5.49(23),  5.29(57),  5.22(64),  5.19(10),  5.19(5),  5.08(27),  4.96(9),  4.73(22),  4.62(16),  4.40(28),  4.31(26),  4.14(67),  3.94(20),  3.92(35),  3.65(58),  3.20(44),  3.15(33),  3.10(68),  3.09(53),  2.80(59),  2.76(63),  2.69(17),  2.63(34),  2.45(71),  2.44(45),  1.82(51),  1.80(21),  1.67(11),  1.18(54),  1.13(47),  1.09(32),  1.00(61),  0.94(46),  0.89(31),  0.69(50),  0.52(48),  0.41(49),  0.33(62),  0.21(60),  0.06(69), 
Distant of points(mm) belongs the plane 3 (60 points): 
10.02(104),  9.41(128),  8.78(127),  8.70(108),  8.35(101),  7.86(102),  7.67(116),  7.67(76),  7.66(122),  7.61(113),  7.58(105),  7.53(121),  7.49(126),  7.37(107),  7.28(103),  7.08(130),  6.89(129),  6.35(75),  6.28(74),  6.21(120),  6.15(114),  6.07(106),  5.85(79),  5.80(125),  5.54(131),  5.43(83),  5.42(77),  5.41(115),  5.16(112),  5.06(78),  4.69(82),  4.64(94),  4.57(111),  4.44(92),  4.08(97),  3.80(119),  3.78(73),  3.57(90),  3.51(84),  3.41(99),  3.08(95),  2.97(93),  2.70(81),  2.54(109),  2.54(91),  2.45(123),  2.24(98),  2.03(118),  1.64(89),  1.56(87),  1.48(110),  1.23(96),  1.21(80),  1.19(72),  1.03(88),  0.96(117),  0.46(85),  0.46(86),  0.38(100),  0.18(124), 
Distant of points(mm) belongs the plane 4 (72 points): 
11.24(417),  9.68(423),  9.44(463),  8.83(431),  7.89(474),  7.57(468),  7.30(430),  6.72(416),  6.51(438),  6.23(442),  5.94(453),  5.80(454),  5.65(418),  5.52(470),  5.50(439),  5.48(440),  5.40(459),  5.07(424),  4.99(419),  4.90(441),  4.88(412),  4.88(432),  4.79(426),  4.53(464),  4.49(451),  4.45(420),  4.26(462),  3.88(472),  3.78(409),  3.54(465),  3.49(415),  3.45(434),  3.45(450),  3.32(473),  3.26(406),  3.13(408),  3.05(414),  3.02(466),  2.98(458),  2.89(422),  2.88(433),  2.79(449),  2.76(471),  2.61(446),  2.60(413),  2.56(447),  2.54(445),  2.51(435),  2.30(429),  2.04(457),  2.00(452),  1.97(455),  1.94(437),  1.62(425),  1.60(436),  1.55(456),  1.49(404),  1.45(410),  1.35(407),  1.27(444),  1.24(461),  1.19(467),  1.00(411),  1.00(469),  0.92(448),  0.76(405),  0.53(443),  0.51(427),  0.46(460),  0.43(403),  0.13(428),  0.12(421), 
Distant of points(mm) belongs the plane 5 (41 points): 
16.95(506), 14.06(520), 10.22(519),  9.33(494),  8.91(495),  8.74(514),  7.89(515),  7.82(501),  7.44(488),  7.26(481),  6.65(489),  6.58(510),  6.52(507),  6.07(502),  5.98(517),  5.40(487),  5.13(480),  5.08(500),  4.77(516),  4.70(498),  4.54(513),  4.31(518),  4.18(503),  4.01(485),  3.53(483),  3.49(496),  3.30(504),  3.28(509),  2.85(482),  2.43(486),  2.41(499),  2.00(497),  1.81(512),  1.16(511),  1.13(484),  1.05(490),  1.05(508),  0.93(491),  0.59(492),  0.46(493),  0.41(505), 
Distant of points(mm) belongs the plane 6 (10 points): 
 7.96(402),  7.30(475),  5.41(399),  4.96(479),  3.35(478),  3.35(476),  2.49(400),  2.42(477),  1.46(401),  1.45(398), 
Distant of points(mm) belongs the plane 7 (49 points): 
 7.42(347),  6.66(322),  6.48(359),  5.91(346),  5.81(345),  5.57(358),  5.10(323),  4.92(348),  4.40(353),  3.84(324),  3.12(329),  2.85(357),  2.81(337),  2.50(343),  2.46(338),  2.41(313),  2.38(350),  2.32(315),  2.27(314),  2.27(344),  2.15(339),  2.10(318),  2.02(332),  1.89(334),  1.88(319),  1.72(352),  1.70(320),  1.68(342),  1.68(330),  1.61(317),  1.57(354),  1.45(321),  1.42(333),  1.24(327),  1.23(311),  1.18(355),  1.17(328),  1.12(349),  0.81(351),  0.67(331),  0.61(356),  0.61(325),  0.55(335),  0.53(336),  0.31(326),  0.26(312),  0.16(340),  0.15(316),  0.14(341), 
Distant of points(mm) belongs the plane 8 (38 points): 
13.47(363), 10.37(397),  8.52(374),  8.42(364),  8.21(388),  6.53(373),  6.36(385),  5.79(396),  5.46(372),  5.23(362),  4.48(389),  4.43(367),  4.16(368),  4.12(365),  4.03(366),  3.70(375),  3.61(361),  3.54(386),  3.51(384),  3.36(390),  2.86(360),  2.71(394),  2.48(381),  2.30(392),  2.23(376),  2.23(379),  2.20(387),  1.85(395),  1.70(380),  1.65(382),  1.51(369),  1.18(378),  0.69(391),  0.49(393),  0.44(383),  0.33(371),  0.22(377),  0.06(370), 
Distant of points(mm) belongs the plane 9 (23 points): 
 8.77(142),  6.48(146),  5.95(147),  5.82(154),  5.28(143),  4.67(137),  4.54(145),  4.54(134),  4.35(144),  3.78(150),  3.62(133),  3.60(139),  3.09(153),  2.64(148),  2.58(149),  1.90(132),  1.89(141),  1.82(140),  1.10(138),  0.71(151),  0.55(152),  0.11(136),  0.01(135), 
Distant of points(mm) belongs the plane 10 (12 points): 
10.88(155),  9.72(156),  4.45(159),  3.65(165),  3.23(163),  2.35(160),  2.02(157),  1.35(161),  0.91(166),  0.42(164),  0.11(162),  0.03(158), 
Distant of points(mm) belongs the plane 11 (16 points): 
17.84(167), 10.16(180),  8.94(178),  8.82(168),  8.69(179),  6.61(181),  4.97(172),  3.89(182),  3.80(176),  3.56(173),  2.90(169),  2.72(171),  2.09(174),  1.96(177),  1.03(175),  0.62(170), 
Distant of points(mm) belongs the plane 12 (49 points): 
14.80(229), 10.47(230), 10.38(228),  9.26(188),  8.32(217),  8.19(216),  7.73(231),  7.69(194),  7.46(203),  6.78(202),  6.74(189),  6.55(197),  5.97(207),  5.56(196),  5.36(218),  5.19(222),  4.87(215),  4.28(200),  3.82(204),  3.69(205),  3.53(198),  3.52(224),  3.51(183),  3.35(223),  3.15(214),  3.04(206),  2.99(220),  2.91(192),  2.83(225),  2.77(221),  1.52(213),  1.40(227),  1.39(208),  1.24(193),  1.11(210),  1.05(190),  1.03(219),  1.00(187),  0.68(201),  0.63(211),  0.63(195),  0.63(209),  0.47(199),  0.36(186),  0.35(226),  0.26(185),  0.20(212),  0.10(191),  0.05(184), 
Distant of points(mm) belongs the plane 13 (26 points): 
 9.21(236),  8.86(240),  8.30(237),  7.67(253),  5.98(250),  5.89(244),  5.65(232),  5.36(234),  4.90(257),  4.77(235),  4.73(239),  4.57(251),  4.38(254),  3.99(249),  3.65(256),  3.62(246),  3.17(248),  2.96(252),  2.92(245),  2.89(243),  2.88(255),  1.54(238),  1.53(247),  1.29(233),  1.13(241),  1.01(242), 
Distant of points(mm) belongs the plane 14 (25 points): 
10.19(273), 10.04(267),  9.09(266),  8.88(272),  8.32(260),  7.87(271),  7.00(282),  6.47(269),  5.83(262),  5.44(270),  5.42(261),  5.24(278),  5.11(263),  4.96(274),  4.94(264),  4.49(281),  4.47(279),  3.79(275),  3.42(265),  3.36(280),  1.82(259),  1.33(268),  1.18(276),  0.81(258),  0.62(277), 
Distant of points(mm) belongs the plane 15 (28 points): 
10.32(296), 10.09(299),  9.75(309),  9.22(306),  6.89(298),  6.87(283),  6.86(294),  6.19(303),  5.64(293),  5.43(307),  5.39(302),  5.11(285),  4.70(284),  4.24(301),  4.13(295),  3.82(308),  3.46(289),  3.09(310),  2.61(291),  2.20(288),  2.02(286),  1.74(290),  1.61(297),  0.74(292),  0.74(304),  0.43(305),  0.32(287),  0.24(300), 
