   Point ID     ,  Hz.(º ' "),  V.(º ' "),Slope Dist.(m),Refl.Ht.(m),Inst.Ht.(m),Easting(m),  Northing(m),  Height(m)
ADG             ,  359 59 59 ,   90 01 33,          0,      0.000,      0.000,            0,            0,          0
2               ,  359 57 52 ,   90 00 02,      8.089,      0.000,      0.000,       -0.005,        8.089,     -0.000
3               ,   36 34 17 ,  123 25 19,      2.606,      0.000,      0.000,        1.296,        1.747,     -1.435
4               ,   36 34 28 ,   17 29 56,      7.200,      0.000,      0.000,        1.290,        1.739,      6.866
5               ,   23 36 06 ,   94 07 16,      8.850,      0.000,      0.000,        3.534,        8.089,     -0.636
6               ,   23 36 06 ,   85 48 29,      8.847,      0.000,      0.000,        3.533,        8.085,      0.647
7               ,   23 36 06 ,   78 51 39,      8.993,      0.000,      0.000,        3.533,        8.086,      1.737
8               ,   23 36 10 ,   73 40 27,      9.191,      0.000,      0.000,        3.532,        8.082,      2.583
9               ,   23 36 12 ,   67 16 37,      9.557,      0.000,      0.000,        3.530,        8.078,      3.692
10              ,   23 36 13 ,   59 41 36,     10.206,      0.000,      0.000,        3.528,        8.074,      5.150
11              ,   23 36 03 ,   52 40 45,     11.077,      0.000,      0.000,        3.527,        8.072,      6.716
12              ,   21 28 15 ,   52 11 53,     10.972,      0.000,      0.000,        3.173,        8.068,      6.725
13              ,   21 28 11 ,   58 13 34,     10.196,      0.000,      0.000,        3.173,        8.066,      5.369
14              ,   21 28 12 ,   64 13 05,      9.627,      0.000,      0.000,        3.173,        8.068,      4.187
15              ,   21 28 12 ,   70 06 39,      9.218,      0.000,      0.000,        3.173,        8.067,      3.136
16              ,   21 28 12 ,   78 34 02,      8.851,      0.000,      0.000,        3.175,        8.073,      1.754
17              ,   21 28 12 ,   88 39 23,      8.682,      0.000,      0.000,        3.177,        8.077,      0.204
18              ,   21 28 17 ,   93 35 18,      8.699,      0.000,      0.000,        3.178,        8.080,     -0.544
19              ,   13 34 09 ,   96 04 31,      8.369,      0.000,      0.000,        1.953,        8.090,     -0.886
20              ,   13 34 10 ,   87 23 36,      8.326,      0.000,      0.000,        1.951,        8.085,      0.379
21              ,   13 34 13 ,   79 10 45,      8.465,      0.000,      0.000,        1.951,        8.082,      1.589
22              ,   13 34 20 ,   69 00 39,      8.897,      0.000,      0.000,        1.949,        8.074,      3.187
23              ,   13 34 23 ,   61 10 09,      9.476,      0.000,      0.000,        1.948,        8.069,      4.569
24              ,   13 34 27 ,   55 24 50,     10.079,      0.000,      0.000,        1.948,        8.066,      5.721
25              ,   13 34 22 ,   50 58 47,     10.677,      0.000,      0.000,        1.947,        8.063,      6.722
26              ,   11 00 40 ,   50 58 47,     10.581,      0.000,      0.000,        1.570,        8.069,      6.662
27              ,   11 00 39 ,   58 14 02,      9.670,      0.000,      0.000,        1.570,        8.070,      5.091
28              ,   11 00 38 ,   66 02 56,      9.003,      0.000,      0.000,        1.571,        8.076,      3.655
29              ,   11 00 39 ,   75 47 33,      8.493,      0.000,      0.000,        1.572,        8.081,      2.084
30              ,   11 00 37 ,   84 23 19,      8.273,      0.000,      0.000,        1.573,        8.082,      0.809
31              ,   11 00 42 ,   95 29 05,      8.279,      0.000,      0.000,        1.574,        8.089,     -0.791
32              ,    2 41 03 ,   99 26 50,      8.206,      0.000,      0.000,        0.379,        8.086,     -1.347
33              ,    2 41 07 ,   89 50 33,      8.096,      0.000,      0.000,        0.379,        8.087,      0.022
34              ,    2 41 07 ,   82 07 20,      8.167,      0.000,      0.000,        0.379,        8.081,      1.119
35              ,    2 41 10 ,   75 48 50,      8.344,      0.000,      0.000,        0.379,        8.080,      2.045
36              ,    2 41 12 ,   66 56 33,      8.788,      0.000,      0.000,        0.379,        8.077,      3.442
37              ,    2 41 10 ,   60 41 38,      9.271,      0.000,      0.000,        0.379,        8.075,      4.538
38              ,    2 41 12 ,   55 20 39,      9.829,      0.000,      0.000,        0.379,        8.077,      5.589
39              ,    2 41 14 ,   50 04 41,     10.534,      0.000,      0.000,        0.379,        8.069,      6.760
40              ,  359 38 13 ,   50 04 41,     10.536,      0.000,      0.000,       -0.051,        8.080,      6.761
41              ,  359 38 11 ,   55 11 57,      9.846,      0.000,      0.000,       -0.051,        8.085,      5.619
42              ,  359 38 09 ,   62 14 41,      9.138,      0.000,      0.000,       -0.051,        8.087,      4.256
43              ,  359 38 09 ,   68 43 34,      8.677,      0.000,      0.000,       -0.051,        8.085,      3.148
44              ,  359 38 09 ,   76 04 25,      8.332,      0.000,      0.000,       -0.051,        8.087,      2.005
45              ,  359 38 11 ,   84 12 58,      8.129,      0.000,      0.000,       -0.051,        8.087,      0.819
46              ,  359 38 09 ,   92 08 29,      8.095,      0.000,      0.000,       -0.051,        8.089,     -0.303
47              ,  359 38 13 ,   99 31 33,      8.204,      0.000,      0.000,       -0.051,        8.091,     -1.358
48              ,  351 04 10 ,   98 35 36,      8.280,      0.000,      0.000,       -1.271,        8.088,     -1.237
49              ,  351 04 13 ,   90 18 00,      8.181,      0.000,      0.000,       -1.270,        8.082,     -0.043
50              ,  351 04 13 ,   83 05 14,      8.237,      0.000,      0.000,       -1.269,        8.078,      0.991
51              ,  351 04 14 ,   73 01 07,      8.546,      0.000,      0.000,       -1.269,        8.074,      2.496
52              ,  351 04 16 ,   64 11 20,      9.070,      0.000,      0.000,       -1.267,        8.066,      3.949
53              ,  351 04 14 ,   58 03 58,      9.638,      0.000,      0.000,       -1.270,        8.080,      5.098
54              ,  351 26 29 ,   50 29 33,     10.563,      0.000,      0.000,       -1.213,        8.059,      6.720
55              ,  349 05 56 ,   61 01 38,      9.401,      0.000,      0.000,       -1.555,        8.076,      4.554
56              ,  349 05 59 ,   67 03 00,      8.926,      0.000,      0.000,       -1.554,        8.071,      3.481
57              ,  349 06 02 ,   74 11 19,      8.547,      0.000,      0.000,       -1.555,        8.076,      2.329
58              ,  349 06 03 ,   80 37 39,      8.335,      0.000,      0.000,       -1.555,        8.076,      1.357
59              ,  349 06 04 ,   87 05 44,      8.237,      0.000,      0.000,       -1.555,        8.078,      0.417
60              ,  349 06 03 ,   94 17 28,      8.255,      0.000,      0.000,       -1.557,        8.084,     -0.618
61              ,  349 06 03 ,   98 43 48,      8.331,      0.000,      0.000,       -1.557,        8.086,     -1.265
62              ,  341 02 26 ,   95 48 46,      8.583,      0.000,      0.000,       -2.774,        8.076,     -0.869
63              ,  340 11 49 ,   92 18 24,      8.594,      0.000,      0.000,       -2.909,        8.079,     -0.346
64              ,  340 11 54 ,   87 27 54,      8.598,      0.000,      0.000,       -2.910,        8.082,      0.380
65              ,  340 11 52 ,   82 57 29,      8.654,      0.000,      0.000,       -2.910,        8.081,      1.061
66              ,  340 11 53 ,   77 47 57,      8.788,      0.000,      0.000,       -2.910,        8.082,      1.857
67              ,  340 11 57 ,   72 29 04,      9.004,      0.000,      0.000,       -2.909,        8.078,      2.710
68              ,  340 12 07 ,   63 31 59,      9.587,      0.000,      0.000,       -2.907,        8.075,      4.273
69              ,  341 13 53 ,   60 39 13,      9.774,      0.000,      0.000,       -2.741,        8.066,      4.790
70              ,   17 25 42 ,   93 14 35,      9.232,      0.000,      0.000,        2.761,        8.795,     -0.522
71              ,   17 25 41 ,   87 42 28,      9.222,      0.000,      0.000,        2.760,        8.792,      0.369
72              ,   17 25 39 ,   82 59 30,      9.281,      0.000,      0.000,        2.759,        8.788,      1.132
73              ,   17 25 38 ,   78 12 13,      9.407,      0.000,      0.000,        2.758,        8.786,      1.923
74              ,   17 25 41 ,   74 03 29,      9.573,      0.000,      0.000,        2.757,        8.783,      2.629
75              ,   17 25 44 ,   69 13 28,      9.844,      0.000,      0.000,        2.757,        8.781,      3.492
76              ,   17 25 44 ,   65 13 40,     10.135,      0.000,      0.000,        2.756,        8.780,      4.247
77              ,   17 25 44 ,   60 21 06,     10.585,      0.000,      0.000,        2.755,        8.777,      5.236
78              ,   17 25 45 ,   56 54 10,     10.984,      0.000,      0.000,        2.756,        8.779,      5.998
79              ,   17 25 42 ,   53 23 10,     11.465,      0.000,      0.000,        2.756,        8.780,      6.838
80              ,    7 17 23 ,   52 47 20,     11.118,      0.000,      0.000,        1.124,        8.783,      6.724
81              ,    7 17 19 ,   58 07 57,     10.428,      0.000,      0.000,        1.124,        8.784,      5.505
82              ,    7 17 24 ,   65 02 16,      9.772,      0.000,      0.000,        1.124,        8.787,      4.124
83              ,    7 17 21 ,   71 04 57,      9.368,      0.000,      0.000,        1.124,        8.790,      3.037
84              ,    7 17 21 ,   78 27 11,      9.047,      0.000,      0.000,        1.125,        8.792,      1.811
85              ,    7 17 20 ,   85 45 51,      8.891,      0.000,      0.000,        1.125,        8.796,      0.657
86              ,    7 17 22 ,   95 56 28,      8.919,      0.000,      0.000,        1.126,        8.800,     -0.923
87              ,    5 02 30 ,   95 56 18,      8.883,      0.000,      0.000,        0.776,        8.802,     -0.919
88              ,    5 02 30 ,   89 29 56,      8.834,      0.000,      0.000,        0.776,        8.799,      0.077
89              ,    5 02 29 ,   83 23 06,      8.888,      0.000,      0.000,        0.776,        8.794,      1.024
90              ,    5 02 31 ,   77 29 22,      9.040,      0.000,      0.000,        0.776,        8.791,      1.958
91              ,    5 02 31 ,   71 47 31,      9.289,      0.000,      0.000,        0.775,        8.789,      2.902
92              ,    5 02 32 ,   66 35 17,      9.609,      0.000,      0.000,        0.775,        8.784,      3.818
93              ,    5 02 32 ,   59 52 26,     10.192,      0.000,      0.000,        0.775,        8.781,      5.115
94              ,    5 02 35 ,   53 23 42,     10.984,      0.000,      0.000,        0.775,        8.783,      6.549
95              ,  356 46 30 ,   98 03 12,      8.897,      0.000,      0.000,       -0.496,        8.795,     -1.246
96              ,  356 46 31 ,   89 30 29,      8.810,      0.000,      0.000,       -0.496,        8.796,      0.076
97              ,  356 46 28 ,   80 04 26,      8.940,      0.000,      0.000,       -0.495,        8.793,      1.541
98              ,  356 46 41 ,   71 47 12,      9.268,      0.000,      0.000,       -0.495,        8.789,      2.897
99              ,  356 46 48 ,   61 32 59,     10.013,      0.000,      0.000,       -0.495,        8.790,      4.770
100             ,  356 46 10 ,   53 02 21,     11.016,      0.000,      0.000,       -0.496,        8.788,      6.624
101             ,  354 48 17 ,   53 02 31,     11.031,      0.000,      0.000,       -0.798,        8.778,      6.632
102             ,  354 48 16 ,   63 13 20,      9.880,      0.000,      0.000,       -0.799,        8.784,      4.451
103             ,  354 48 14 ,   74 50 05,      9.146,      0.000,      0.000,       -0.799,        8.791,      2.393
104             ,  354 48 14 ,   84 08 29,      8.877,      0.000,      0.000,       -0.800,        8.794,      0.906
105             ,  354 48 14 ,   93 04 45,      8.845,      0.000,      0.000,       -0.800,        8.796,     -0.475
106             ,  354 47 42 ,   98 02 06,      8.921,      0.000,      0.000,       -0.801,        8.797,     -1.247
107             ,  346 55 37 ,   98 01 45,      9.114,      0.000,      0.000,       -2.041,        8.791,     -1.273
108             ,  346 55 41 ,   91 47 29,      9.028,      0.000,      0.000,       -2.041,        8.790,     -0.282
109             ,  346 55 39 ,   84 08 34,      9.068,      0.000,      0.000,       -2.040,        8.786,      0.925
110             ,  346 55 38 ,   77 05 40,      9.250,      0.000,      0.000,       -2.039,        8.783,      2.066
111             ,  346 55 48 ,   68 33 07,      9.686,      0.000,      0.000,       -2.039,        8.782,      3.542
112             ,  346 55 30 ,   62 04 51,     10.206,      0.000,      0.000,       -2.040,        8.784,      4.778
113             ,  345 20 17 ,   59 55 50,     10.482,      0.000,      0.000,       -2.296,        8.776,      5.252
114             ,  344 45 31 ,   67 24 15,      9.855,      0.000,      0.000,       -2.392,        8.779,      3.787
115             ,  344 45 36 ,   75 12 48,      9.413,      0.000,      0.000,       -2.392,        8.781,      2.402
116             ,  344 45 34 ,   81 34 28,      9.204,      0.000,      0.000,       -2.393,        8.785,      1.349
117             ,  344 45 32 ,   87 49 45,      9.111,      0.000,      0.000,       -2.393,        8.785,      0.345
118             ,  344 45 31 ,   93 15 15,      9.122,      0.000,      0.000,       -2.394,        8.787,     -0.518
119             ,  344 45 36 ,   98 32 38,      9.212,      0.000,      0.000,       -2.395,        8.789,     -1.369
120             ,  340 31 49 ,   99 15 13,      8.163,      0.000,      0.000,       -2.685,        7.596,     -1.313
121             ,  339 32 11 ,   96 14 09,      8.160,      0.000,      0.000,       -2.836,        7.600,     -0.886
122             ,  338 47 51 ,   94 05 29,      8.155,      0.000,      0.000,       -2.942,        7.583,     -0.582
123             ,  333 47 42 ,   95 07 50,      6.667,      0.000,      0.000,       -2.932,        5.958,     -0.596
124             ,  326 01 14 ,   96 34 22,      5.280,      0.000,      0.000,       -2.931,        4.349,     -0.604
125             ,  320 20 18 ,   97 35 24,      4.631,      0.000,      0.000,       -2.930,        3.534,     -0.612
126             ,  305 39 06 ,   99 21 33,      3.663,      0.000,      0.000,       -2.936,        2.106,     -0.596
127             ,  284 49 35 ,  100 49 58,      3.089,      0.000,      0.000,       -2.933,        0.776,     -0.581
128             ,  270 17 49 ,  101 38 28,      2.982,      0.000,      0.000,       -2.920,        0.015,     -0.602
129             ,  243 23 50 ,  100 06 04,      3.317,      0.000,      0.000,       -2.920,       -1.462,     -0.582
130             ,  225 02 10 ,   98 22 25,      4.158,      0.000,      0.000,       -2.910,       -2.907,     -0.605
131             ,  217 25 59 ,   96 49 03,      4.832,      0.000,      0.000,       -2.916,       -3.810,     -0.574
132             ,  209 55 11 ,   95 12 23,      5.904,      0.000,      0.000,       -2.933,       -5.096,     -0.536
133             ,  209 13 25 ,   97 57 37,      5.853,      0.000,      0.000,       -2.830,       -5.059,     -0.811
134             ,  216 10 20 ,   99 43 26,      4.858,      0.000,      0.000,       -2.826,       -3.865,     -0.821
135             ,  228 06 07 ,  104 16 41,      3.861,      0.000,      0.000,       -2.785,       -2.499,     -0.952
136             ,  246 28 08 ,  107 43 25,      3.188,      0.000,      0.000,       -2.784,       -1.212,     -0.970
137             ,  270 21 19 ,  109 13 41,      2.953,      0.000,      0.000,       -2.788,        0.017,     -0.972
138             ,  296 51 22 ,  106 15 40,      3.290,      0.000,      0.000,       -2.818,        1.427,     -0.921
139             ,  315 04 39 ,  103 40 38,      4.094,      0.000,      0.000,       -2.809,        2.817,     -0.968
140             ,  327 21 21 ,  100 06 22,      5.307,      0.000,      0.000,       -2.818,        4.399,     -0.931
141             ,  333 49 10 ,   98 14 21,      6.465,      0.000,      0.000,       -2.823,        5.742,     -0.926
142             ,  336 03 10 ,  101 26 49,      6.725,      0.000,      0.000,       -2.675,        6.024,     -1.335
143             ,  327 39 57 ,  104 35 45,      5.196,      0.000,      0.000,       -2.689,        4.248,     -1.309
144             ,  316 48 22 ,  109 08 11,      4.132,      0.000,      0.000,       -2.672,        2.846,     -1.354
145             ,  297 48 46 ,  113 52 58,      3.297,      0.000,      0.000,       -2.667,        1.407,     -1.335
146             ,  271 22 27 ,  116 11 10,      2.973,      0.000,      0.000,       -2.667,        0.064,     -1.312
147             ,  242 19 35 ,  113 49 08,      3.280,      0.000,      0.000,       -2.658,       -1.394,     -1.325
148             ,  224 19 39 ,  108 39 34,      4.027,      0.000,      0.000,       -2.666,       -2.729,     -1.288
149             ,  213 50 30 ,  104 40 43,      4.963,      0.000,      0.000,       -2.674,       -3.988,     -1.258
150             ,  209 24 35 ,  103 23 34,      5.554,      0.000,      0.000,       -2.653,       -4.707,     -1.286
151             ,  339 01 26 ,   92 15 02,      8.357,      0.000,      0.000,       -2.989,        7.797,     -0.328
152             ,  339 01 29 ,   87 32 53,      8.355,      0.000,      0.000,       -2.988,        7.794,      0.357
153             ,  339 01 26 ,   83 50 42,      8.383,      0.000,      0.000,       -2.984,        7.782,      0.899
154             ,  339 01 26 ,   80 12 28,      8.452,      0.000,      0.000,       -2.981,        7.777,      1.437
155             ,  339 01 26 ,   75 59 22,      8.574,      0.000,      0.000,       -2.978,        7.767,      2.076
156             ,  339 01 28 ,   72 28 32,      8.720,      0.000,      0.000,       -2.977,        7.764,      2.626
157             ,  339 35 33 ,   63 21 22,      9.525,      0.000,      0.000,       -2.969,        7.979,      4.271
158             ,  334 40 49 ,   92 40 33,      6.991,      0.000,      0.000,       -2.987,        6.313,     -0.326
159             ,  334 40 48 ,   86 58 29,      6.990,      0.000,      0.000,       -2.985,        6.310,      0.369
160             ,  334 40 48 ,   82 46 18,      7.025,      0.000,      0.000,       -2.980,        6.299,      0.884
161             ,  334 40 48 ,   79 20 37,      7.083,      0.000,      0.000,       -2.977,        6.292,      1.310
162             ,  334 40 50 ,   73 58 29,      7.232,      0.000,      0.000,       -2.973,        6.283,      1.996
163             ,  334 40 52 ,   67 31 48,      7.507,      0.000,      0.000,       -2.967,        6.271,      2.869
164             ,  334 46 08 ,   58 23 32,      8.133,      0.000,      0.000,       -2.953,        6.266,      4.263
165             ,  326 30 43 ,   92 28 50,      5.422,      0.000,      0.000,       -2.989,        4.518,     -0.235
166             ,  326 30 43 ,   85 51 57,      5.428,      0.000,      0.000,       -2.987,        4.515,      0.391
167             ,  326 30 43 ,   80 29 13,      5.484,      0.000,      0.000,       -2.984,        4.511,      0.906
168             ,  326 30 47 ,   75 41 45,      5.571,      0.000,      0.000,       -2.979,        4.503,      1.377
169             ,  326 30 56 ,   68 50 26,      5.777,      0.000,      0.000,       -2.972,        4.494,      2.085
170             ,  326 30 53 ,   61 35 39,      6.114,      0.000,      0.000,       -2.967,        4.485,      2.909
171             ,  326 31 01 ,   51 27 39,      6.864,      0.000,      0.000,       -2.962,        4.478,      4.277
172             ,  313 30 56 ,   93 28 05,      4.130,      0.000,      0.000,       -2.989,        2.838,     -0.250
173             ,  313 31 03 ,   86 09 01,      4.130,      0.000,      0.000,       -2.988,        2.837,      0.277
174             ,  313 31 04 ,   78 39 53,      4.198,      0.000,      0.000,       -2.985,        2.834,      0.825
175             ,  313 31 02 ,   70 33 47,      4.359,      0.000,      0.000,       -2.981,        2.830,      1.450
176             ,  313 31 03 ,   63 23 12,      4.591,      0.000,      0.000,       -2.976,        2.826,      2.057
177             ,  313 31 03 ,   55 43 34,      4.956,      0.000,      0.000,       -2.970,        2.820,      2.791
178             ,  313 39 43 ,   43 47 09,      5.915,      0.000,      0.000,       -2.961,        2.826,      4.270
179             ,  295 11 31 ,   93 49 41,      3.302,      0.000,      0.000,       -2.982,        1.403,     -0.220
180             ,  295 11 26 ,   85 15 00,      3.306,      0.000,      0.000,       -2.982,        1.403,      0.274
181             ,  295 11 28 ,   75 33 45,      3.398,      0.000,      0.000,       -2.978,        1.401,      0.847
182             ,  295 11 32 ,   67 17 10,      3.564,      0.000,      0.000,       -2.975,        1.399,      1.376
183             ,  295 11 35 ,   58 59 25,      3.831,      0.000,      0.000,       -2.972,        1.398,      1.974
184             ,  295 11 34 ,   48 28 57,      4.377,      0.000,      0.000,       -2.966,        1.395,      2.901
185             ,  295 11 34 ,   37 22 46,      5.379,      0.000,      0.000,       -2.955,        1.390,      4.274
186             ,  258 47 55 ,   95 02 41,      3.043,      0.000,      0.000,       -2.974,       -0.589,     -0.268
187             ,  258 47 57 ,   84 20 04,      3.047,      0.000,      0.000,       -2.974,       -0.589,      0.301
188             ,  258 47 58 ,   73 25 40,      3.161,      0.000,      0.000,       -2.972,       -0.589,      0.902
189             ,  258 48 08 ,   66 05 01,      3.312,      0.000,      0.000,       -2.970,       -0.588,      1.343
190             ,  258 48 08 ,   55 50 56,      3.657,      0.000,      0.000,       -2.969,       -0.588,      2.053
191             ,  258 48 09 ,   45 25 37,      4.239,      0.000,      0.000,       -2.962,       -0.586,      2.975
192             ,  258 53 45 ,   37 50 15,      4.911,      0.000,      0.000,       -2.956,       -0.580,      3.878
193             ,  258 53 46 ,   35 04 34,      5.235,      0.000,      0.000,       -2.952,       -0.579,      4.284
194             ,  240 14 28 ,   93 29 00,      3.424,      0.000,      0.000,       -2.967,       -1.696,     -0.208
195             ,  240 14 29 ,   84 03 13,      3.441,      0.000,      0.000,       -2.971,       -1.699,      0.356
196             ,  240 14 24 ,   75 21 11,      3.540,      0.000,      0.000,       -2.973,       -1.700,      0.895
197             ,  240 14 26 ,   67 15 13,      3.705,      0.000,      0.000,       -2.966,       -1.696,      1.433
198             ,  240 14 26 ,   61 00 14,      3.901,      0.000,      0.000,       -2.962,       -1.694,      1.891
199             ,  240 14 32 ,   50 44 48,      4.399,      0.000,      0.000,       -2.957,       -1.691,      2.783
200             ,  240 10 18 ,   45 27 55,      4.771,      0.000,      0.000,       -2.951,       -1.692,      3.346
201             ,  240 10 20 ,   38 42 08,      5.421,      0.000,      0.000,       -2.940,       -1.686,      4.230
202             ,  226 46 30 ,   93 19 57,      4.071,      0.000,      0.000,       -2.961,       -2.783,     -0.237
203             ,  226 46 28 ,   85 34 46,      4.076,      0.000,      0.000,       -2.961,       -2.783,      0.314
204             ,  226 46 26 ,   78 15 23,      4.149,      0.000,      0.000,       -2.960,       -2.782,      0.844
205             ,  226 46 29 ,   71 42 11,      4.275,      0.000,      0.000,       -2.958,       -2.780,      1.342
206             ,  226 46 31 ,   64 15 00,      4.503,      0.000,      0.000,       -2.955,       -2.777,      1.956
207             ,  226 46 25 ,   54 21 13,      4.984,      0.000,      0.000,       -2.951,       -2.774,      2.905
208             ,  225 30 46 ,   50 28 57,      5.359,      0.000,      0.000,       -2.949,       -2.897,      3.410
209             ,  225 30 48 ,   44 12 35,      5.912,      0.000,      0.000,       -2.941,       -2.889,      4.238
210             ,  212 49 54 ,   93 13 15,      5.460,      0.000,      0.000,       -2.956,       -4.581,     -0.307
211             ,  212 49 56 ,   86 05 23,      5.465,      0.000,      0.000,       -2.956,       -4.581,      0.373
212             ,  212 49 52 ,   81 09 33,      5.519,      0.000,      0.000,       -2.956,       -4.582,      0.848
213             ,  212 49 52 ,   76 18 21,      5.614,      0.000,      0.000,       -2.957,       -4.583,      1.329
214             ,  212 49 52 ,   71 37 22,      5.742,      0.000,      0.000,       -2.954,       -4.579,      1.810
215             ,  212 49 50 ,   66 09 59,      5.953,      0.000,      0.000,       -2.952,       -4.576,      2.406
216             ,  212 49 52 ,   62 45 53,      6.124,      0.000,      0.000,       -2.952,       -4.575,      2.802
217             ,  210 55 54 ,   53 26 44,      7.129,      0.000,      0.000,       -2.944,       -4.912,      4.246
218             ,  210 01 52 ,   60 40 52,      6.760,      0.000,      0.000,       -2.950,       -5.103,      3.310
219             ,  210 01 53 ,   64 27 24,      6.544,      0.000,      0.000,       -2.955,       -5.111,      2.822
220             ,  210 01 54 ,   69 00 01,      6.324,      0.000,      0.000,       -2.955,       -5.112,      2.266
221             ,  210 01 56 ,   72 59 47,      6.171,      0.000,      0.000,       -2.954,       -5.109,      1.805
222             ,  210 01 57 ,   78 44 46,      6.025,      0.000,      0.000,       -2.958,       -5.116,      1.176
223             ,  210 01 56 ,   82 49 29,      5.956,      0.000,      0.000,       -2.958,       -5.116,      0.744
224             ,  210 01 56 ,   87 11 02,      5.918,      0.000,      0.000,       -2.958,       -5.118,      0.291
225             ,  210 02 05 ,   93 30 03,      5.919,      0.000,      0.000,       -2.957,       -5.115,     -0.361
226             ,  339 51 43 ,   62 45 35,      9.619,      0.000,      0.000,       -2.944,        8.029,      4.403
227             ,  341 25 58 ,   57 58 27,      9.856,      0.000,      0.000,       -2.661,        7.921,      5.227
228             ,  340 17 21 ,   60 17 18,      9.620,      0.000,      0.000,       -2.818,        7.866,      4.768
229             ,  340 17 04 ,   56 20 03,      9.455,      0.000,      0.000,       -2.655,        7.408,      5.242
230             ,  337 31 26 ,   58 32 43,      8.802,      0.000,      0.000,       -2.871,        6.938,      4.593
231             ,  337 00 00 ,   59 36 04,      8.712,      0.000,      0.000,       -2.936,        6.917,      4.409
232             ,  336 23 51 ,   51 50 02,      8.462,      0.000,      0.000,       -2.664,        6.096,      5.229
233             ,  334 54 29 ,   54 01 28,      8.159,      0.000,      0.000,       -2.800,        5.980,      4.793
234             ,  334 10 56 ,   56 47 23,      8.032,      0.000,      0.000,       -2.927,        6.050,      4.399
235             ,  329 08 34 ,   44 25 09,      7.363,      0.000,      0.000,       -2.643,        4.424,      5.259
236             ,  327 11 25 ,   46 39 20,      7.069,      0.000,      0.000,       -2.786,        4.321,      4.852
237             ,  325 30 37 ,   49 32 01,      6.809,      0.000,      0.000,       -2.933,        4.270,      4.419
238             ,  307 33 09 ,   32 31 06,      6.203,      0.000,      0.000,       -2.643,        2.032,      5.230
239             ,  305 48 11 ,   35 44 03,      5.911,      0.000,      0.000,       -2.800,        2.020,      4.798
240             ,  302 48 07 ,   38 38 24,      5.605,      0.000,      0.000,       -2.942,        1.896,      4.378
241             ,  270 35 46 ,   26 27 14,      5.896,      0.000,      0.000,       -2.627,        0.027,      5.279
242             ,  270 35 47 ,   30 18 11,      5.547,      0.000,      0.000,       -2.799,        0.029,      4.789
243             ,  270 35 47 ,   33 42 43,      5.284,      0.000,      0.000,       -2.933,        0.031,      4.396
244             ,  228 56 15 ,   33 42 42,      6.267,      0.000,      0.000,       -2.623,       -2.285,      5.213
245             ,  228 56 09 ,   37 42 32,      6.029,      0.000,      0.000,       -2.780,       -2.422,      4.769
246             ,  227 17 08 ,   41 57 11,      5.924,      0.000,      0.000,       -2.910,       -2.687,      4.406
247             ,  211 09 19 ,   44 08 40,      7.297,      0.000,      0.000,       -2.629,       -4.349,      5.237
248             ,  211 09 19 ,   48 16 14,      7.208,      0.000,      0.000,       -2.783,       -4.603,      4.798
249             ,  210 41 19 ,   51 22 24,      7.230,      0.000,      0.000,       -2.883,       -4.857,      4.513
250             ,  209 25 57 ,   53 15 05,      7.397,      0.000,      0.000,       -2.912,       -5.162,      4.425
251             ,  344 20 35 ,   58 53 51,     10.382,      0.000,      0.000,       -2.399,        8.560,      5.363
252             ,  345 25 47 ,   58 53 44,     10.396,      0.000,      0.000,       -2.239,        8.615,      5.371
253             ,  343 30 11 ,   57 08 15,      9.904,      0.000,      0.000,       -2.362,        7.977,      5.374
254             ,  343 30 04 ,   55 04 13,      9.390,      0.000,      0.000,       -2.186,        7.382,      5.377
255             ,  341 29 53 ,   55 27 43,      9.471,      0.000,      0.000,       -2.476,        7.398,      5.370
256             ,  341 29 41 ,   51 53 53,      8.727,      0.000,      0.000,       -2.180,        6.512,      5.385
257             ,  338 50 47 ,   52 15 46,      8.797,      0.000,      0.000,       -2.510,        6.488,      5.384
258             ,  338 50 53 ,   49 25 50,      8.263,      0.000,      0.000,       -2.265,        5.854,      5.374
259             ,  337 03 46 ,   50 06 05,      8.388,      0.000,      0.000,       -2.508,        5.926,      5.380
260             ,  339 28 56 ,   45 48 17,      7.718,      0.000,      0.000,       -1.939,        5.183,      5.380
261             ,  333 41 02 ,   46 53 35,      7.855,      0.000,      0.000,       -2.542,        5.141,      5.368
262             ,  333 41 04 ,   43 47 58,      7.430,      0.000,      0.000,       -2.280,        4.610,      5.363
263             ,  336 51 17 ,   42 22 18,      7.274,      0.000,      0.000,       -1.927,        4.508,      5.374
264             ,  328 07 00 ,   41 49 41,      7.209,      0.000,      0.000,       -2.539,        4.082,      5.372
265             ,  323 26 59 ,   34 59 19,      6.547,      0.000,      0.000,       -2.236,        3.016,      5.364
266             ,  320 30 57 ,   36 15 55,      6.646,      0.000,      0.000,       -2.500,        3.034,      5.359
267             ,  319 50 13 ,   29 01 18,      6.148,      0.000,      0.000,       -1.924,        2.279,      5.376
268             ,  314 51 54 ,   31 20 17,      6.269,      0.000,      0.000,       -2.311,        2.300,      5.355
269             ,  311 59 34 ,   32 18 21,      6.327,      0.000,      0.000,       -2.513,        2.262,      5.347
270             ,  307 37 44 ,   24 15 56,      5.894,      0.000,      0.000,       -1.919,        1.479,      5.374
271             ,  297 59 37 ,   27 44 44,      6.052,      0.000,      0.000,       -2.488,        1.322,      5.356
272             ,  294 35 37 ,   21 25 00,      5.775,      0.000,      0.000,       -1.917,        0.878,      5.376
273             ,  290 52 29 ,   24 47 01,      5.912,      0.000,      0.000,       -2.316,        0.883,      5.367
274             ,  290 52 17 ,   26 14 40,      5.984,      0.000,      0.000,       -2.472,        0.943,      5.367
275             ,  272 01 16 ,   23 25 26,      5.850,      0.000,      0.000,       -2.324,        0.082,      5.368
276             ,  249 07 34 ,   20 52 17,      5.753,      0.000,      0.000,       -1.915,       -0.730,      5.376
277             ,  249 07 43 ,   26 09 40,      5.979,      0.000,      0.000,       -2.463,       -0.939,      5.366
278             ,  232 33 47 ,   24 03 51,      5.882,      0.000,      0.000,       -1.904,       -1.458,      5.371
279             ,  237 51 27 ,   28 22 46,      6.082,      0.000,      0.000,       -2.448,       -1.538,      5.351
280             ,  226 26 09 ,   30 37 06,      6.212,      0.000,      0.000,       -2.293,       -2.180,      5.346
281             ,  213 50 01 ,   32 29 15,      6.349,      0.000,      0.000,       -1.899,       -2.833,      5.355
282             ,  221 14 01 ,   35 14 33,      6.543,      0.000,      0.000,       -2.489,       -2.839,      5.344
283             ,  207 09 48 ,   37 52 26,      6.804,      0.000,      0.000,       -1.907,       -3.717,      5.371
284             ,  214 12 57 ,   39 02 44,      6.892,      0.000,      0.000,       -2.441,       -3.590,      5.352
285             ,  209 34 41 ,   43 21 19,      7.379,      0.000,      0.000,       -2.501,       -4.406,      5.365
286             ,  203 09 43 ,   41 47 59,      7.210,      0.000,      0.000,       -1.890,       -4.418,      5.375
287             ,  350 23 12 ,   54 43 56,      9.678,      0.000,      0.000,       -1.320,        7.791,      5.588
288             ,  350 32 22 ,   52 23 05,     10.107,      0.000,      0.000,       -1.316,        7.897,      6.169
289             ,  350 33 13 ,   50 13 59,     10.449,      0.000,      0.000,       -1.318,        7.923,      6.684
290             ,  348 19 03 ,   48 48 16,      8.603,      0.000,      0.000,       -1.311,        6.339,      5.666
291             ,  348 19 17 ,   46 15 49,      8.931,      0.000,      0.000,       -1.306,        6.319,      6.174
292             ,  348 19 10 ,   43 57 06,      9.311,      0.000,      0.000,       -1.308,        6.328,      6.703
293             ,  343 36 58 ,   39 17 29,      7.297,      0.000,      0.000,       -1.303,        4.434,      5.648
294             ,  343 37 02 ,   37 21 10,      7.602,      0.000,      0.000,       -1.301,        4.425,      6.043
295             ,  343 37 02 ,   34 50 48,      8.040,      0.000,      0.000,       -1.296,        4.408,      6.599
296             ,  336 12 42 ,   29 47 03,      6.494,      0.000,      0.000,       -1.301,        2.952,      5.636
297             ,  336 12 40 ,   27 38 05,      6.935,      0.000,      0.000,       -1.297,        2.943,      6.143
298             ,  336 12 47 ,   25 30 01,      7.445,      0.000,      0.000,       -1.293,        2.933,      6.720
299             ,  320 35 03 ,   20 07 30,      5.927,      0.000,      0.000,       -1.295,        1.576,      5.565
300             ,  320 35 03 ,   18 25 53,      6.422,      0.000,      0.000,       -1.289,        1.569,      6.093
301             ,  320 35 05 ,   16 45 58,      7.031,      0.000,      0.000,       -1.288,        1.567,      6.732
302             ,  282 29 51 ,   13 24 53,      5.712,      0.000,      0.000,       -1.294,        0.287,      5.556
303             ,  282 29 51 ,   12 00 07,      6.329,      0.000,      0.000,       -1.285,        0.285,      6.191
304             ,  282 29 54 ,   11 06 47,      6.835,      0.000,      0.000,       -1.286,        0.285,      6.707
305             ,  231 32 47 ,   16 22 27,      5.854,      0.000,      0.000,       -1.292,       -1.026,      5.617
306             ,  231 32 52 ,   14 54 16,      6.382,      0.000,      0.000,       -1.286,       -1.021,      6.167
307             ,  231 32 52 ,   13 35 18,      6.947,      0.000,      0.000,       -1.278,       -1.015,      6.753
308             ,  208 36 32 ,   25 28 54,      6.272,      0.000,      0.000,       -1.292,       -2.369,      5.661
309             ,  208 36 27 ,   23 38 31,      6.701,      0.000,      0.000,       -1.287,       -2.359,      6.139
310             ,  208 36 33 ,   22 04 24,      7.135,      0.000,      0.000,       -1.284,       -2.354,      6.612
311             ,  204 59 11 ,   28 46 05,      6.368,      0.000,      0.000,       -1.295,       -2.778,      5.582
312             ,  204 59 10 ,   26 21 02,      6.866,      0.000,      0.000,       -1.287,       -2.762,      6.153
313             ,  204 59 13 ,   24 22 54,      7.382,      0.000,      0.000,       -1.287,       -2.762,      6.724
314             ,  199 10 49 ,   35 09 38,      6.828,      0.000,      0.000,       -1.292,       -3.714,      5.582
315             ,  199 10 45 ,   32 57 09,      7.195,      0.000,      0.000,       -1.286,       -3.696,      6.037
316             ,  199 10 56 ,   30 37 38,      7.676,      0.000,      0.000,       -1.285,       -3.693,      6.605
317             ,  194 34 59 ,   42 12 18,      7.624,      0.000,      0.000,       -1.290,       -4.957,      5.647
318             ,  194 34 58 ,   39 54 11,      7.942,      0.000,      0.000,       -1.283,       -4.931,      6.092
319             ,  194 35 05 ,   38 05 52,      8.231,      0.000,      0.000,       -1.279,       -4.915,      6.478
320             ,  207 46 48 ,  104 04 40,      5.259,      0.000,      0.000,       -2.378,       -4.513,     -1.279
321             ,  207 46 47 ,   93 46 22,      5.112,      0.000,      0.000,       -2.377,       -4.513,     -0.336
322             ,  207 46 48 ,   85 33 06,      5.117,      0.000,      0.000,       -2.378,       -4.513,      0.397
323             ,  207 46 44 ,   78 52 23,      5.200,      0.000,      0.000,       -2.378,       -4.514,      1.003
324             ,  207 46 45 ,   71 50 42,      5.370,      0.000,      0.000,       -2.378,       -4.515,      1.673
325             ,  207 46 49 ,   63 40 05,      5.694,      0.000,      0.000,       -2.379,       -4.515,      2.526
326             ,  207 46 52 ,   52 32 41,      6.427,      0.000,      0.000,       -2.378,       -4.514,      3.909
327             ,  207 46 24 ,   44 00 41,      7.329,      0.000,      0.000,       -2.373,       -4.505,      5.271
328             ,  204 34 40 ,   43 18 29,      7.225,      0.000,      0.000,       -2.061,       -4.507,      5.258
329             ,  204 34 35 ,   48 58 29,      6.579,      0.000,      0.000,       -2.064,       -4.514,      4.319
330             ,  203 44 49 ,   60 01 15,      5.690,      0.000,      0.000,       -1.985,       -4.512,      2.843
331             ,  203 44 51 ,   68 51 51,      5.285,      0.000,      0.000,       -1.985,       -4.512,      1.906
332             ,  203 44 54 ,   78 57 49,      5.020,      0.000,      0.000,       -1.984,       -4.510,      0.961
333             ,  203 44 51 ,   88 47 48,      4.926,      0.000,      0.000,       -1.983,       -4.508,      0.103
334             ,  203 44 50 ,   98 07 51,      4.973,      0.000,      0.000,       -1.983,       -4.506,     -0.703
335             ,  203 44 55 ,  104 38 41,      5.089,      0.000,      0.000,       -1.983,       -4.507,     -1.287
336             ,  189 08 07 ,  105 25 06,      4.720,      0.000,      0.000,       -0.722,       -4.493,     -1.255
337             ,  189 08 07 ,   96 25 49,      4.580,      0.000,      0.000,       -0.723,       -4.494,     -0.513
338             ,  189 08 04 ,   86 02 14,      4.564,      0.000,      0.000,       -0.723,       -4.496,      0.315
339             ,  189 08 06 ,   74 56 26,      4.714,      0.000,      0.000,       -0.723,       -4.494,      1.225
340             ,  189 08 06 ,   65 36 04,      4.997,      0.000,      0.000,       -0.723,       -4.493,      2.064
341             ,  189 08 13 ,   56 20 29,      5.471,      0.000,      0.000,       -0.723,       -4.496,      3.032
342             ,  189 08 20 ,   44 26 08,      6.508,      0.000,      0.000,       -0.724,       -4.498,      4.647
343             ,  189 08 19 ,   37 47 58,      7.432,      0.000,      0.000,       -0.723,       -4.497,      5.872
344             ,  189 07 54 ,   34 34 29,      8.024,      0.000,      0.000,       -0.723,       -4.496,      6.607
345             ,  184 34 58 ,   34 34 25,      7.933,      0.000,      0.000,       -0.360,       -4.487,      6.532
346             ,  184 34 57 ,   40 18 25,      6.960,      0.000,      0.000,       -0.360,       -4.488,      5.307
347             ,  184 34 59 ,   52 28 41,      5.680,      0.000,      0.000,       -0.360,       -4.491,      3.460
348             ,  184 35 00 ,   62 32 43,      5.073,      0.000,      0.000,       -0.360,       -4.487,      2.339
349             ,  184 35 00 ,   75 59 24,      4.642,      0.000,      0.000,       -0.360,       -4.489,      1.124
350             ,  184 34 58 ,   86 13 17,      4.515,      0.000,      0.000,       -0.360,       -4.491,      0.298
351             ,  184 34 58 ,   97 52 42,      4.548,      0.000,      0.000,       -0.360,       -4.491,     -0.623
352             ,  184 35 02 ,  105 38 43,      4.678,      0.000,      0.000,       -0.360,       -4.490,     -1.262
353             ,  169 06 39 ,  103 25 33,      4.707,      0.000,      0.000,        0.865,       -4.496,     -1.093
354             ,  169 06 46 ,   94 41 51,      4.592,      0.000,      0.000,        0.864,       -4.495,     -0.376
355             ,  169 06 49 ,   86 39 57,      4.581,      0.000,      0.000,        0.864,       -4.491,      0.266
356             ,  169 06 42 ,   74 43 09,      4.744,      0.000,      0.000,        0.865,       -4.494,      1.250
357             ,  169 06 46 ,   65 54 56,      5.011,      0.000,      0.000,        0.864,       -4.492,      2.045
358             ,  169 06 46 ,   56 02 46,      5.513,      0.000,      0.000,        0.864,       -4.491,      3.079
359             ,  169 06 48 ,   41 36 30,      6.889,      0.000,      0.000,        0.864,       -4.492,      5.151
360             ,  169 06 58 ,   38 10 48,      7.400,      0.000,      0.000,        0.864,       -4.492,      5.817
361             ,  169 06 41 ,   35 19 16,      7.907,      0.000,      0.000,        0.864,       -4.489,      6.452
362             ,  164 16 18 ,   35 19 44,      8.063,      0.000,      0.000,        1.264,       -4.488,      6.578
363             ,  164 34 55 ,   39 26 49,      7.323,      0.000,      0.000,        1.237,       -4.485,      5.655
364             ,  164 52 16 ,   52 16 48,      5.876,      0.000,      0.000,        1.213,       -4.487,      3.595
365             ,  164 52 23 ,   61 30 01,      5.294,      0.000,      0.000,        1.214,       -4.491,      2.526
366             ,  164 52 23 ,   71 29 23,      4.905,      0.000,      0.000,        1.214,       -4.490,      1.557
367             ,  164 52 23 ,   83 31 39,      4.682,      0.000,      0.000,        1.214,       -4.491,      0.528
368             ,  164 52 22 ,   95 01 22,      4.670,      0.000,      0.000,        1.214,       -4.491,     -0.409
369             ,  164 52 21 ,  105 42 17,      4.835,      0.000,      0.000,        1.215,       -4.494,     -1.309
370             ,  150 59 32 ,  102 41 44,      5.262,      0.000,      0.000,        2.489,       -4.489,     -1.156
371             ,  150 59 32 ,   90 40 15,      5.135,      0.000,      0.000,        2.490,       -4.491,     -0.060
372             ,  151 19 01 ,   64 03 50,      5.697,      0.000,      0.000,        2.459,       -4.494,      2.491
373             ,  151 19 02 ,   48 16 13,      6.863,      0.000,      0.000,        2.458,       -4.494,      4.568
374             ,  151 18 40 ,   37 52 38,      8.340,      0.000,      0.000,        2.458,       -4.492,      6.583
375             ,  148 25 30 ,   38 47 22,      8.421,      0.000,      0.000,        2.762,       -4.494,      6.564
376             ,  148 25 36 ,   44 32 29,      7.522,      0.000,      0.000,        2.762,       -4.495,      5.361
377             ,  148 25 46 ,   51 03 21,      6.785,      0.000,      0.000,        2.763,       -4.496,      4.265
378             ,  148 26 00 ,   69 46 10,      5.624,      0.000,      0.000,        2.762,       -4.496,      1.945
379             ,  148 26 01 ,   93 11 13,      5.279,      0.000,      0.000,        2.759,       -4.491,     -0.293
380             ,  147 54 46 ,  103 00 38,      5.438,      0.000,      0.000,        2.814,       -4.489,     -1.224
381             ,  208 50 45 ,   94 07 30,      5.977,      0.000,      0.000,       -2.876,       -5.222,     -0.430
382             ,  208 50 48 ,   84 57 48,      5.985,      0.000,      0.000,       -2.876,       -5.222,      0.525
383             ,  208 49 28 ,   74 04 01,      6.203,      0.000,      0.000,       -2.876,       -5.225,      1.703
384             ,  208 49 29 ,   66 16 27,      6.510,      0.000,      0.000,       -2.873,       -5.221,      2.619
385             ,  208 49 28 ,   60 19 31,      6.859,      0.000,      0.000,       -2.873,       -5.221,      3.396
386             ,  196 11 00 ,  101 58 43,      5.550,      0.000,      0.000,       -1.513,       -5.214,     -1.152
387             ,  196 11 06 ,   94 13 56,      5.442,      0.000,      0.000,       -1.513,       -5.212,     -0.402
388             ,  196 11 06 ,   86 41 45,      5.438,      0.000,      0.000,       -1.513,       -5.214,      0.313
389             ,  196 11 05 ,   77 22 32,      5.569,      0.000,      0.000,       -1.515,       -5.219,      1.217
390             ,  196 11 09 ,   69 13 18,      5.812,      0.000,      0.000,       -1.515,       -5.219,      2.062
391             ,  196 11 08 ,   62 36 22,      6.122,      0.000,      0.000,       -1.515,       -5.220,      2.817
392             ,  196 11 11 ,   56 18 05,      6.537,      0.000,      0.000,       -1.516,       -5.223,      3.627
393             ,  192 50 50 ,   39 05 20,      8.486,      0.000,      0.000,       -1.190,       -5.217,      6.587
394             ,  192 50 50 ,   43 09 12,      7.817,      0.000,      0.000,       -1.189,       -5.213,      5.703
395             ,  192 50 47 ,   56 27 13,      6.416,      0.000,      0.000,       -1.189,       -5.213,      3.545
396             ,  192 50 48 ,   62 13 08,      6.042,      0.000,      0.000,       -1.189,       -5.212,      2.816
397             ,  192 50 47 ,   73 09 27,      5.586,      0.000,      0.000,       -1.189,       -5.212,      1.618
398             ,  192 50 47 ,   83 47 04,      5.377,      0.000,      0.000,       -1.189,       -5.212,      0.582
399             ,  192 50 47 ,   93 50 55,      5.358,      0.000,      0.000,       -1.189,       -5.212,     -0.360
400             ,  192 50 52 ,  102 32 03,      5.473,      0.000,      0.000,       -1.188,       -5.209,     -1.188
401             ,  179 05 37 ,  102 31 00,      5.327,      0.000,      0.000,        0.082,       -5.200,     -1.154
402             ,  179 05 38 ,   89 57 41,      5.199,      0.000,      0.000,        0.082,       -5.199,      0.003
403             ,  179 05 41 ,   81 12 44,      5.262,      0.000,      0.000,        0.082,       -5.200,      0.804
404             ,  179 05 50 ,   69 37 10,      5.549,      0.000,      0.000,        0.082,       -5.201,      1.933
405             ,  179 05 53 ,   61 46 09,      5.906,      0.000,      0.000,        0.082,       -5.202,      2.793
406             ,  179 05 56 ,   52 32 13,      6.554,      0.000,      0.000,        0.082,       -5.202,      3.987
407             ,  179 05 57 ,   42 52 09,      7.648,      0.000,      0.000,        0.082,       -5.203,      5.605
408             ,  179 05 50 ,   38 23 59,      8.377,      0.000,      0.000,        0.082,       -5.202,      6.565
409             ,  175 52 49 ,   38 23 15,      8.400,      0.000,      0.000,        0.375,       -5.203,      6.584
410             ,  175 52 55 ,   43 27 02,      7.587,      0.000,      0.000,        0.375,       -5.204,      5.508
411             ,  175 52 53 ,   65 02 40,      5.755,      0.000,      0.000,        0.375,       -5.205,      2.428
412             ,  175 52 56 ,   85 52 04,      5.235,      0.000,      0.000,        0.375,       -5.207,      0.377
413             ,  178 02 54 ,  104 28 24,      5.375,      0.000,      0.000,        0.177,       -5.201,     -1.343
414             ,  162 19 37 ,  103 14 31,      5.601,      0.000,      0.000,        1.655,       -5.194,     -1.283
415             ,  162 19 40 ,   79 37 26,      5.547,      0.000,      0.000,        1.656,       -5.199,      0.999
416             ,  162 19 43 ,   64 52 00,      6.031,      0.000,      0.000,        1.657,       -5.202,      2.561
417             ,  163 05 54 ,   52 44 10,      6.828,      0.000,      0.000,        1.580,       -5.199,      4.134
418             ,  162 25 52 ,   38 59 40,      8.669,      0.000,      0.000,        1.647,       -5.201,      6.738
419             ,  159 10 25 ,   39 45 43,      8.697,      0.000,      0.000,        1.978,       -5.199,      6.686
420             ,  159 10 15 ,   43 41 57,      8.051,      0.000,      0.000,        1.978,       -5.199,      5.821
421             ,  159 10 30 ,   64 26 19,      6.169,      0.000,      0.000,        1.978,       -5.202,      2.662
422             ,  159 10 28 ,   82 23 42,      5.612,      0.000,      0.000,        1.977,       -5.199,      0.743
423             ,  159 07 03 ,  101 05 27,      5.669,      0.000,      0.000,        1.983,       -5.197,     -1.090
424             ,  145 35 16 ,  102 02 44,      6.452,      0.000,      0.000,        3.566,       -5.206,     -1.347
425             ,  144 59 59 ,   55 06 15,      7.745,      0.000,      0.000,        3.643,       -5.203,      4.431
426             ,  145 37 09 ,   44 15 48,      9.025,      0.000,      0.000,        3.557,       -5.199,      6.463
427             ,  145 27 51 ,   42 51 12,      9.278,      0.000,      0.000,        3.577,       -5.198,      6.802
428             ,  140 39 25 ,   93 47 49,      5.788,      0.000,      0.000,        3.661,       -4.466,     -0.383
429             ,  140 39 15 ,   84 07 08,      5.804,      0.000,      0.000,        3.660,       -4.465,      0.595
430             ,  140 39 25 ,   76 43 30,      5.924,      0.000,      0.000,        3.655,       -4.459,      1.360
431             ,  140 39 17 ,   60 19 31,      6.622,      0.000,      0.000,        3.648,       -4.449,      3.278
432             ,  140 39 16 ,   46 40 28,      7.909,      0.000,      0.000,        3.648,       -4.450,      5.427
433             ,  140 39 16 ,   40 37 24,      8.827,      0.000,      0.000,        3.644,       -4.444,      6.699
434             ,  144 03 40 ,   43 38 39,      9.013,      0.000,      0.000,        3.651,       -5.037,      6.522
435             ,  144 03 47 ,   50 17 38,      8.093,      0.000,      0.000,        3.654,       -5.041,      5.170
436             ,  143 44 28 ,   69 57 12,      6.591,      0.000,      0.000,        3.662,       -4.993,      2.259
437             ,  143 44 15 ,   84 20 31,      6.228,      0.000,      0.000,        3.666,       -4.997,      0.614
438             ,  135 14 17 ,  105 20 09,      4.886,      0.000,      0.000,        3.318,       -3.346,     -1.292
439             ,  135 47 30 ,   84 26 07,      4.775,      0.000,      0.000,        3.314,       -3.406,      0.463
440             ,  135 47 31 ,   65 01 36,      5.234,      0.000,      0.000,        3.308,       -3.401,      2.210
441             ,  135 47 32 ,   47 50 50,      6.396,      0.000,      0.000,        3.306,       -3.399,      4.292
442             ,  135 47 34 ,   35 22 14,      8.193,      0.000,      0.000,        3.307,       -3.400,      6.681
443             ,  132 28 27 ,   33 45 26,      8.078,      0.000,      0.000,        3.311,       -3.031,      6.716
444             ,  132 28 31 ,   42 10 42,      6.675,      0.000,      0.000,        3.306,       -3.027,      4.947
445             ,  132 28 34 ,   53 19 52,      5.588,      0.000,      0.000,        3.306,       -3.027,      3.337
446             ,  132 28 34 ,   71 36 45,      4.727,      0.000,      0.000,        3.308,       -3.029,      1.491
447             ,  132 28 35 ,   92 06 20,      4.494,      0.000,      0.000,        3.312,       -3.033,     -0.165
448             ,  118 28 31 ,   96 18 27,      3.789,      0.000,      0.000,        3.310,       -1.796,     -0.416
449             ,  118 28 29 ,   67 31 55,      4.072,      0.000,      0.000,        3.308,       -1.794,      1.556
450             ,  118 28 32 ,   48 43 06,      5.010,      0.000,      0.000,        3.310,       -1.795,      3.306
451             ,  118 28 32 ,   38 34 56,      6.036,      0.000,      0.000,        3.309,       -1.795,      4.718
452             ,  118 28 28 ,   29 08 58,      7.736,      0.000,      0.000,        3.312,       -1.797,      6.756
453             ,  113 15 14 ,   28 13 28,      7.610,      0.000,      0.000,        3.307,       -1.421,      6.706
454             ,  113 15 11 ,   38 39 28,      5.757,      0.000,      0.000,        3.304,       -1.420,      4.496
455             ,  113 15 11 ,   59 20 09,      4.186,      0.000,      0.000,        3.308,       -1.421,      2.135
456             ,  115 00 30 ,  105 03 39,      3.780,      0.000,      0.000,        3.308,       -1.543,     -0.982
457             ,   93 31 39 ,  111 42 16,      3.567,      0.000,      0.000,        3.308,       -0.204,     -1.319
458             ,   93 31 36 ,   76 44 12,      3.405,      0.000,      0.000,        3.308,       -0.204,      0.781
459             ,   93 31 35 ,   49 37 30,      4.352,      0.000,      0.000,        3.309,       -0.204,      2.819
460             ,   93 31 37 ,   34 36 35,      5.832,      0.000,      0.000,        3.306,       -0.204,      4.800
461             ,   93 31 32 ,   26 12 18,      7.514,      0.000,      0.000,        3.312,       -0.204,      6.742
462             ,   87 13 12 ,   26 12 11,      7.488,      0.000,      0.000,        3.302,        0.160,      6.718
463             ,   87 13 08 ,   37 02 59,      5.495,      0.000,      0.000,        3.307,        0.161,      4.386
464             ,   87 13 08 ,   65 59 36,      3.622,      0.000,      0.000,        3.305,        0.161,      1.474
465             ,   87 13 07 ,   92 30 17,      3.310,      0.000,      0.000,        3.303,        0.160,     -0.145
466             ,   87 13 09 ,  111 48 50,      3.563,      0.000,      0.000,        3.304,        0.160,     -1.324
467             ,   64 16 02 ,  110 13 31,      3.907,      0.000,      0.000,        3.302,        1.592,     -1.351
468             ,   67 10 54 ,   71 43 22,      3.771,      0.000,      0.000,        3.300,        1.389,      1.183
469             ,   67 10 53 ,   47 46 38,      4.837,      0.000,      0.000,        3.301,        1.389,      3.250
470             ,   67 11 05 ,   34 36 52,      6.301,      0.000,      0.000,        3.299,        1.388,      5.186
471             ,   67 11 00 ,   27 48 46,      7.662,      0.000,      0.000,        3.295,        1.386,      6.777
472             ,   62 15 49 ,   28 59 30,      7.675,      0.000,      0.000,        3.292,        1.731,      6.713
473             ,   62 15 46 ,   41 48 16,      5.576,      0.000,      0.000,        3.290,        1.730,      4.156
474             ,   62 15 48 ,   62 49 41,      4.189,      0.000,      0.000,        3.299,        1.735,      1.913
475             ,   62 15 46 ,   89 26 19,      3.728,      0.000,      0.000,        3.300,        1.735,      0.037
476             ,   62 15 49 ,  110 01 28,      3.970,      0.000,      0.000,        3.302,        1.736,     -1.359
477             ,   47 56 27 ,  106 58 23,      4.647,      0.000,      0.000,        3.300,        2.977,     -1.357
478             ,   47 56 31 ,   83 21 28,      4.469,      0.000,      0.000,        3.296,        2.974,      0.517
479             ,   47 56 34 ,   60 03 34,      5.116,      0.000,      0.000,        3.292,        2.970,      2.554
480             ,   47 56 33 ,   44 41 53,      6.298,      0.000,      0.000,        3.289,        2.967,      4.477
481             ,   47 56 36 ,   33 49 41,      7.948,      0.000,      0.000,        3.285,        2.964,      6.603
482             ,   44 20 42 ,   34 53 58,      8.206,      0.000,      0.000,        3.282,        3.358,      6.730
483             ,   44 20 33 ,   48 02 42,      6.312,      0.000,      0.000,        3.281,        3.357,      4.220
484             ,   44 20 32 ,   70 42 13,      4.988,      0.000,      0.000,        3.291,        3.367,      1.648
485             ,   44 20 31 ,   92 25 22,      4.719,      0.000,      0.000,        3.295,        3.372,     -0.199
486             ,   44 20 33 ,  104 48 08,      4.883,      0.000,      0.000,        3.299,        3.376,     -1.247
487             ,   35 11 17 ,  103 00 42,      5.873,      0.000,      0.000,        3.297,        4.676,     -1.322
488             ,   35 11 40 ,   84 02 48,      5.739,      0.000,      0.000,        3.290,        4.665,      0.595
489             ,   35 33 47 ,   54 37 54,      6.919,      0.000,      0.000,        3.281,        4.589,      4.005
490             ,   35 33 54 ,   39 52 51,      8.777,      0.000,      0.000,        3.273,        4.578,      6.735
491             ,   33 32 47 ,   41 11 11,      8.997,      0.000,      0.000,        3.274,        4.938,      6.771
492             ,   33 32 46 ,   46 52 20,      8.127,      0.000,      0.000,        3.278,        4.944,      5.556
493             ,   33 32 48 ,   61 45 13,      6.746,      0.000,      0.000,        3.284,        4.953,      3.193
494             ,   34 11 25 ,   92 33 13,      5.863,      0.000,      0.000,        3.291,        4.845,     -0.261
495             ,   33 40 08 ,  102 19 30,      6.079,      0.000,      0.000,        3.293,        4.943,     -1.298
496             ,   27 57 27 ,  100 22 58,      7.141,      0.000,      0.000,        3.293,        6.204,     -1.287
497             ,   27 57 34 ,   81 22 50,      7.085,      0.000,      0.000,        3.284,        6.188,      1.062
498             ,   27 57 37 ,   67 09 56,      7.583,      0.000,      0.000,        3.277,        6.173,      2.943
499             ,   27 57 35 ,   54 04 25,      8.613,      0.000,      0.000,        3.270,        6.160,      5.054
500             ,   27 57 29 ,   46 02 06,      9.678,      0.000,      0.000,        3.266,        6.153,      6.719
501             ,   26 27 40 ,   47 14 50,      9.989,      0.000,      0.000,        3.268,        6.566,      6.781
502             ,   26 27 37 ,   58 15 51,      8.639,      0.000,      0.000,        3.274,        6.578,      4.544
503             ,   26 27 36 ,   71 37 54,      7.757,      0.000,      0.000,        3.280,        6.591,      2.444
504             ,   26 27 36 ,   85 22 47,      7.392,      0.000,      0.000,        3.283,        6.597,      0.595
505             ,   26 27 37 ,  100 11 46,      7.492,      0.000,      0.000,        3.286,        6.601,     -1.326
506             ,   24 36 40 ,   94 30 48,      8.752,      0.000,      0.000,        3.633,        7.932,     -0.689
507             ,   24 36 43 ,   77 42 45,      8.915,      0.000,      0.000,        3.628,        7.920,      1.897
508             ,   24 36 34 ,   65 03 26,      9.602,      0.000,      0.000,        3.626,        7.916,      4.049
509             ,   24 36 43 ,   52 38 31,     10.945,      0.000,      0.000,        3.623,        7.909,      6.641
510             ,   25 29 05 ,   51 16 13,     10.810,      0.000,      0.000,        3.628,        7.612,      6.763
511             ,   25 29 04 ,   67 26 39,      9.147,      0.000,      0.000,        3.635,        7.625,      3.509
512             ,   25 29 03 ,   81 23 06,      8.553,      0.000,      0.000,        3.639,        7.634,      1.281
513             ,   25 29 05 ,   94 20 43,      8.501,      0.000,      0.000,        3.647,        7.652,     -0.644
514             ,   43 32 14 ,  102 57 36,      5.964,      0.000,      0.000,        4.004,        4.213,     -1.338
515             ,   43 32 13 ,   79 32 32,      5.904,      0.000,      0.000,        3.999,        4.209,      1.072
516             ,   43 32 15 ,   59 20 45,      6.741,      0.000,      0.000,        3.995,        4.204,      3.437
517             ,   43 32 13 ,   47 40 05,      7.846,      0.000,      0.000,        3.995,        4.205,      5.284
518             ,   43 32 16 ,   40 42 16,      8.879,      0.000,      0.000,        3.989,        4.197,      6.731
519             ,   57 22 52 ,  106 16 26,      4.959,      0.000,      0.000,        4.010,        2.566,     -1.390
520             ,   57 22 52 ,   83 57 32,      4.782,      0.000,      0.000,        4.005,        2.563,      0.503
521             ,   57 22 48 ,   55 02 00,      5.800,      0.000,      0.000,        4.003,        2.562,      3.324
522             ,   57 22 52 ,   42 12 32,      7.068,      0.000,      0.000,        3.999,        2.560,      5.235
523             ,   57 23 04 ,   35 16 37,      8.210,      0.000,      0.000,        3.994,        2.556,      6.703
524             ,   60 29 25 ,   34 24 17,      8.113,      0.000,      0.000,        3.990,        2.258,      6.694
525             ,   60 29 18 ,   45 35 16,      6.428,      0.000,      0.000,        3.996,        2.262,      4.498
526             ,   60 29 16 ,   71 19 33,      4.855,      0.000,      0.000,        4.003,        2.266,      1.555
527             ,   60 17 54 ,   93 39 54,      4.624,      0.000,      0.000,        4.008,        2.286,     -0.296
528             ,   60 17 54 ,  106 30 32,      4.814,      0.000,      0.000,        4.009,        2.287,     -1.368
529             ,   76 37 34 ,  108 09 38,      4.338,      0.000,      0.000,        4.010,        0.953,     -1.352
530             ,   76 37 40 ,   82 07 08,      4.159,      0.000,      0.000,        4.008,        0.953,      0.570
531             ,   76 37 40 ,   56 15 49,      4.956,      0.000,      0.000,        4.010,        0.953,      2.752
532             ,   76 37 40 ,   40 42 54,      6.320,      0.000,      0.000,        4.011,        0.953,      4.790
533             ,   76 37 53 ,   31 33 29,      7.888,      0.000,      0.000,        4.017,        0.955,      6.722
534             ,   82 14 20 ,   31 01 54,      7.853,      0.000,      0.000,        4.011,        0.547,      6.729
535             ,   82 14 17 ,   46 22 52,      5.598,      0.000,      0.000,        4.015,        0.547,      3.862
536             ,   82 14 16 ,   61 01 39,      4.629,      0.000,      0.000,        4.013,        0.547,      2.242
537             ,   82 14 19 ,   86 52 05,      4.055,      0.000,      0.000,        4.012,        0.547,      0.222
538             ,   82 14 16 ,  107 43 06,      4.252,      0.000,      0.000,        4.013,        0.547,     -1.294
539             ,   99 33 06 ,  107 42 57,      4.271,      0.000,      0.000,        4.012,       -0.675,     -1.300
540             ,   99 33 07 ,   80 00 22,      4.131,      0.000,      0.000,        4.012,       -0.675,      0.717
541             ,   99 32 59 ,   56 17 01,      4.891,      0.000,      0.000,        4.012,       -0.675,      2.715
542             ,   99 33 06 ,   40 01 42,      6.324,      0.000,      0.000,        4.011,       -0.675,      4.842
543             ,   99 33 07 ,   31 19 45,      7.826,      0.000,      0.000,        4.013,       -0.675,      6.685
544             ,  104 29 00 ,   31 29 32,      7.935,      0.000,      0.000,        4.014,       -1.037,      6.767
545             ,  104 29 00 ,   39 31 37,      6.517,      0.000,      0.000,        4.016,       -1.037,      5.027
546             ,  104 28 59 ,   55 46 36,      5.016,      0.000,      0.000,        4.016,       -1.037,      2.821
547             ,  104 28 59 ,   79 01 51,      4.223,      0.000,      0.000,        4.014,       -1.037,      0.803
548             ,  104 29 02 ,  107 36 18,      4.347,      0.000,      0.000,        4.012,       -1.036,     -1.315
549             ,  120 44 13 ,   94 23 21,      4.687,      0.000,      0.000,        4.017,       -2.389,     -0.359
550             ,  120 44 16 ,   74 06 51,      4.854,      0.000,      0.000,        4.013,       -2.386,      1.329
551             ,  120 44 08 ,   57 00 58,      5.564,      0.000,      0.000,        4.011,       -2.385,      3.029
552             ,  120 44 10 ,   43 27 29,      6.786,      0.000,      0.000,        4.012,       -2.385,      4.926
553             ,  120 44 14 ,   34 52 40,      8.165,      0.000,      0.000,        4.013,       -2.386,      6.699
554             ,  123 02 45 ,   35 26 16,      8.270,      0.000,      0.000,        4.020,       -2.615,      6.738
555             ,  123 02 43 ,   42 59 00,      7.029,      0.000,      0.000,        4.017,       -2.613,      5.142
556             ,  123 02 39 ,   61 04 20,      5.470,      0.000,      0.000,        4.013,       -2.610,      2.646
557             ,  123 02 40 ,   78 14 05,      4.896,      0.000,      0.000,        4.018,       -2.614,      0.998
558             ,  123 02 35 ,   89 37 11,      4.794,      0.000,      0.000,        4.018,       -2.614,      0.032
559             ,  136 44 15 ,   92 36 56,      5.870,      0.000,      0.000,        4.019,       -4.270,     -0.268
560             ,  136 52 57 ,   64 22 35,      6.505,      0.000,      0.000,        4.009,       -4.282,      2.813
561             ,  136 56 08 ,   49 34 42,      7.712,      0.000,      0.000,        4.009,       -4.289,      5.000
562             ,  136 56 08 ,   41 15 08,      8.900,      0.000,      0.000,        4.007,       -4.287,      6.691
563             ,  354 21 45 ,   51 30 20,     11.052,      0.000,      0.000,       -0.850,        8.608,      6.879
564             ,    5 01 24 ,   51 36 07,     11.075,      0.000,      0.000,        0.760,        8.646,      6.879
565             ,   17 32 41 ,   52 54 10,     11.409,      0.000,      0.000,        2.743,        8.676,      6.881
566             ,   32 17 56 ,   44 46 20,      9.685,      0.000,      0.000,        3.645,        5.766,      6.875
567             ,   20 58 43 ,   41 46 38,      9.217,      0.000,      0.000,        2.198,        5.733,      6.873
568             ,    4 19 45 ,   40 08 33,      8.978,      0.000,      0.000,        0.437,        5.772,      6.863
569             ,  348 28 26 ,   40 10 50,      8.995,      0.000,      0.000,       -1.160,        5.687,      6.873
570             ,  338 30 24 ,   24 21 55,      7.528,      0.000,      0.000,       -1.138,        2.890,      6.858
571             ,   11 48 43 ,   23 13 21,      7.473,      0.000,      0.000,        0.603,        2.884,      6.867
572             ,   41 05 59 ,   28 23 59,      7.804,      0.000,      0.000,        2.440,        2.797,      6.865
573             ,   59 26 33 ,   33 34 38,      8.249,      0.000,      0.000,        3.929,        2.319,      6.873
574             ,   99 17 54 ,   29 48 04,      7.910,      0.000,      0.000,        3.880,       -0.635,      6.864
575             ,  117 38 39 ,   13 45 26,      7.068,      0.000,      0.000,        1.489,       -0.780,      6.865
576             ,  233 36 18 ,   12 28 55,      7.023,      0.000,      0.000,       -1.222,       -0.901,      6.857
577             ,  202 09 28 ,   23 41 40,      7.488,      0.000,      0.000,       -1.135,       -2.787,      6.857
578             ,  175 51 44 ,   20 35 42,      7.330,      0.000,      0.000,        0.186,       -2.572,      6.861
579             ,  143 30 51 ,   25 42 36,      7.609,      0.000,      0.000,        1.963,       -2.654,      6.855
580             ,  123 37 02 ,   34 23 08,      8.308,      0.000,      0.000,        3.907,       -2.598,      6.856
581             ,  137 45 34 ,   39 53 43,      8.940,      0.000,      0.000,        3.855,       -4.245,      6.859
582             ,  145 56 12 ,   41 57 40,      9.221,      0.000,      0.000,        3.453,       -5.108,      6.857
583             ,  161 14 45 ,   38 12 16,      8.733,      0.000,      0.000,        1.737,       -5.115,      6.863
584             ,  172 32 32 ,   32 03 12,      8.094,      0.000,      0.000,        0.558,       -4.259,      6.860
585             ,  179 54 07 ,   36 42 32,      8.561,      0.000,      0.000,        0.009,       -5.117,      6.863
586             ,  192 43 14 ,   37 31 12,      8.655,      0.000,      0.000,       -1.161,       -5.142,      6.865
587             ,  344 21 04 ,   99 19 44,      9.005,      0.000,      0.000,       -2.397,        8.556,     -1.460
588             ,  354 30 27 ,   99 34 01,      8.755,      0.000,      0.000,       -0.826,        8.593,     -1.455
589             ,    4 00 09 ,   99 35 21,      8.630,      0.000,      0.000,        0.594,        8.489,     -1.438
590             ,   10 55 38 ,  100 27 18,      7.952,      0.000,      0.000,        1.482,        7.679,     -1.443
591             ,   20 10 34 ,  100 12 54,      8.104,      0.000,      0.000,        2.751,        7.486,     -1.437
592             ,   25 29 19 ,   99 53 09,      8.409,      0.000,      0.000,        3.565,        7.478,     -1.444
593             ,   29 42 36 ,  102 00 33,      6.941,      0.000,      0.000,        3.365,        5.896,     -1.444
594             ,   21 22 57 ,  101 55 47,      6.949,      0.000,      0.000,        2.479,        6.331,     -1.436
595             ,    9 26 01 ,  102 01 28,      6.907,      0.000,      0.000,        1.107,        6.664,     -1.439
596             ,  355 09 05 ,  101 59 28,      6.934,      0.000,      0.000,       -0.573,        6.759,     -1.441
597             ,  339 48 59 ,  101 05 38,      7.484,      0.000,      0.000,       -2.534,        6.893,     -1.440
598             ,  329 30 45 ,  105 59 22,      5.231,      0.000,      0.000,       -2.551,        4.333,     -1.441
599             ,  340 41 12 ,  108 29 33,      4.566,      0.000,      0.000,       -1.432,        4.087,     -1.448
600             ,  357 23 07 ,  109 45 31,      4.279,      0.000,      0.000,       -0.184,        4.023,     -1.447
601             ,    8 08 26 ,  109 25 46,      4.355,      0.000,      0.000,        0.582,        4.066,     -1.449
602             ,   22 48 27 ,  108 13 19,      4.644,      0.000,      0.000,        1.710,        4.066,     -1.452
603             ,   41 10 32 ,  104 22 34,      5.805,      0.000,      0.000,        3.702,        4.232,     -1.441
604             ,   55 01 28 ,  107 48 43,      4.740,      0.000,      0.000,        3.698,        2.587,     -1.450
605             ,   47 45 19 ,  111 07 28,      4.022,      0.000,      0.000,        2.777,        2.522,     -1.450
606             ,   31 28 18 ,  114 58 23,      3.447,      0.000,      0.000,        1.631,        2.665,     -1.455
607             ,    9 50 34 ,  118 22 32,      3.052,      0.000,      0.000,        0.459,        2.646,     -1.451
608             ,  343 52 56 ,  118 22 01,      3.054,      0.000,      0.000,       -0.746,        2.581,     -1.451
609             ,  314 09 53 ,  112 10 59,      3.840,      0.000,      0.000,       -2.551,        2.477,     -1.450
610             ,  294 23 02 ,  117 26 43,      3.129,      0.000,      0.000,       -2.529,        1.146,     -1.442
611             ,  307 55 30 ,  129 50 01,      2.255,      0.000,      0.000,       -1.366,        1.064,     -1.444
612             ,  351 11 25 ,  140 50 46,      1.862,      0.000,      0.000,       -0.180,        1.162,     -1.444
613             ,   27 35 31 ,  140 50 29,      1.861,      0.000,      0.000,        0.544,        1.041,     -1.443
614             ,   67 47 04 ,  121 35 17,      2.759,      0.000,      0.000,        2.175,        0.888,     -1.445
615             ,   77 07 39 ,  110 03 25,      4.229,      0.000,      0.000,        3.873,        0.885,     -1.450
616             ,   99 36 31 ,  110 33 03,      4.134,      0.000,      0.000,        3.816,       -0.646,     -1.451
617             ,  105 25 22 ,  117 58 26,      3.075,      0.000,      0.000,        2.618,       -0.722,     -1.442
618             ,  132 56 18 ,  139 15 00,      1.907,      0.000,      0.000,        0.911,       -0.848,     -1.445
619             ,  213 05 11 ,  146 26 51,      1.733,      0.000,      0.000,       -0.523,       -0.802,     -1.444
620             ,  247 21 31 ,  127 14 23,      2.392,      0.000,      0.000,       -1.758,       -0.733,     -1.448
621             ,  256 05 15 ,  118 40 17,      3.010,      0.000,      0.000,       -2.563,       -0.635,     -1.444
622             ,  233 11 42 ,  114 48 11,      3.471,      0.000,      0.000,       -2.523,       -1.888,     -1.456
623             ,  219 20 28 ,  119 56 25,      2.916,      0.000,      0.000,       -1.602,       -1.954,     -1.455
624             ,  202 54 56 ,  125 53 25,      2.471,      0.000,      0.000,       -0.779,       -1.844,     -1.448
625             ,  172 29 15 ,  127 28 58,      2.383,      0.000,      0.000,        0.247,       -1.875,     -1.450
626             ,  145 04 16 ,  121 37 54,      2.764,      0.000,      0.000,        1.347,       -1.929,     -1.450
627             ,  129 59 46 ,  111 51 38,      3.895,      0.000,      0.000,        2.770,       -2.324,     -1.450
628             ,  124 14 35 ,  108 59 00,      4.470,      0.000,      0.000,        3.494,       -2.379,     -1.454
629             ,  137 00 05 ,  104 18 13,      5.883,      0.000,      0.000,        3.888,       -4.169,     -1.454
630             ,  144 35 24 ,  107 40 38,      4.803,      0.000,      0.000,        2.651,       -3.730,     -1.458
631             ,  160 11 16 ,  110 53 12,      4.078,      0.000,      0.000,        1.291,       -3.584,     -1.454
632             ,  183 04 27 ,  112 31 03,      3.790,      0.000,      0.000,       -0.188,       -3.496,     -1.451
633             ,  197 08 08 ,  111 39 38,      3.938,      0.000,      0.000,       -1.078,       -3.498,     -1.454
634             ,  215 43 02 ,  108 58 59,      4.485,      0.000,      0.000,       -2.476,       -3.444,     -1.459
635             ,  209 34 35 ,  105 46 45,      5.362,      0.000,      0.000,       -2.547,       -4.487,     -1.458
636             ,  198 38 05 ,  105 38 08,      5.415,      0.000,      0.000,       -1.666,       -4.941,     -1.459
637             ,  187 46 51 ,  108 28 27,      4.581,      0.000,      0.000,       -0.588,       -4.305,     -1.452
638             ,  180 40 44 ,  106 24 26,      5.147,      0.000,      0.000,       -0.059,       -4.937,     -1.454
639             ,  163 51 04 ,  107 44 54,      4.771,      0.000,      0.000,        1.264,       -4.365,     -1.454
640             ,  157 10 51 ,  105 24 29,      5.482,      0.000,      0.000,        2.050,       -4.871,     -1.456
641             ,  146 51 28 ,  106 12 15,      5.234,      0.000,      0.000,        2.748,       -4.209,     -1.461
642             ,  145 07 51 ,  104 11 52,      5.927,      0.000,      0.000,        3.285,       -4.714,     -1.454
643             ,  359 55 51 ,   89 59 13,      8.088,      0.000,      0.000,       -0.010,        8.088,      0.002
644             ,   35 21 25 ,  123 14 55,      2.618,      0.000,      0.000,        1.267,        1.786,     -1.435
