#OKS At   -15 : After 4 points 
-2.776086, 7.803792, -1.458000 
-2.776357, 7.264354, -1.458000 
3.464261, 6.390219, -1.458000 
3.466777, 7.793753, -1.458000 
#OKS At   -10 : After 4 points 
-2.777924, 7.803794, -1.453000 
-2.778912, 5.840057, -1.453000 
3.457632, 2.692037, -1.453000 
3.466777, 7.793751, -1.453000 
#OKS At    -5 : After 4 points 
-2.779763, 7.803795, -1.448000 
-2.781466, 4.415761, -1.448000 
3.451004, -1.006144, -1.448000 
3.466777, 7.793749, -1.448000 
#OKS At     0 : After 6 points 
-1.870575, -4.048419, -1.443000 
-1.935807, -3.774597, -1.443000 
-2.784021, 2.991464, -1.443000 
-2.781601, 7.803796, -1.443000 
3.466777, 7.793748, -1.443000 
3.445498, -4.077780, -1.443000 
#OKS At   100 : After 6 points 
-2.759819, -0.642880, -1.343000 
-2.822405, -0.217337, -1.343000 
-2.818372, 7.803822, -1.343000 
3.466777, 7.793715, -1.343000 
3.445498, -4.077780, -1.343000 
-1.948623, -4.047988, -1.343000 
#OKS At   200 : After 6 points 
-2.726027, -1.111912, -1.243000 
-2.859171, -0.206625, -1.243000 
-2.855143, 7.803849, -1.243000 
3.466777, 7.793682, -1.243000 
3.445498, -4.077780, -1.243000 
-2.026671, -4.047557, -1.243000 
#OKS At   300 : After 6 points 
-2.692236, -1.580944, -1.143000 
-2.895936, -0.195914, -1.143000 
-2.891914, 7.803875, -1.143000 
3.466777, 7.793649, -1.143000 
3.445498, -4.077780, -1.143000 
-2.104719, -4.047126, -1.143000 
#OKS At   400 : After 6 points 
-2.658444, -2.049976, -1.043000 
-2.932702, -0.185202, -1.043000 
-2.928685, 7.803901, -1.043000 
3.466777, 7.793616, -1.043000 
3.445498, -4.077780, -1.043000 
-2.182767, -4.046695, -1.043000 
#OKS At   500 : After 6 points 
-2.624652, -2.519007, -0.943000 
-2.969467, -0.174490, -0.943000 
-2.965456, 7.803927, -0.943000 
3.466777, 7.793583, -0.943000 
3.445498, -4.077780, -0.943000 
-2.260815, -4.046263, -0.943000 
#OKS At   600 : After 6 points 
-2.590860, -2.988039, -0.843000 
-3.006233, -0.163779, -0.843000 
-3.002227, 7.803953, -0.843000 
3.466777, 7.793550, -0.843000 
3.445498, -4.077780, -0.843000 
-2.338863, -4.045832, -0.843000 
#OKS At   700 : After 6 points 
-2.557068, -3.457071, -0.743000 
-3.042999, -0.153067, -0.743000 
-3.038998, 7.803979, -0.743000 
3.466777, 7.793517, -0.743000 
3.445498, -4.077780, -0.743000 
-2.416911, -4.045401, -0.743000 
#OKS At   800 : After 6 points 
-2.523277, -3.926103, -0.643000 
-3.079764, -0.142356, -0.643000 
-3.075769, 7.804006, -0.643000 
3.466777, 7.793484, -0.643000 
3.445498, -4.077780, -0.643000 
-2.494959, -4.044970, -0.643000 
#OKS At   900 : After 5 points 
-3.116530, -0.131644, -0.543000 
-2.540659, -4.044718, -0.543000 
3.445498, -4.077780, -0.543000 
3.466777, 7.793451, -0.543000 
-3.112540, 7.804032, -0.543000 
#OKS At  1000 : After 6 points 
-3.151826, 2.801326, -0.443000 
-3.142185, 7.804046, -0.443000 
3.466777, 7.793418, -0.443000 
3.445498, -4.077780, -0.443000 
-2.575393, -4.044526, -0.443000 
-3.153295, -0.120932, -0.443000 
#OKS At  1100 : After 5 points 
-3.157670, -0.327208, -0.343000 
-3.142000, 7.804013, -0.343000 
3.466777, 7.793385, -0.343000 
3.445498, -4.077780, -0.343000 
-2.610126, -4.044334, -0.343000 
#OKS At  1200 : After 5 points 
-3.157935, -0.561011, -0.243000 
-3.141814, 7.803980, -0.243000 
3.466777, 7.793352, -0.243000 
3.445498, -4.077780, -0.243000 
-2.644859, -4.044142, -0.243000 
#OKS At  1300 : After 5 points 
-3.158200, -0.794815, -0.143000 
-3.141629, 7.803947, -0.143000 
3.466777, 7.793319, -0.143000 
3.445498, -4.077780, -0.143000 
-2.679593, -4.043951, -0.143000 
#OKS At  1400 : After 5 points 
-3.158465, -1.028618, -0.043000 
-3.141444, 7.803913, -0.043000 
3.466776, 7.793286, -0.043000 
3.445498, -4.077780, -0.043000 
-2.714326, -4.043759, -0.043000 
#OKS At  1500 : After 5 points 
-3.158730, -1.262422, 0.057000 
-3.141258, 7.803880, 0.057000 
3.466776, 7.793253, 0.057000 
3.445498, -4.077780, 0.057000 
-2.749059, -4.043567, 0.057000 
#OKS At  1600 : After 5 points 
-3.158995, -1.496225, 0.157000 
-3.141073, 7.803847, 0.157000 
3.466776, 7.793220, 0.157000 
3.445498, -4.077780, 0.157000 
-2.783793, -4.043375, 0.157000 
#OKS At  1700 : After 5 points 
-3.159261, -1.730029, 0.257000 
-3.140888, 7.803814, 0.257000 
3.466776, 7.793187, 0.257000 
3.445498, -4.077780, 0.257000 
-2.818526, -4.043183, 0.257000 
#OKS At  1800 : After 5 points 
-3.159526, -1.963833, 0.357000 
-3.140702, 7.803780, 0.357000 
3.466776, 7.793155, 0.357000 
3.445498, -4.077780, 0.357000 
-2.853259, -4.042991, 0.357000 
#OKS At  1900 : After 5 points 
-3.159791, -2.197636, 0.457000 
-3.140517, 7.803747, 0.457000 
3.466776, 7.793122, 0.457000 
3.445498, -4.077780, 0.457000 
-2.887993, -4.042799, 0.457000 
#OKS At  2000 : After 5 points 
-3.160056, -2.431440, 0.557000 
-3.140331, 7.803714, 0.557000 
3.466776, 7.793089, 0.557000 
3.445498, -4.077780, 0.557000 
-2.922726, -4.042608, 0.557000 
#OKS At  2100 : After 5 points 
-3.160321, -2.665243, 0.657000 
-3.140146, 7.803681, 0.657000 
3.466776, 7.793056, 0.657000 
3.445498, -4.077780, 0.657000 
-2.957459, -4.042416, 0.657000 
#OKS At  2200 : After 5 points 
-3.160586, -2.899047, 0.757000 
-3.139961, 7.803647, 0.757000 
3.466776, 7.793023, 0.757000 
3.445498, -4.077780, 0.757000 
-2.992193, -4.042224, 0.757000 
#OKS At  2300 : After 5 points 
-3.160851, -3.132850, 0.857000 
-3.139775, 7.803614, 0.857000 
3.466776, 7.792990, 0.857000 
3.445498, -4.077780, 0.857000 
-3.026926, -4.042032, 0.857000 
#OKS At  2400 : After 5 points 
-3.161116, -3.366654, 0.957000 
-3.139590, 7.803581, 0.957000 
3.466776, 7.792957, 0.957000 
3.445498, -4.077780, 0.957000 
-3.061659, -4.041840, 0.957000 
#OKS At  2500 : After 5 points 
-3.161382, -3.600457, 1.057000 
-3.139405, 7.803548, 1.057000 
3.466776, 7.792924, 1.057000 
3.445498, -4.077780, 1.057000 
-3.096393, -4.041648, 1.057000 
#OKS At  2600 : After 5 points 
-3.161647, -3.834261, 1.157000 
-3.139219, 7.803514, 1.157000 
3.466776, 7.792891, 1.157000 
3.445498, -4.077780, 1.157000 
-3.131126, -4.041457, 1.157000 
#OKS At  2700 : After 4 points 
-3.161860, -4.041287, 1.257000 
-3.139034, 7.803481, 1.257000 
3.466776, 7.792858, 1.257000 
3.445498, -4.077780, 1.257000 
#OKS At  2800 : After 4 points 
-3.161675, -4.041288, 1.357000 
-3.138849, 7.803448, 1.357000 
3.466776, 7.792825, 1.357000 
3.445498, -4.077780, 1.357000 
#OKS At  2900 : After 4 points 
-3.161489, -4.041289, 1.457000 
-3.138663, 7.803415, 1.457000 
3.466776, 7.792792, 1.457000 
3.445498, -4.077780, 1.457000 
#OKS At  3000 : After 4 points 
-3.161304, -4.041290, 1.557000 
-3.138478, 7.803381, 1.557000 
3.466776, 7.792759, 1.557000 
3.445498, -4.077780, 1.557000 
#OKS At  3100 : After 4 points 
-3.161119, -4.041291, 1.657000 
-3.138292, 7.803348, 1.657000 
3.466775, 7.792726, 1.657000 
3.445498, -4.077780, 1.657000 
#OKS At  3200 : After 4 points 
-3.160933, -4.041292, 1.757000 
-3.138107, 7.803315, 1.757000 
3.466775, 7.792693, 1.757000 
3.445498, -4.077780, 1.757000 
#OKS At  3300 : After 4 points 
-3.160748, -4.041293, 1.857000 
-3.137922, 7.803282, 1.857000 
3.466775, 7.792660, 1.857000 
3.445498, -4.077780, 1.857000 
#OKS At  3400 : After 4 points 
-3.160562, -4.041294, 1.957000 
-3.137736, 7.803248, 1.957000 
3.466775, 7.792627, 1.957000 
3.445498, -4.077780, 1.957000 
#OKS At  3500 : After 4 points 
-3.160377, -4.041295, 2.057000 
-3.137551, 7.803215, 2.057000 
3.466775, 7.792594, 2.057000 
3.445498, -4.077780, 2.057000 
#OKS At  3600 : After 4 points 
-3.160191, -4.041296, 2.157000 
-3.137366, 7.803182, 2.157000 
3.466775, 7.792561, 2.157000 
3.445498, -4.077780, 2.157000 
#OKS At  3700 : After 4 points 
-3.160006, -4.041297, 2.257000 
-3.137180, 7.803149, 2.257000 
3.466775, 7.792528, 2.257000 
3.445498, -4.077780, 2.257000 
#OKS At  3800 : After 4 points 
-3.159821, -4.041298, 2.357000 
-3.136995, 7.803115, 2.357000 
3.466775, 7.792495, 2.357000 
3.445498, -4.077780, 2.357000 
#OKS At  3900 : After 4 points 
-3.159635, -4.041299, 2.457000 
-3.136810, 7.803082, 2.457000 
3.466775, 7.792462, 2.457000 
3.445498, -4.077780, 2.457000 
#OKS At  4000 : After 4 points 
-3.159450, -4.041300, 2.557000 
-3.136624, 7.803049, 2.557000 
3.466775, 7.792429, 2.557000 
3.445498, -4.077780, 2.557000 
#OKS At  4100 : After 4 points 
-3.159264, -4.041301, 2.657000 
-3.136439, 7.803016, 2.657000 
3.466775, 7.792397, 2.657000 
3.445498, -4.077780, 2.657000 
#OKS At  4200 : After 4 points 
-3.159079, -4.041302, 2.757000 
-3.136253, 7.802982, 2.757000 
3.466775, 7.792364, 2.757000 
3.445498, -4.077780, 2.757000 
#OKS At  4300 : After 4 points 
-3.158893, -4.041303, 2.857000 
-3.136068, 7.802949, 2.857000 
3.466775, 7.792331, 2.857000 
3.445498, -4.077780, 2.857000 
#OKS At  4400 : After 4 points 
-3.158708, -4.041304, 2.957000 
-3.135883, 7.802916, 2.957000 
3.466775, 7.792298, 2.957000 
3.445498, -4.077780, 2.957000 
#OKS At  4500 : After 4 points 
-3.158523, -4.041305, 3.057000 
-3.135697, 7.802883, 3.057000 
3.466775, 7.792265, 3.057000 
3.445498, -4.077780, 3.057000 
#OKS At  4600 : After 4 points 
-3.158337, -4.041306, 3.157000 
-3.135512, 7.802849, 3.157000 
3.466775, 7.792232, 3.157000 
3.445498, -4.077780, 3.157000 
#OKS At  4700 : After 4 points 
-3.158152, -4.041307, 3.257000 
-3.135327, 7.802816, 3.257000 
3.466775, 7.792199, 3.257000 
3.445498, -4.077780, 3.257000 
#OKS At  4800 : After 4 points 
-3.157966, -4.041308, 3.357000 
-3.135141, 7.802783, 3.357000 
3.466774, 7.792166, 3.357000 
3.445498, -4.077780, 3.357000 
#OKS At  4900 : After 4 points 
-3.157781, -4.041309, 3.457000 
-3.134956, 7.802750, 3.457000 
3.466774, 7.792133, 3.457000 
3.445498, -4.077780, 3.457000 
#OKS At  5000 : After 4 points 
-3.157595, -4.041310, 3.557000 
-3.134770, 7.802716, 3.557000 
3.466774, 7.792100, 3.557000 
3.445498, -4.077780, 3.557000 
#OKS At  5100 : After 4 points 
-3.157410, -4.041311, 3.657000 
-3.134585, 7.802683, 3.657000 
3.466774, 7.792067, 3.657000 
3.445498, -4.077780, 3.657000 
#OKS At  5200 : After 4 points 
-3.157225, -4.041312, 3.757000 
-3.134400, 7.802650, 3.757000 
3.466774, 7.792034, 3.757000 
3.445498, -4.077780, 3.757000 
#OKS At  5300 : After 4 points 
-3.157039, -4.041314, 3.857000 
-3.134214, 7.802616, 3.857000 
3.466774, 7.792001, 3.857000 
3.445498, -4.077780, 3.857000 
#OKS At  5400 : After 4 points 
-3.156854, -4.041315, 3.957000 
-3.134029, 7.802583, 3.957000 
3.466774, 7.791968, 3.957000 
3.445498, -4.077780, 3.957000 
#OKS At  5500 : After 4 points 
-3.156668, -4.041316, 4.057000 
-3.133844, 7.802550, 4.057000 
3.466774, 7.791935, 4.057000 
3.445498, -4.077780, 4.057000 
#OKS At  5600 : After 4 points 
-3.156483, -4.041317, 4.157000 
-3.133658, 7.802517, 4.157000 
3.466774, 7.791902, 4.157000 
3.445498, -4.077780, 4.157000 
#OKS At  5700 : After 4 points 
-3.156297, -4.041318, 4.257000 
-3.133473, 7.802483, 4.257000 
3.466774, 7.791869, 4.257000 
3.445498, -4.077780, 4.257000 
#OKS At  5800 : After 5 points 
-3.149973, -0.855869, 4.357000 
-3.109691, 7.802412, 4.357000 
3.466774, 7.791836, 4.357000 
3.445498, -4.077780, 4.357000 
-3.156112, -4.041319, 4.357000 
#OKS At  5900 : After 4 points 
-3.130905, -4.041458, 4.457000 
-3.075803, 7.802325, 4.457000 
3.466774, 7.791803, 4.457000 
3.445498, -4.077780, 4.457000 
#OKS At  6000 : After 4 points 
-3.097018, -4.041645, 4.557000 
-3.041915, 7.802237, 4.557000 
3.466774, 7.791770, 4.557000 
3.445498, -4.077780, 4.557000 
#OKS At  6100 : After 4 points 
-3.063130, -4.041832, 4.657000 
-3.008027, 7.802150, 4.657000 
3.466774, 7.791737, 4.657000 
3.445498, -4.077780, 4.657000 
#OKS At  6200 : After 4 points 
-3.029242, -4.042019, 4.757000 
-2.974138, 7.802062, 4.757000 
3.466774, 7.791704, 4.757000 
3.445498, -4.077780, 4.757000 
#OKS At  6300 : After 4 points 
-2.995355, -4.042207, 4.857000 
-2.940250, 7.801975, 4.857000 
3.466774, 7.791671, 4.857000 
3.445498, -4.077780, 4.857000 
#OKS At  6400 : After 4 points 
-2.961467, -4.042394, 4.957000 
-2.906362, 7.801888, 4.957000 
3.466774, 7.791638, 4.957000 
3.445498, -4.077780, 4.957000 
#OKS At  6500 : After 4 points 
-2.927579, -4.042581, 5.057000 
-2.872474, 7.801800, 5.057000 
3.466773, 7.791606, 5.057000 
3.445498, -4.077780, 5.057000 
#OKS At  6600 : After 4 points 
-2.893692, -4.042768, 5.157000 
-2.838586, 7.801713, 5.157000 
3.466773, 7.791573, 5.157000 
3.445498, -4.077780, 5.157000 
#OKS At  6700 : After 4 points 
-2.859804, -4.042955, 5.257000 
-2.804698, 7.801625, 5.257000 
3.466773, 7.791540, 5.257000 
3.445498, -4.077780, 5.257000 
#OKS At  6800 : After 5 points 
-2.778322, 6.186745, 5.357000 
-2.650778, 7.801345, 5.357000 
3.466773, 7.791507, 5.357000 
3.445498, -4.077780, 5.357000 
-2.825916, -4.043142, 5.357000 
#OKS At  6900 : After 4 points 
-1.521729, -4.050346, 5.457000 
-1.460280, 7.799397, 5.457000 
3.466773, 7.791474, 5.457000 
3.445498, -4.077780, 5.457000 
#OKS At  7000 : After 4 points 
-1.520865, -4.050350, 5.557000 
-1.459415, 7.799363, 5.557000 
3.466773, 7.791441, 5.557000 
3.445498, -4.077780, 5.557000 
#OKS At  7100 : After 4 points 
-1.520000, -4.050355, 5.657000 
-1.458551, 7.799329, 5.657000 
3.466773, 7.791408, 5.657000 
3.445498, -4.077780, 5.657000 
#OKS At  7200 : After 4 points 
-1.519136, -4.050360, 5.757000 
-1.457687, 7.799294, 5.757000 
3.466773, 7.791375, 5.757000 
3.445498, -4.077780, 5.757000 
#OKS At  7300 : After 4 points 
-1.518271, -4.050365, 5.857000 
-1.456822, 7.799260, 5.857000 
3.466773, 7.791342, 5.857000 
3.445498, -4.077780, 5.857000 
#OKS At  7400 : After 4 points 
-1.517407, -4.050369, 5.957000 
-1.455958, 7.799226, 5.957000 
3.466773, 7.791309, 5.957000 
3.445498, -4.077780, 5.957000 
#OKS At  7500 : After 4 points 
-1.516542, -4.050374, 6.057000 
-1.455093, 7.799191, 6.057000 
3.466773, 7.791276, 6.057000 
3.445498, -4.077780, 6.057000 
#OKS At  7600 : After 4 points 
-1.515677, -4.050379, 6.157000 
-1.454229, 7.799157, 6.157000 
3.466773, 7.791243, 6.157000 
3.445498, -4.077780, 6.157000 
#OKS At  7700 : After 4 points 
-1.514813, -4.050384, 6.257000 
-1.453365, 7.799122, 6.257000 
3.466773, 7.791210, 6.257000 
3.445498, -4.077780, 6.257000 
#OKS At  7800 : After 4 points 
-1.513948, -4.050389, 6.357000 
-1.452500, 7.799088, 6.357000 
3.466773, 7.791177, 6.357000 
3.445498, -4.077780, 6.357000 
#OKS At  7900 : After 4 points 
-1.513084, -4.050393, 6.457000 
-1.451636, 7.799054, 6.457000 
3.466773, 7.791144, 6.457000 
3.445498, -4.077780, 6.457000 
#OKS At  8000 : After 4 points 
-1.512219, -4.050398, 6.557000 
-1.450771, 7.799019, 6.557000 
3.466773, 7.791111, 6.557000 
3.445498, -4.077780, 6.557000 
#OKS At  8100 : After 4 points 
-1.511355, -4.050403, 6.657000 
-1.449907, 7.798985, 6.657000 
3.466773, 7.791078, 6.657000 
3.445498, -4.077780, 6.657000 
#OKS At  8200 : After 4 points 
-1.510490, -4.050408, 6.757000 
-1.449042, 7.798951, 6.757000 
3.466772, 7.791045, 6.757000 
3.445498, -4.077780, 6.757000 
#OKS At  8300 : After 5 points 
-1.509625, -4.050412, 6.857000 
-1.459483, 5.618857, 6.857000 
2.235494, 7.792992, 6.857000 
3.466772, 7.791012, 6.857000 
3.445498, -4.077780, 6.857000 
