#OKS At   -35 : After 3 points 
-3.795993, -4.754013, -1.477000 
-3.337291, -4.765374, -1.477000 
-3.781974, -4.175254, -1.477000 
#OKS At   -30 : After 3 points 
-3.795993, -4.754013, -1.472000 
-1.752172, -4.804636, -1.472000 
-3.733526, -2.175258, -1.472000 
#OKS At   -25 : After 3 points 
-3.795993, -4.754013, -1.467000 
-0.167053, -4.843898, -1.467000 
-3.685078, -0.175261, -1.467000 
#OKS At   -20 : After 3 points 
-3.795993, -4.754013, -1.462000 
1.418067, -4.883159, -1.462000 
-3.636630, 1.824735, -1.462000 
#OKS At   -15 : After 4 points 
2.483959, -4.909560, -1.457000 
2.498755, -4.253010, -1.457000 
-3.588183, 3.824731, -1.457000 
-3.795993, -4.754013, -1.457000 
#OKS At   -10 : After 4 points 
2.485681, -4.909603, -1.452000 
2.545597, -2.250887, -1.452000 
-3.539735, 5.824728, -1.452000 
-3.795993, -4.754013, -1.452000 
#OKS At    -5 : After 4 points 
2.487404, -4.909646, -1.447000 
2.592440, -0.248764, -1.447000 
-3.491287, 7.824724, -1.447000 
-3.795993, -4.754013, -1.447000 
#OKS At     0 : After 5 points 
2.489126, -4.909688, -1.442000 
2.639283, 1.753359, -1.442000 
-2.453109, 8.511283, -1.442000 
-3.474181, 8.530907, -1.442000 
-3.795993, -4.754013, -1.442000 
#OKS At   100 : After 4 points 
2.523578, -4.910542, -1.342000 
2.823752, 8.409379, -1.342000 
-3.474193, 8.530418, -1.342000 
-3.795993, -4.754013, -1.342000 
#OKS At   200 : After 4 points 
2.558029, -4.911395, -1.242000 
2.858197, 8.408228, -1.242000 
-3.474205, 8.529930, -1.242000 
-3.795993, -4.754013, -1.242000 
#OKS At   300 : After 4 points 
2.592481, -4.912248, -1.142000 
2.892641, 8.407077, -1.142000 
-3.474216, 8.529441, -1.142000 
-3.795993, -4.754013, -1.142000 
#OKS At   400 : After 4 points 
2.626932, -4.913102, -1.042000 
2.927086, 8.405927, -1.042000 
-3.474228, 8.528953, -1.042000 
-3.795993, -4.754013, -1.042000 
#OKS At   500 : After 4 points 
2.661383, -4.913955, -0.942000 
2.961531, 8.404776, -0.942000 
-3.474240, 8.528465, -0.942000 
-3.795993, -4.754013, -0.942000 
#OKS At   600 : After 4 points 
2.695835, -4.914808, -0.842000 
2.995976, 8.403625, -0.842000 
-3.474252, 8.527976, -0.842000 
-3.795993, -4.754013, -0.842000 
#OKS At   700 : After 4 points 
2.730286, -4.915662, -0.742000 
3.030420, 8.402475, -0.742000 
-3.474264, 8.527488, -0.742000 
-3.795993, -4.754013, -0.742000 
#OKS At   800 : After 4 points 
2.764737, -4.916515, -0.642000 
3.064865, 8.401324, -0.642000 
-3.474276, 8.526999, -0.642000 
-3.795993, -4.754013, -0.642000 
#OKS At   900 : After 4 points 
2.799189, -4.917368, -0.542000 
3.099310, 8.400173, -0.542000 
-3.474287, 8.526511, -0.542000 
-3.795993, -4.754013, -0.542000 
#OKS At  1000 : After 5 points 
2.872947, -3.174021, -0.442000 
2.832638, -4.918197, -0.442000 
-3.795993, -4.754013, -0.442000 
-3.474299, 8.526022, -0.442000 
3.133754, 8.399023, -0.442000 
#OKS At  1100 : After 4 points 
2.831857, -4.918178, -0.342000 
3.139616, 8.398421, -0.342000 
-3.474311, 8.525534, -0.342000 
-3.795993, -4.754013, -0.342000 
#OKS At  1200 : After 4 points 
2.831076, -4.918158, -0.242000 
3.138824, 8.397948, -0.242000 
-3.474323, 8.525046, -0.242000 
-3.795993, -4.754013, -0.242000 
#OKS At  1300 : After 4 points 
2.830296, -4.918139, -0.142000 
3.138032, 8.397475, -0.142000 
-3.474335, 8.524557, -0.142000 
-3.795993, -4.754013, -0.142000 
#OKS At  1400 : After 4 points 
2.829515, -4.918120, -0.042000 
3.137240, 8.397001, -0.042000 
-3.474347, 8.524069, -0.042000 
-3.795993, -4.754013, -0.042000 
#OKS At  1500 : After 4 points 
2.828734, -4.918100, 0.058000 
3.136448, 8.396528, 0.058000 
-3.474358, 8.523580, 0.058000 
-3.795993, -4.754013, 0.058000 
#OKS At  1600 : After 4 points 
2.827953, -4.918081, 0.158000 
3.135656, 8.396054, 0.158000 
-3.474370, 8.523092, 0.158000 
-3.795993, -4.754013, 0.158000 
#OKS At  1700 : After 4 points 
2.827173, -4.918062, 0.258000 
3.134863, 8.395581, 0.258000 
-3.474382, 8.522604, 0.258000 
-3.795993, -4.754013, 0.258000 
#OKS At  1800 : After 4 points 
2.826392, -4.918042, 0.358000 
3.134071, 8.395107, 0.358000 
-3.474394, 8.522115, 0.358000 
-3.795993, -4.754013, 0.358000 
#OKS At  1900 : After 4 points 
2.825611, -4.918023, 0.458000 
3.133279, 8.394634, 0.458000 
-3.474406, 8.521627, 0.458000 
-3.795993, -4.754013, 0.458000 
#OKS At  2000 : After 4 points 
2.824831, -4.918004, 0.558000 
3.132487, 8.394161, 0.558000 
-3.474418, 8.521138, 0.558000 
-3.795993, -4.754013, 0.558000 
#OKS At  2100 : After 4 points 
2.824050, -4.917984, 0.658000 
3.131695, 8.393687, 0.658000 
-3.474429, 8.520650, 0.658000 
-3.795993, -4.754013, 0.658000 
#OKS At  2200 : After 4 points 
2.823269, -4.917965, 0.758000 
3.130903, 8.393214, 0.758000 
-3.474441, 8.520161, 0.758000 
-3.795993, -4.754013, 0.758000 
#OKS At  2300 : After 4 points 
2.822489, -4.917946, 0.858000 
3.130111, 8.392740, 0.858000 
-3.474453, 8.519673, 0.858000 
-3.795993, -4.754013, 0.858000 
#OKS At  2400 : After 4 points 
2.821708, -4.917926, 0.958000 
3.129319, 8.392267, 0.958000 
-3.474465, 8.519185, 0.958000 
-3.795993, -4.754013, 0.958000 
#OKS At  2500 : After 4 points 
2.820927, -4.917907, 1.058000 
3.128527, 8.391793, 1.058000 
-3.474477, 8.518696, 1.058000 
-3.795993, -4.754013, 1.058000 
#OKS At  2600 : After 4 points 
2.820147, -4.917888, 1.158000 
3.127735, 8.391320, 1.158000 
-3.474489, 8.518208, 1.158000 
-3.795993, -4.754013, 1.158000 
#OKS At  2700 : After 4 points 
2.819366, -4.917868, 1.258000 
3.126943, 8.390847, 1.258000 
-3.474500, 8.517719, 1.258000 
-3.795993, -4.754013, 1.258000 
#OKS At  2800 : After 4 points 
2.818585, -4.917849, 1.358000 
3.126151, 8.390373, 1.358000 
-3.474512, 8.517231, 1.358000 
-3.795993, -4.754013, 1.358000 
#OKS At  2900 : After 4 points 
2.817805, -4.917830, 1.458000 
3.125359, 8.389900, 1.458000 
-3.474524, 8.516742, 1.458000 
-3.795993, -4.754013, 1.458000 
#OKS At  3000 : After 4 points 
2.817024, -4.917810, 1.558000 
3.124567, 8.389426, 1.558000 
-3.474536, 8.516254, 1.558000 
-3.795993, -4.754013, 1.558000 
#OKS At  3100 : After 4 points 
2.816243, -4.917791, 1.658000 
3.123775, 8.388953, 1.658000 
-3.474548, 8.515766, 1.658000 
-3.795993, -4.754013, 1.658000 
#OKS At  3200 : After 4 points 
2.815463, -4.917772, 1.758000 
3.122982, 8.388480, 1.758000 
-3.474560, 8.515277, 1.758000 
-3.795993, -4.754013, 1.758000 
#OKS At  3300 : After 4 points 
2.814682, -4.917752, 1.858000 
3.122190, 8.388006, 1.858000 
-3.474571, 8.514789, 1.858000 
-3.795993, -4.754013, 1.858000 
#OKS At  3400 : After 4 points 
2.813901, -4.917733, 1.958000 
3.121398, 8.387533, 1.958000 
-3.474583, 8.514300, 1.958000 
-3.795993, -4.754013, 1.958000 
#OKS At  3500 : After 4 points 
2.813121, -4.917714, 2.058000 
3.120606, 8.387059, 2.058000 
-3.474595, 8.513812, 2.058000 
-3.795993, -4.754013, 2.058000 
#OKS At  3600 : After 4 points 
2.812340, -4.917694, 2.158000 
3.119814, 8.386586, 2.158000 
-3.474607, 8.513323, 2.158000 
-3.795993, -4.754013, 2.158000 
#OKS At  3700 : After 4 points 
2.811559, -4.917675, 2.258000 
3.119022, 8.386112, 2.258000 
-3.474619, 8.512835, 2.258000 
-3.795993, -4.754013, 2.258000 
#OKS At  3800 : After 4 points 
2.810778, -4.917656, 2.358000 
3.118230, 8.385639, 2.358000 
-3.474631, 8.512347, 2.358000 
-3.795993, -4.754013, 2.358000 
#OKS At  3900 : After 4 points 
2.809998, -4.917636, 2.458000 
3.117438, 8.385166, 2.458000 
-3.474642, 8.511858, 2.458000 
-3.795993, -4.754013, 2.458000 
#OKS At  4000 : After 4 points 
2.809217, -4.917617, 2.558000 
3.116646, 8.384692, 2.558000 
-3.474654, 8.511370, 2.558000 
-3.795993, -4.754013, 2.558000 
#OKS At  4100 : After 4 points 
2.808436, -4.917598, 2.658000 
3.115854, 8.384219, 2.658000 
-3.474666, 8.510881, 2.658000 
-3.795993, -4.754013, 2.658000 
#OKS At  4200 : After 4 points 
2.807656, -4.917578, 2.758000 
3.115062, 8.383745, 2.758000 
-3.474678, 8.510393, 2.758000 
-3.795993, -4.754013, 2.758000 
#OKS At  4300 : After 4 points 
2.806875, -4.917559, 2.858000 
3.114270, 8.383272, 2.858000 
-3.474690, 8.509905, 2.858000 
-3.795993, -4.754013, 2.858000 
#OKS At  4400 : After 4 points 
2.806094, -4.917540, 2.958000 
3.113478, 8.382798, 2.958000 
-3.474702, 8.509416, 2.958000 
-3.795993, -4.754013, 2.958000 
#OKS At  4500 : After 4 points 
2.805314, -4.917520, 3.058000 
3.112686, 8.382325, 3.058000 
-3.474713, 8.508928, 3.058000 
-3.795993, -4.754013, 3.058000 
#OKS At  4600 : After 4 points 
2.804533, -4.917501, 3.158000 
3.111893, 8.381852, 3.158000 
-3.474725, 8.508439, 3.158000 
-3.795993, -4.754013, 3.158000 
#OKS At  4700 : After 4 points 
2.803752, -4.917482, 3.258000 
3.111101, 8.381378, 3.258000 
-3.474737, 8.507951, 3.258000 
-3.795993, -4.754013, 3.258000 
#OKS At  4800 : After 4 points 
2.802972, -4.917462, 3.358000 
3.110309, 8.380905, 3.358000 
-3.474749, 8.507462, 3.358000 
-3.795993, -4.754013, 3.358000 
#OKS At  4900 : After 4 points 
2.802191, -4.917443, 3.458000 
3.109517, 8.380431, 3.458000 
-3.474761, 8.506974, 3.458000 
-3.795993, -4.754013, 3.458000 
#OKS At  5000 : After 4 points 
2.801410, -4.917423, 3.558000 
3.108725, 8.379958, 3.558000 
-3.474773, 8.506486, 3.558000 
-3.795993, -4.754013, 3.558000 
#OKS At  5100 : After 4 points 
2.800630, -4.917404, 3.658000 
3.107933, 8.379484, 3.658000 
-3.474784, 8.505997, 3.658000 
-3.795993, -4.754013, 3.658000 
#OKS At  5200 : After 4 points 
2.799849, -4.917385, 3.758000 
3.107141, 8.379011, 3.758000 
-3.474796, 8.505509, 3.758000 
-3.795993, -4.754013, 3.758000 
#OKS At  5300 : After 4 points 
2.799068, -4.917365, 3.858000 
3.106349, 8.378538, 3.858000 
-3.474808, 8.505020, 3.858000 
-3.795993, -4.754013, 3.858000 
#OKS At  5400 : After 4 points 
2.798288, -4.917346, 3.958000 
3.105557, 8.378064, 3.958000 
-3.474820, 8.504532, 3.958000 
-3.795993, -4.754013, 3.958000 
#OKS At  5500 : After 4 points 
2.797507, -4.917327, 4.058000 
3.104765, 8.377591, 4.058000 
-3.474832, 8.504043, 4.058000 
-3.795993, -4.754013, 4.058000 
#OKS At  5600 : After 4 points 
2.796726, -4.917307, 4.158000 
3.103973, 8.377117, 4.158000 
-3.474844, 8.503555, 4.158000 
-3.795993, -4.754013, 4.158000 
#OKS At  5700 : After 4 points 
2.795946, -4.917288, 4.258000 
3.103181, 8.376644, 4.258000 
-3.474855, 8.503067, 4.258000 
-3.795993, -4.754013, 4.258000 
#OKS At  5800 : After 4 points 
2.780778, -4.916912, 4.358000 
3.095921, 8.376295, 4.358000 
-3.474867, 8.502578, 4.358000 
-3.795993, -4.754013, 4.358000 
#OKS At  5900 : After 4 points 
2.745635, -4.916042, 4.458000 
3.060762, 8.376482, 4.458000 
-3.474879, 8.502090, 4.458000 
-3.795993, -4.754013, 4.458000 
#OKS At  6000 : After 4 points 
2.710492, -4.915172, 4.558000 
3.025603, 8.376669, 4.558000 
-3.474891, 8.501601, 4.558000 
-3.795993, -4.754013, 4.558000 
#OKS At  6100 : After 4 points 
2.675349, -4.914301, 4.658000 
2.990444, 8.376856, 4.658000 
-3.474903, 8.501113, 4.658000 
-3.795993, -4.754013, 4.658000 
#OKS At  6200 : After 4 points 
2.640207, -4.913431, 4.758000 
2.955285, 8.377043, 4.758000 
-3.474915, 8.500624, 4.758000 
-3.795993, -4.754013, 4.758000 
#OKS At  6300 : After 4 points 
2.605064, -4.912560, 4.858000 
2.920126, 8.377230, 4.858000 
-3.474926, 8.500136, 4.858000 
-3.795993, -4.754013, 4.858000 
#OKS At  6400 : After 4 points 
2.569921, -4.911690, 4.958000 
2.884968, 8.377417, 4.958000 
-3.474938, 8.499648, 4.958000 
-3.795993, -4.754013, 4.958000 
#OKS At  6500 : After 4 points 
2.534778, -4.910819, 5.058000 
2.849809, 8.377604, 5.058000 
-3.474950, 8.499159, 5.058000 
-3.795993, -4.754013, 5.058000 
#OKS At  6600 : After 4 points 
2.499636, -4.909949, 5.158000 
2.814650, 8.377791, 5.158000 
-3.474962, 8.498671, 5.158000 
-3.795993, -4.754013, 5.158000 
#OKS At  6700 : After 4 points 
2.464493, -4.909078, 5.258000 
2.779491, 8.377978, 5.258000 
-3.474974, 8.498182, 5.258000 
-3.795993, -4.754013, 5.258000 
#OKS At  6800 : After 5 points 
2.576130, 1.283154, 5.358000 
1.562775, -4.886744, 5.358000 
-3.795993, -4.754013, 5.358000 
-3.474986, 8.497694, 5.358000 
2.744332, 8.378165, 5.358000 
#OKS At  6900 : After 4 points 
1.143785, -4.876366, 5.458000 
1.451446, 8.402525, 5.458000 
-3.474997, 8.497206, 5.458000 
-3.795993, -4.754013, 5.458000 
#OKS At  7000 : After 4 points 
1.142926, -4.876345, 5.558000 
1.450575, 8.402053, 5.558000 
-3.475009, 8.496717, 5.558000 
-3.795993, -4.754013, 5.558000 
#OKS At  7100 : After 4 points 
1.142066, -4.876323, 5.658000 
1.449704, 8.401581, 5.658000 
-3.475021, 8.496229, 5.658000 
-3.795993, -4.754013, 5.658000 
#OKS At  7200 : After 4 points 
1.141206, -4.876302, 5.758000 
1.448833, 8.401109, 5.758000 
-3.475033, 8.495740, 5.758000 
-3.795993, -4.754013, 5.758000 
#OKS At  7300 : After 4 points 
1.140347, -4.876281, 5.858000 
1.447962, 8.400637, 5.858000 
-3.475045, 8.495252, 5.858000 
-3.795993, -4.754013, 5.858000 
#OKS At  7400 : After 4 points 
1.139487, -4.876259, 5.958000 
1.447091, 8.400165, 5.958000 
-3.475057, 8.494763, 5.958000 
-3.795993, -4.754013, 5.958000 
#OKS At  7500 : After 4 points 
1.138627, -4.876238, 6.058000 
1.446219, 8.399693, 6.058000 
-3.475068, 8.494275, 6.058000 
-3.795993, -4.754013, 6.058000 
#OKS At  7600 : After 4 points 
1.137768, -4.876217, 6.158000 
1.445348, 8.399221, 6.158000 
-3.475080, 8.493787, 6.158000 
-3.795993, -4.754013, 6.158000 
#OKS At  7700 : After 4 points 
1.136908, -4.876196, 6.258000 
1.444477, 8.398749, 6.258000 
-3.475092, 8.493298, 6.258000 
-3.795993, -4.754013, 6.258000 
#OKS At  7800 : After 4 points 
1.136048, -4.876174, 6.358000 
1.443606, 8.398277, 6.358000 
-3.475104, 8.492810, 6.358000 
-3.795993, -4.754013, 6.358000 
#OKS At  7900 : After 4 points 
1.135189, -4.876153, 6.458000 
1.442735, 8.397806, 6.458000 
-3.475116, 8.492321, 6.458000 
-3.795993, -4.754013, 6.458000 
#OKS At  8000 : After 4 points 
1.134329, -4.876132, 6.558000 
1.441864, 8.397334, 6.558000 
-3.475127, 8.491833, 6.558000 
-3.795993, -4.754013, 6.558000 
#OKS At  8100 : After 4 points 
1.133469, -4.876110, 6.658000 
1.440993, 8.396862, 6.658000 
-3.475139, 8.491344, 6.658000 
-3.795993, -4.754013, 6.658000 
#OKS At  8200 : After 4 points 
1.132610, -4.876089, 6.758000 
1.440122, 8.396390, 6.758000 
-3.475151, 8.490856, 6.758000 
-3.795993, -4.754013, 6.758000 
#OKS At  8300 : After 4 points 
1.439251, 8.395918, 6.858000 
1.292482, 2.061239, 6.858000 
-3.634726, 1.903371, 6.858000 
-3.475163, 8.490368, 6.858000 
