     5             0.000004 
     6             0.000083 
     7             0.000389 
     8             0.001094 
     9             0.002372 
    10             0.004384 
    11             0.007215 
    12             0.010875 
    13             0.015363 
    14             0.020617 
    15             0.026359 
    16             0.032243 
    17             0.038131 
    18             0.044021 
    19             0.049913 
    20             0.055807 
    21             0.061702 
    22             0.067600 
    23             0.073499 
    24             0.079400 
    25             0.085302 
    26             0.091207 
    27             0.097113 
    28             0.103021 
    29             0.108931 
    30             0.114843 
    31             0.120757 
    32             0.126672 
    33             0.132589 
    34             0.138508 
    35             0.144429 
    36             0.150352 
    37             0.156276 
    38             0.162203 
    39             0.168131 
    40             0.174061 
    41             0.179992 
    42             0.185926 
    43             0.191861 
    44             0.197798 
    45             0.203737 
    46             0.209678 
    47             0.215621 
    48             0.221565 
    49             0.227511 
    50             0.233459 
    51             0.239409 
    52             0.245361 
    53             0.251314 
    54             0.257269 
    55             0.263227 
    56             0.269185 
    57             0.275146 
    58             0.281109 
    59             0.287073 
    60             0.293039 
    61             0.299007 
    62             0.304977 
    63             0.310948 
    64             0.316922 
    65             0.322897 
    66             0.328874 
    67             0.334853 
    68             0.340833 
    69             0.346816 
    70             0.352800 
    71             0.358786 
    72             0.364774 
    73             0.370764 
    74             0.376755 
    75             0.382749 
    76             0.388744 
    77             0.394741 
    78             0.400740 
    79             0.406740 
    80             0.412742 
    81             0.418747 
    82             0.424753 
    83             0.430760 
    84             0.436770 
    85             0.442782 
    86             0.448795 
    87             0.454810 
    88             0.460827 
    89             0.466845 
    90             0.472866 
    91             0.478888 
    92             0.484912 
    93             0.490938 
    94             0.496966 
    95             0.502996 
    96             0.509027 
    97             0.515060 
    98             0.521095 
    99             0.527132 
   100             0.533171 
   101             0.539211 
   102             0.545253 
   103             0.551297 
   104             0.557343 
   105             0.563391 
   106             0.569440 
   107             0.575492 
   108             0.581545 
   109             0.587600 
   110             0.593656 
   111             0.599715 
   112             0.605775 
   113             0.611838 
   114             0.617902 
   115             0.623967 
   116             0.630035 
   117             0.636104 
   118             0.642176 
   119             0.648249 
   120             0.654323 
   121             0.660400 
   122             0.666479 
   123             0.672559 
   124             0.678641 
   125             0.684725 
   126             0.690811 
   127             0.696898 
   128             0.702988 
   129             0.709079 
   130             0.715172 
   131             0.721266 
   132             0.727363 
   133             0.733461 
   134             0.739562 
   135             0.745664 
   136             0.751768 
   137             0.757873 
   138             0.763981 
   139             0.770090 
   140             0.776201 
   141             0.782314 
   142             0.788429 
   143             0.794545 
   144             0.800664 
   145             0.806784 
   146             0.812906 
   147             0.819029 
   148             0.825155 
   149             0.831282 
   150             0.837412 
   151             0.843543 
   152             0.849675 
   153             0.855810 
   154             0.861947 
   155             0.868085 
   156             0.874225 
   157             0.880367 
   158             0.886511 
   159             0.892656 
   160             0.898803 
   161             0.904952 
   162             0.911103 
   163             0.917256 
   164             0.923411 
   165             0.929567 
   166             0.935725 
   167             0.941885 
   168             0.948047 
   169             0.954211 
   170             0.960376 
   171             0.966543 
   172             0.972713 
   173             0.978883 
   174             0.985056 
   175             0.991231 
   176             0.997407 
   177             1.003585 
   178             1.009765 
   179             1.015947 
   180             1.022130 
   181             1.028316 
   182             1.034503 
   183             1.040692 
   184             1.046883 
   185             1.053075 
   186             1.059270 
   187             1.065466 
   188             1.071664 
   189             1.077864 
   190             1.084065 
   191             1.090269 
   192             1.096474 
   193             1.102681 
   194             1.108890 
   195             1.115101 
   196             1.121314 
   197             1.127528 
   198             1.133744 
   199             1.139962 
   200             1.146182 
   201             1.152403 
   202             1.158627 
   203             1.164852 
   204             1.171079 
   205             1.177308 
   206             1.183539 
   207             1.189771 
   208             1.196005 
   209             1.202241 
   210             1.208479 
   211             1.214719 
   212             1.220960 
   213             1.227204 
   214             1.233449 
   215             1.239696 
   216             1.245945 
   217             1.252195 
   218             1.258448 
   219             1.264702 
   220             1.270958 
   221             1.277216 
   222             1.283475 
   223             1.289737 
   224             1.296000 
   225             1.302265 
   226             1.308532 
   227             1.314801 
   228             1.321071 
   229             1.327343 
   230             1.333618 
   231             1.339894 
   232             1.346171 
   233             1.352451 
   234             1.358732 
   235             1.365015 
   236             1.371300 
   237             1.377587 
   238             1.383876 
   239             1.390166 
   240             1.396459 
   241             1.402753 
   242             1.409048 
   243             1.415346 
   244             1.421646 
   245             1.427947 
   246             1.434250 
   247             1.440555 
   248             1.446862 
   249             1.453170 
   250             1.459481 
   251             1.465793 
   252             1.472107 
   253             1.478422 
   254             1.484740 
   255             1.491059 
   256             1.497381 
   257             1.503704 
   258             1.510029 
   259             1.516355 
   260             1.522684 
   261             1.529014 
   262             1.535346 
   263             1.541680 
   264             1.548016 
   265             1.554353 
   266             1.560692 
   267             1.567034 
   268             1.573377 
   269             1.579721 
   270             1.586068 
   271             1.592416 
   272             1.598767 
   273             1.605119 
   274             1.611472 
   275             1.617828 
   276             1.624185 
   277             1.630545 
   278             1.636906 
   279             1.643269 
   280             1.649633 
   281             1.656000 
   282             1.662368 
   283             1.668738 
   284             1.675110 
   285             1.681484 
   286             1.687859 
   287             1.694237 
   288             1.700616 
   289             1.706997 
   290             1.713380 
   291             1.719764 
   292             1.726151 
   293             1.732539 
   294             1.738929 
   295             1.745321 
   296             1.751715 
   297             1.758110 
   298             1.764507 
   299             1.770906 
   300             1.777307 
   301             1.783710 
   302             1.790115 
   303             1.796521 
   304             1.802929 
   305             1.809339 
   306             1.815751 
   307             1.822164 
   308             1.828580 
   309             1.834997 
   310             1.841416 
   311             1.847837 
   312             1.854260 
   313             1.860684 
   314             1.867110 
   315             1.873538 
   316             1.879968 
   317             1.886400 
   318             1.892833 
   319             1.899269 
   320             1.905706 
   321             1.912145 
   322             1.918586 
   323             1.925028 
   324             1.931472 
   325             1.937919 
   326             1.944367 
   327             1.950816 
   328             1.957268 
   329             1.963722 
   330             1.970177 
   331             1.976634 
   332             1.983093 
   333             1.989553 
   334             1.996016 
   335             2.002480 
   336             2.008946 
   337             2.015414 
   338             2.021884 
   339             2.028355 
   340             2.034829 
   341             2.041304 
   342             2.047781 
   343             2.054260 
   344             2.060740 
   345             2.067223 
   346             2.073707 
   347             2.080193 
   348             2.086681 
   349             2.093170 
   350             2.099662 
   351             2.106155 
   352             2.112650 
   353             2.119147 
   354             2.125646 
   355             2.132146 
   356             2.138649 
   357             2.145153 
   358             2.151659 
   359             2.158166 
   360             2.164676 
   361             2.171187 
   362             2.177701 
   363             2.184215 
   364             2.190732 
   365             2.197251 
   366             2.203771 
   367             2.210294 
   368             2.216818 
   369             2.223344 
   370             2.229871 
   371             2.236401 
   372             2.242932 
   373             2.249465 
   374             2.256000 
   375             2.262537 
   376             2.269075 
   377             2.275616 
   378             2.282158 
   379             2.288702 
   380             2.295247 
   381             2.301795 
   382             2.308344 
   383             2.314896 
   384             2.321449 
   385             2.328004 
   386             2.334560 
   387             2.341119 
   388             2.347679 
   389             2.354241 
   390             2.360805 
   391             2.367371 
   392             2.373938 
   393             2.380507 
   394             2.387078 
   395             2.393651 
   396             2.400226 
   397             2.406803 
   398             2.413381 
   399             2.419961 
   400             2.426543 
   401             2.433127 
   402             2.439713 
   403             2.446300 
   404             2.452889 
   405             2.459480 
   406             2.466073 
   407             2.472668 
   408             2.479264 
   409             2.485863 
   410             2.492463 
   411             2.499065 
   412             2.505668 
   413             2.512274 
   414             2.518881 
   415             2.525490 
   416             2.532101 
   417             2.538714 
   418             2.545329 
   419             2.551945 
   420             2.558563 
   421             2.565183 
   422             2.571805 
   423             2.578429 
   424             2.585054 
   425             2.591682 
   426             2.598311 
   427             2.604941 
   428             2.611574 
   429             2.618209 
   430             2.624845 
   431             2.631483 
   432             2.638123 
   433             2.644765 
   434             2.651408 
   435             2.658054 
   436             2.664701 
   437             2.671350 
   438             2.678001 
   439             2.684653 
   440             2.691308 
   441             2.697964 
   442             2.704622 
   443             2.711282 
   444             2.717943 
   445             2.724607 
   446             2.731272 
   447             2.737939 
   448             2.744608 
   449             2.751279 
   450             2.757951 
   451             2.764626 
   452             2.771302 
   453             2.777980 
   454             2.784659 
   455             2.791341 
   456             2.798024 
   457             2.804710 
   458             2.811397 
   459             2.818085 
   460             2.824776 
   461             2.831468 
   462             2.838163 
   463             2.844859 
   464             2.851557 
   465             2.858256 
   466             2.864958 
   467             2.871661 
   468             2.878366 
   469             2.885073 
   470             2.891782 
   471             2.898492 
   472             2.905205 
   473             2.911919 
   474             2.918635 
   475             2.925353 
   476             2.932072 
   477             2.938794 
   478             2.945517 
   479             2.952242 
   480             2.958969 
   481             2.965697 
   482             2.972428 
   483             2.979160 
   484             2.985894 
   485             2.992630 
   486             2.999368 
   487             3.006107 
   488             3.012848 
   489             3.019592 
   490             3.026337 
   491             3.033083 
   492             3.039832 
   493             3.046582 
   494             3.053334 
   495             3.060088 
   496             3.066844 
   497             3.073602 
   498             3.080361 
   499             3.087122 
   500             3.093885 
   501             3.100650 
   502             3.107417 
   503             3.114185 
   504             3.120956 
   505             3.127728 
   506             3.134502 
   507             3.141277 
   508             3.148055 
   509             3.154834 
   510             3.161615 
   511             3.168398 
   512             3.175183 
   513             3.181970 
   514             3.188758 
   515             3.195548 
   516             3.202340 
   517             3.209134 
   518             3.215930 
   519             3.222727 
   520             3.229526 
   521             3.236327 
   522             3.243130 
   523             3.249935 
   524             3.256741 
   525             3.263549 
   526             3.270360 
   527             3.277171 
   528             3.283985 
   529             3.290801 
   530             3.297618 
   531             3.304437 
   532             3.311258 
   533             3.318081 
   534             3.324905 
   535             3.331731 
   536             3.338559 
   537             3.345389 
   538             3.352221 
   539             3.359054 
   540             3.365890 
   541             3.372727 
   542             3.379566 
   543             3.386406 
   544             3.393249 
   545             3.400093 
   546             3.406939 
   547             3.413787 
   548             3.420636 
   549             3.427488 
   550             3.434341 
   551             3.441196 
   552             3.448053 
   553             3.454911 
   554             3.461772 
   555             3.468634 
   556             3.475498 
   557             3.482363 
   558             3.489231 
   559             3.496100 
   560             3.502971 
   561             3.509844 
   562             3.516718 
   563             3.523595 
   564             3.530473 
   565             3.537353 
   566             3.544235 
   567             3.551118 
   568             3.558003 
   569             3.564890 
   570             3.571779 
   571             3.578670 
   572             3.585562 
   573             3.592456 
   574             3.599352 
   575             3.606250 
   576             3.613149 
   577             3.620050 
   578             3.626953 
   579             3.633858 
   580             3.640765 
   581             3.647673 
   582             3.654583 
   583             3.661495 
   584             3.668408 
   585             3.675324 
   586             3.682241 
   587             3.689160 
   588             3.696080 
   589             3.703003 
   590             3.709927 
   591             3.716853 
   592             3.723781 
   593             3.730710 
   594             3.737641 
   595             3.744574 
   596             3.751509 
   597             3.758445 
   598             3.765383 
   599             3.772323 
   600             3.779265 
   601             3.786209 
   602             3.793154 
   603             3.800101 
   604             3.807050 
   605             3.814000 
   606             3.820952 
   607             3.827906 
   608             3.834862 
   609             3.841820 
   610             3.848779 
   611             3.855740 
   612             3.862702 
   613             3.869667 
   614             3.876633 
   615             3.883601 
   616             3.890571 
   617             3.897542 
   618             3.904515 
   619             3.911490 
   620             3.918467 
   621             3.925445 
   622             3.932426 
   623             3.939407 
   624             3.946391 
   625             3.953376 
   626             3.960363 
   627             3.967352 
   628             3.974343 
   629             3.981335 
   630             3.988329 
   631             3.995325 
   632             4.002322 
   633             4.009322 
   634             4.016323 
   635             4.023325 
   636             4.030330 
   637             4.037336 
   638             4.044344 
   639             4.051353 
   640             4.058365 
   641             4.065378 
   642             4.072393 
   643             4.079409 
   644             4.086427 
   645             4.093447 
   646             4.100469 
   647             4.107492 
   648             4.114517 
   649             4.121544 
   650             4.128573 
   651             4.135603 
   652             4.142635 
   653             4.149669 
   654             4.156704 
   655             4.163741 
   656             4.170780 
   657             4.177821 
   658             4.184863 
   659             4.191907 
   660             4.198953 
   661             4.206000 
   662             4.213049 
   663             4.220100 
   664             4.227153 
   665             4.234207 
   666             4.241263 
   667             4.248321 
   668             4.255380 
   669             4.262441 
   670             4.269504 
   671             4.276568 
   672             4.283635 
   673             4.290703 
   674             4.297772 
   675             4.304844 
   676             4.311917 
   677             4.318991 
   678             4.326068 
   679             4.333146 
   680             4.340226 
   681             4.347307 
   682             4.354390 
   683             4.361475 
   684             4.368562 
   685             4.375650 
   686             4.382740 
   687             4.389832 
   688             4.396925 
   689             4.404020 
   690             4.411117 
   691             4.418216 
   692             4.425316 
   693             4.432418 
   694             4.439521 
   695             4.446626 
   696             4.453733 
   697             4.460842 
   698             4.467952 
   699             4.475064 
   700             4.482178 
   701             4.489293 
   702             4.496410 
   703             4.503529 
   704             4.510649 
   705             4.517771 
   706             4.524895 
   707             4.532021 
   708             4.539148 
   709             4.546277 
   710             4.553407 
   711             4.560539 
   712             4.567673 
   713             4.574809 
   714             4.581946 
   715             4.589085 
   716             4.596225 
   717             4.603367 
   718             4.610511 
   719             4.617657 
   720             4.624804 
   721             4.631953 
   722             4.639104 
   723             4.646256 
   724             4.653410 
   725             4.660565 
   726             4.667723 
   727             4.674881 
   728             4.682042 
   729             4.689204 
   730             4.696368 
   731             4.703534 
   732             4.710701 
   733             4.717870 
   734             4.725040 
   735             4.732213 
   736             4.739387 
   737             4.746562 
   738             4.753739 
   739             4.760918 
   740             4.768099 
   741             4.775281 
   742             4.782465 
   743             4.789650 
   744             4.796837 
   745             4.804026 
   746             4.811217 
   747             4.818409 
   748             4.825602 
   749             4.832798 
   750             4.839995 
   751             4.847194 
   752             4.854394 
   753             4.861596 
   754             4.868800 
   755             4.876005 
   756             4.883212 
   757             4.890420 
   758             4.897631 
   759             4.904843 
   760             4.912056 
   761             4.919271 
   762             4.926488 
   763             4.933707 
   764             4.940927 
   765             4.948148 
   766             4.955372 
   767             4.962597 
   768             4.969823 
   769             4.977052 
   770             4.984282 
   771             4.991513 
   772             4.998746 
   773             5.005981 
   774             5.013218 
   775             5.020456 
   776             5.027696 
   777             5.034937 
   778             5.042180 
   779             5.049425 
   780             5.056671 
   781             5.063919 
   782             5.071168 
   783             5.078420 
   784             5.085672 
   785             5.092927 
   786             5.100183 
   787             5.107440 
   788             5.114700 
   789             5.121961 
   790             5.129223 
   791             5.136487 
   792             5.143753 
   793             5.151021 
   794             5.158290 
   795             5.165560 
   796             5.172832 
   797             5.180106 
   798             5.187382 
   799             5.194659 
   800             5.201938 
   801             5.209218 
   802             5.216500 
   803             5.223784 
   804             5.231069 
   805             5.238356 
   806             5.245644 
   807             5.252934 
   808             5.260226 
   809             5.267519 
   810             5.274814 
   811             5.282110 
   812             5.289408 
   813             5.296708 
   814             5.304009 
   815             5.311312 
   816             5.318617 
   817             5.325923 
   818             5.333231 
   819             5.340540 
   820             5.347851 
   821             5.355163 
   822             5.362478 
   823             5.369793 
   824             5.377111 
   825             5.384430 
   826             5.391750 
   827             5.399072 
   828             5.406396 
   829             5.413721 
   830             5.421048 
   831             5.428377 
   832             5.435707 
   833             5.443039 
   834             5.450372 
   835             5.457707 
   836             5.465043 
   837             5.472381 
   838             5.479721 
   839             5.487062 
   840             5.494405 
   841             5.501749 
   842             5.509096 
   843             5.516443 
   844             5.523792 
   845             5.531143 
   846             5.538495 
   847             5.545849 
   848             5.553205 
   849             5.560562 
   850             5.567921 
   851             5.575281 
   852             5.582643 
   853             5.590006 
   854             5.597371 
   855             5.604738 
   856             5.612106 
   857             5.619476 
   858             5.626847 
   859             5.634220 
   860             5.641595 
   861             5.648971 
   862             5.656348 
   863             5.663728 
   864             5.671108 
   865             5.678491 
   866             5.685875 
   867             5.693260 
   868             5.700647 
   869             5.708036 
   870             5.715426 
   871             5.722818 
   872             5.730211 
   873             5.737606 
   874             5.745002 
   875             5.752400 
   876             5.759800 
   877             5.767201 
   878             5.774604 
   879             5.782008 
   880             5.789414 
   881             5.796822 
   882             5.804231 
   883             5.811641 
   884             5.819053 
   885             5.826467 
   886             5.833882 
   887             5.841299 
   888             5.848717 
   889             5.856137 
   890             5.863558 
   891             5.870981 
   892             5.878406 
   893             5.885832 
   894             5.893260 
   895             5.900689 
   896             5.908120 
   897             5.915552 
   898             5.922986 
   899             5.930421 
   900             5.937858 
   901             5.945297 
   902             5.952737 
   903             5.960178 
   904             5.967621 
   905             5.975066 
   906             5.982512 
   907             5.989960 
   908             5.997409 
   909             6.004860 
   910             6.012313 
   911             6.019766 
   912             6.027222 
   913             6.034679 
   914             6.042137 
   915             6.049598 
   916             6.057059 
   917             6.064522 
   918             6.071987 
   919             6.079453 
   920             6.086921 
   921             6.094390 
   922             6.101861 
   923             6.109334 
   924             6.116807 
   925             6.124283 
   926             6.131760 
   927             6.139238 
   928             6.146718 
   929             6.154200 
   930             6.161683 
   931             6.169167 
   932             6.176654 
   933             6.184141 
   934             6.191630 
   935             6.199121 
   936             6.206613 
   937             6.214107 
   938             6.221602 
   939             6.229099 
   940             6.236597 
   941             6.244097 
   942             6.251599 
   943             6.259101 
   944             6.266606 
   945             6.274112 
   946             6.281619 
   947             6.289128 
   948             6.296639 
   949             6.304151 
   950             6.311664 
   951             6.319179 
   952             6.326695 
   953             6.334213 
   954             6.341733 
   955             6.349254 
   956             6.356777 
   957             6.364301 
   958             6.371826 
   959             6.379353 
   960             6.386882 
   961             6.394412 
   962             6.401943 
   963             6.409477 
   964             6.417011 
   965             6.424547 
   966             6.432085 
   967             6.439624 
   968             6.447165 
   969             6.454707 
   970             6.462250 
   971             6.469795 
   972             6.477342 
   973             6.484890 
   974             6.492440 
   975             6.499991 
   976             6.507543 
   977             6.515097 
   978             6.522653 
   979             6.530210 
   980             6.537769 
   981             6.545329 
   982             6.552890 
   983             6.560453 
   984             6.568018 
   985             6.575584 
   986             6.583151 
   987             6.590720 
   988             6.598291 
   989             6.605863 
   990             6.613436 
   991             6.621011 
   992             6.628588 
   993             6.636166 
   994             6.643745 
   995             6.651326 
   996             6.658908 
   997             6.666492 
   998             6.674077 
   999             6.681664 
  1000             6.689253 
  1001             6.696842 
  1002             6.704434 
  1003             6.712026 
  1004             6.719620 
  1005             6.727216 
  1006             6.734813 
  1007             6.742412 
  1008             6.750012 
  1009             6.757614 
  1010             6.765217 
  1011             6.772821 
  1012             6.780427 
  1013             6.788035 
  1014             6.795644 
  1015             6.803254 
  1016             6.810866 
  1017             6.818479 
  1018             6.826094 
  1019             6.833710 
  1020             6.841328 
  1021             6.848947 
  1022             6.856568 
  1023             6.864190 
  1024             6.871814 
  1025             6.879439 
  1026             6.887065 
  1027             6.894693 
  1028             6.902322 
  1029             6.909953 
  1030             6.917586 
  1031             6.925220 
  1032             6.932855 
  1033             6.940492 
  1034             6.948130 
  1035             6.955769 
  1036             6.963410 
  1037             6.971053 
  1038             6.978697 
  1039             6.986342 
  1040             6.993989 
  1041             7.001638 
  1042             7.009287 
  1043             7.016939 
  1044             7.024591 
  1045             7.032246 
  1046             7.039901 
  1047             7.047558 
  1048             7.055217 
  1049             7.062877 
  1050             7.070538 
  1051             7.078201 
  1052             7.085865 
  1053             7.093531 
  1054             7.101198 
  1055             7.108867 
  1056             7.116537 
  1057             7.124208 
  1058             7.131881 
  1059             7.139555 
  1060             7.147231 
  1061             7.154908 
  1062             7.162587 
  1063             7.170267 
  1064             7.177949 
  1065             7.185632 
  1066             7.193316 
  1067             7.201002 
  1068             7.208689 
  1069             7.216378 
  1070             7.224068 
  1071             7.231760 
  1072             7.239453 
  1073             7.247147 
  1074             7.254843 
  1075             7.262540 
  1076             7.270239 
  1077             7.277939 
  1078             7.285641 
  1079             7.293344 
  1080             7.301048 
  1081             7.308754 
  1082             7.316461 
  1083             7.324170 
  1084             7.331880 
  1085             7.339592 
  1086             7.347305 
  1087             7.355019 
  1088             7.362735 
  1089             7.370452 
  1090             7.378171 
  1091             7.385891 
  1092             7.393612 
  1093             7.401335 
  1094             7.409059 
  1095             7.416785 
  1096             7.424512 
  1097             7.432241 
  1098             7.439971 
  1099             7.447702 
  1100             7.455435 
  1101             7.463169 
  1102             7.470904 
  1103             7.478641 
  1104             7.486380 
  1105             7.494120 
  1106             7.501861 
  1107             7.509603 
  1108             7.517347 
  1109             7.525093 
  1110             7.532840 
  1111             7.540588 
  1112             7.548338 
  1113             7.556089 
  1114             7.563841 
  1115             7.571595 
  1116             7.579350 
  1117             7.587107 
  1118             7.594865 
  1119             7.602624 
  1120             7.610385 
  1121             7.618147 
  1122             7.625911 
  1123             7.633676 
  1124             7.641442 
  1125             7.649210 
  1126             7.656979 
  1127             7.664750 
  1128             7.672522 
  1129             7.680295 
  1130             7.688070 
  1131             7.695846 
  1132             7.703624 
  1133             7.711403 
  1134             7.719183 
  1135             7.726965 
  1136             7.734748 
  1137             7.742532 
  1138             7.750318 
  1139             7.758106 
  1140             7.765894 
  1141             7.773684 
  1142             7.781476 
  1143             7.789268 
  1144             7.797063 
  1145             7.804858 
  1146             7.812655 
  1147             7.820453 
  1148             7.828253 
  1149             7.836054 
  1150             7.843856 
  1151             7.851660 
  1152             7.859465 
  1153             7.867272 
  1154             7.875080 
  1155             7.882889 
  1156             7.890699 
  1157             7.898511 
  1158             7.906325 
  1159             7.914139 
  1160             7.921955 
  1161             7.929773 
  1162             7.937592 
  1163             7.945412 
  1164             7.953233 
  1165             7.961056 
  1166             7.968880 
  1167             7.976706 
  1168             7.984533 
  1169             7.992361 
  1170             8.000191 
  1171             8.008022 
  1172             8.015854 
  1173             8.023688 
  1174             8.031523 
  1175             8.039359 
  1176             8.047197 
  1177             8.055036 
  1178             8.062876 
  1179             8.070718 
  1180             8.078561 
  1181             8.086406 
  1182             8.094252 
  1183             8.102099 
  1184             8.109947 
  1185             8.117797 
  1186             8.125649 
  1187             8.133501 
  1188             8.141355 
  1189             8.149210 
  1190             8.157067 
  1191             8.164925 
  1192             8.172784 
  1193             8.180645 
  1194             8.188507 
  1195             8.196370 
  1196             8.204235 
  1197             8.212101 
  1198             8.219969 
  1199             8.227837 
  1200             8.235708 
  1201             8.243579 
  1202             8.251452 
  1203             8.259326 
  1204             8.267202 
  1205             8.275078 
  1206             8.282957 
  1207             8.290836 
  1208             8.298717 
  1209             8.306599 
  1210             8.314483 
  1211             8.322368 
  1212             8.330254 
  1213             8.338141 
  1214             8.346030 
  1215             8.353921 
  1216             8.361812 
  1217             8.369705 
  1218             8.377599 
  1219             8.385495 
  1220             8.393392 
  1221             8.401290 
  1222             8.409190 
  1223             8.417091 
  1224             8.424993 
  1225             8.432897 
  1226             8.440802 
  1227             8.448708 
  1228             8.456616 
  1229             8.464525 
  1230             8.472435 
  1231             8.480346 
  1232             8.488259 
  1233             8.496174 
  1234             8.504089 
  1235             8.512006 
  1236             8.519925 
  1237             8.527844 
  1238             8.535765 
  1239             8.543688 
  1240             8.551611 
  1241             8.559536 
  1242             8.567463 
  1243             8.575390 
  1244             8.583319 
  1245             8.591249 
  1246             8.599181 
  1247             8.607114 
  1248             8.615048 
  1249             8.622984 
  1250             8.630921 
  1251             8.638859 
  1252             8.646799 
  1253             8.654740 
  1254             8.662682 
  1255             8.670626 
  1256             8.678570 
  1257             8.686517 
  1258             8.694464 
  1259             8.702413 
  1260             8.710363 
  1261             8.718315 
  1262             8.726268 
  1263             8.734222 
  1264             8.742177 
  1265             8.750134 
  1266             8.758092 
  1267             8.766052 
  1268             8.774013 
  1269             8.781975 
  1270             8.789938 
  1271             8.797903 
  1272             8.805869 
  1273             8.813837 
  1274             8.821805 
  1275             8.829775 
  1276             8.837747 
  1277             8.845719 
  1278             8.853693 
  1279             8.861669 
  1280             8.869645 
  1281             8.877623 
  1282             8.885603 
  1283             8.893583 
  1284             8.901565 
  1285             8.909548 
  1286             8.917533 
  1287             8.925519 
  1288             8.933506 
  1289             8.941494 
  1290             8.949484 
  1291             8.957475 
  1292             8.965468 
  1293             8.973462 
  1294             8.981457 
  1295             8.989453 
  1296             8.997451 
  1297             9.005450 
  1298             9.013450 
  1299             9.021452 
  1300             9.029455 
  1301             9.037459 
  1302             9.045465 
  1303             9.053471 
  1304             9.061480 
  1305             9.069489 
  1306             9.077500 
  1307             9.085512 
  1308             9.093525 
  1309             9.101540 
  1310             9.109556 
  1311             9.117574 
  1312             9.125592 
  1313             9.133612 
  1314             9.141634 
  1315             9.149656 
  1316             9.157680 
  1317             9.165705 
  1318             9.173732 
  1319             9.181760 
  1320             9.189789 
  1321             9.197819 
  1322             9.205851 
  1323             9.213884 
  1324             9.221918 
  1325             9.229954 
  1326             9.237991 
  1327             9.246029 
  1328             9.254069 
  1329             9.262109 
  1330             9.270152 
  1331             9.278195 
  1332             9.286240 
  1333             9.294286 
  1334             9.302333 
  1335             9.310382 
  1336             9.318432 
  1337             9.326483 
  1338             9.334536 
  1339             9.342590 
  1340             9.350645 
  1341             9.358701 
  1342             9.366759 
  1343             9.374818 
  1344             9.382878 
  1345             9.390940 
  1346             9.399003 
  1347             9.407067 
  1348             9.415133 
  1349             9.423200 
  1350             9.431268 
  1351             9.439337 
  1352             9.447408 
  1353             9.455480 
  1354             9.463553 
  1355             9.471628 
  1356             9.479704 
  1357             9.487781 
  1358             9.495859 
  1359             9.503939 
  1360             9.512020 
  1361             9.520103 
  1362             9.528186 
  1363             9.536271 
  1364             9.544357 
  1365             9.552445 
  1366             9.560534 
  1367             9.568624 
  1368             9.576715 
  1369             9.584808 
  1370             9.592902 
  1371             9.600997 
  1372             9.609094 
  1373             9.617191 
  1374             9.625291 
  1375             9.633391 
  1376             9.641493 
  1377             9.649596 
  1378             9.657700 
  1379             9.665805 
  1380             9.673912 
  1381             9.682020 
  1382             9.690130 
  1383             9.698241 
  1384             9.706353 
  1385             9.714466 
  1386             9.722580 
  1387             9.730696 
  1388             9.738813 
  1389             9.746932 
  1390             9.755051 
  1391             9.763172 
  1392             9.771295 
  1393             9.779418 
  1394             9.787543 
  1395             9.795669 
  1396             9.803796 
  1397             9.811925 
  1398             9.820055 
  1399             9.828186 
  1400             9.836319 
  1401             9.844452 
  1402             9.852587 
  1403             9.860724 
  1404             9.868861 
  1405             9.877000 
  1406             9.885140 
  1407             9.893282 
  1408             9.901424 
  1409             9.909568 
  1410             9.917714 
  1411             9.925860 
  1412             9.934008 
  1413             9.942157 
  1414             9.950307 
  1415             9.958459 
  1416             9.966612 
  1417             9.974766 
  1418             9.982922 
  1419             9.991078 
  1420             9.999236 
  1421            10.007396 
  1422            10.015556 
  1423            10.023718 
  1424            10.031881 
  1425            10.040045 
  1426            10.048211 
  1427            10.056378 
  1428            10.064546 
  1429            10.072716 
  1430            10.080886 
  1431            10.089058 
  1432            10.097231 
  1433            10.105406 
  1434            10.113582 
  1435            10.121759 
  1436            10.129937 
  1437            10.138117 
  1438            10.146297 
  1439            10.154480 
  1440            10.162663 
  1441            10.170848 
  1442            10.179033 
  1443            10.187221 
  1444            10.195409 
  1445            10.203599 
  1446            10.211790 
  1447            10.219982 
  1448            10.228175 
  1449            10.236370 
  1450            10.244566 
  1451            10.252763 
  1452            10.260962 
  1453            10.269162 
  1454            10.277363 
  1455            10.285565 
  1456            10.293769 
  1457            10.301974 
  1458            10.310180 
  1459            10.318387 
  1460            10.326596 
  1461            10.334806 
  1462            10.343017 
  1463            10.351229 
  1464            10.359443 
  1465            10.367658 
  1466            10.375874 
  1467            10.384091 
  1468            10.392310 
  1469            10.400530 
  1470            10.408751 
  1471            10.416974 
  1472            10.425197 
  1473            10.433422 
  1474            10.441648 
  1475            10.449876 
  1476            10.458105 
  1477            10.466335 
  1478            10.474566 
  1479            10.482798 
  1480            10.491032 
  1481            10.499267 
  1482            10.507503 
  1483            10.515741 
  1484            10.523980 
  1485            10.532220 
  1486            10.540461 
  1487            10.548703 
  1488            10.556947 
  1489            10.565192 
  1490            10.573438 
  1491            10.581686 
  1492            10.589934 
  1493            10.598184 
  1494            10.606436 
  1495            10.614688 
  1496            10.622942 
  1497            10.631197 
  1498            10.639453 
  1499            10.647711 
  1500            10.655969 
  1501            10.664229 
  1502            10.672490 
  1503            10.680753 
  1504            10.689017 
  1505            10.697282 
  1506            10.705548 
  1507            10.713815 
  1508            10.722084 
  1509            10.730354 
  1510            10.738625 
  1511            10.746897 
  1512            10.755171 
  1513            10.763446 
  1514            10.771722 
  1515            10.779999 
  1516            10.788278 
  1517            10.796558 
  1518            10.804839 
  1519            10.813121 
  1520            10.821405 
  1521            10.829690 
  1522            10.837976 
  1523            10.846263 
  1524            10.854551 
  1525            10.862841 
  1526            10.871132 
  1527            10.879424 
  1528            10.887718 
  1529            10.896013 
  1530            10.904309 
  1531            10.912606 
  1532            10.920904 
  1533            10.929204 
  1534            10.937505 
  1535            10.945807 
  1536            10.954110 
  1537            10.962415 
  1538            10.970721 
  1539            10.979028 
  1540            10.987336 
  1541            10.995645 
  1542            11.003956 
  1543            11.012268 
  1544            11.020581 
  1545            11.028896 
  1546            11.037212 
  1547            11.045528 
  1548            11.053847 
  1549            11.062166 
  1550            11.070487 
  1551            11.078808 
  1552            11.087131 
  1553            11.095456 
  1554            11.103781 
  1555            11.112108 
  1556            11.120436 
  1557            11.128765 
  1558            11.137096 
  1559            11.145427 
  1560            11.153760 
  1561            11.162094 
  1562            11.170430 
  1563            11.178766 
  1564            11.187104 
  1565            11.195443 
  1566            11.203783 
  1567            11.212125 
  1568            11.220467 
  1569            11.228811 
  1570            11.237156 
  1571            11.245503 
  1572            11.253850 
  1573            11.262199 
  1574            11.270549 
  1575            11.278900 
  1576            11.287253 
  1577            11.295606 
  1578            11.303961 
  1579            11.312317 
  1580            11.320675 
  1581            11.329033 
  1582            11.337393 
  1583            11.345754 
  1584            11.354116 
  1585            11.362480 
  1586            11.370844 
  1587            11.379210 
  1588            11.387577 
  1589            11.395945 
  1590            11.404315 
  1591            11.412686 
  1592            11.421058 
  1593            11.429431 
  1594            11.437805 
  1595            11.446181 
  1596            11.454557 
  1597            11.462935 
  1598            11.471315 
  1599            11.479695 
  1600            11.488077 
  1601            11.496460 
  1602            11.504844 
  1603            11.513229 
  1604            11.521616 
  1605            11.530003 
  1606            11.538392 
  1607            11.546782 
  1608            11.555174 
  1609            11.563566 
  1610            11.571960 
  1611            11.580355 
  1612            11.588751 
  1613            11.597148 
  1614            11.605547 
  1615            11.613947 
  1616            11.622348 
  1617            11.630750 
  1618            11.639154 
  1619            11.647558 
  1620            11.655964 
  1621            11.664371 
  1622            11.672779 
  1623            11.681189 
  1624            11.689599 
  1625            11.698011 
  1626            11.706424 
  1627            11.714839 
  1628            11.723254 
  1629            11.731671 
  1630            11.740089 
  1631            11.748508 
  1632            11.756928 
  1633            11.765350 
  1634            11.773772 
  1635            11.782196 
  1636            11.790621 
  1637            11.799048 
  1638            11.807475 
  1639            11.815904 
  1640            11.824334 
  1641            11.832765 
  1642            11.841197 
  1643            11.849631 
  1644            11.858065 
  1645            11.866501 
  1646            11.874938 
  1647            11.883377 
  1648            11.891816 
  1649            11.900257 
  1650            11.908699 
  1651            11.917142 
  1652            11.925586 
  1653            11.934032 
  1654            11.942478 
  1655            11.950926 
  1656            11.959375 
  1657            11.967825 
  1658            11.976277 
  1659            11.984729 
  1660            11.993183 
  1661            12.001638 
  1662            12.010094 
  1663            12.018552 
  1664            12.027010 
  1665            12.035470 
  1666            12.043931 
  1667            12.052393 
  1668            12.060857 
  1669            12.069321 
  1670            12.077787 
  1671            12.086254 
  1672            12.094722 
  1673            12.103191 
  1674            12.111662 
  1675            12.120134 
  1676            12.128607 
  1677            12.137081 
  1678            12.145556 
  1679            12.154032 
  1680            12.162510 
  1681            12.170989 
  1682            12.179469 
  1683            12.187950 
  1684            12.196432 
  1685            12.204916 
  1686            12.213401 
  1687            12.221886 
  1688            12.230374 
  1689            12.238862 
  1690            12.247351 
  1691            12.255842 
  1692            12.264334 
  1693            12.272827 
  1694            12.281321 
  1695            12.289816 
  1696            12.298313 
  1697            12.306811 
  1698            12.315310 
  1699            12.323810 
  1700            12.332311 
  1701            12.340814 
  1702            12.349317 
  1703            12.357822 
  1704            12.366328 
  1705            12.374835 
  1706            12.383344 
  1707            12.391853 
  1708            12.400364 
  1709            12.408876 
  1710            12.417389 
  1711            12.425903 
  1712            12.434418 
  1713            12.442935 
  1714            12.451453 
  1715            12.459972 
  1716            12.468492 
  1717            12.477013 
  1718            12.485536 
  1719            12.494059 
  1720            12.502584 
  1721            12.511110 
  1722            12.519637 
  1723            12.528166 
  1724            12.536695 
  1725            12.545226 
  1726            12.553758 
  1727            12.562291 
  1728            12.570825 
  1729            12.579360 
  1730            12.587897 
  1731            12.596434 
  1732            12.604973 
  1733            12.613513 
  1734            12.622055 
  1735            12.630597 
  1736            12.639140 
  1737            12.647685 
  1738            12.656231 
  1739            12.664778 
  1740            12.673326 
  1741            12.681876 
  1742            12.690426 
  1743            12.698978 
  1744            12.707531 
  1745            12.716085 
  1746            12.724640 
  1747            12.733196 
  1748            12.741754 
  1749            12.750313 
  1750            12.758873 
  1751            12.767434 
  1752            12.775996 
  1753            12.784559 
  1754            12.793124 
  1755            12.801689 
  1756            12.810256 
  1757            12.818824 
  1758            12.827393 
  1759            12.835964 
  1760            12.844535 
  1761            12.853108 
  1762            12.861682 
  1763            12.870257 
  1764            12.878833 
  1765            12.887410 
  1766            12.895988 
  1767            12.904568 
  1768            12.913149 
  1769            12.921731 
  1770            12.930314 
  1771            12.938898 
  1772            12.947483 
  1773            12.956070 
  1774            12.964658 
  1775            12.973246 
  1776            12.981836 
  1777            12.990428 
  1778            12.999020 
  1779            13.007613 
  1780            13.016208 
  1781            13.024804 
  1782            13.033401 
  1783            13.041999 
  1784            13.050598 
  1785            13.059198 
  1786            13.067800 
  1787            13.076403 
  1788            13.085006 
  1789            13.093611 
  1790            13.102218 
  1791            13.110825 
  1792            13.119433 
  1793            13.128043 
  1794            13.136654 
  1795            13.145265 
  1796            13.153878 
  1797            13.162493 
  1798            13.171108 
  1799            13.179724 
  1800            13.188342 
  1801            13.196961 
  1802            13.205581 
  1803            13.214202 
  1804            13.222824 
  1805            13.231447 
  1806            13.240072 
  1807            13.248698 
  1808            13.257324 
  1809            13.265952 
  1810            13.274581 
  1811            13.283212 
  1812            13.291843 
  1813            13.300475 
  1814            13.309109 
  1815            13.317744 
  1816            13.326380 
  1817            13.335017 
  1818            13.343655 
  1819            13.352294 
  1820            13.360935 
  1821            13.369577 
  1822            13.378219 
  1823            13.386863 
  1824            13.395508 
  1825            13.404154 
  1826            13.412802 
  1827            13.421450 
  1828            13.430100 
  1829            13.438751 
  1830            13.447402 
  1831            13.456055 
  1832            13.464710 
  1833            13.473365 
  1834            13.482021 
  1835            13.490679 
  1836            13.499338 
  1837            13.507997 
  1838            13.516658 
  1839            13.525320 
  1840            13.533984 
  1841            13.542648 
  1842            13.551314 
  1843            13.559980 
  1844            13.568648 
  1845            13.577317 
  1846            13.585987 
  1847            13.594658 
  1848            13.603330 
  1849            13.612004 
  1850            13.620678 
  1851            13.629354 
  1852            13.638031 
  1853            13.646709 
  1854            13.655388 
  1855            13.664068 
  1856            13.672749 
  1857            13.681432 
  1858            13.690115 
  1859            13.698800 
  1860            13.707486 
  1861            13.716173 
  1862            13.724861 
  1863            13.733550 
  1864            13.742241 
  1865            13.750932 
  1866            13.759625 
  1867            13.768318 
  1868            13.777013 
  1869            13.785709 
  1870            13.794406 
  1871            13.803104 
  1872            13.811804 
  1873            13.820504 
  1874            13.829206 
  1875            13.837908 
  1876            13.846612 
  1877            13.855317 
  1878            13.864023 
  1879            13.872731 
  1880            13.881439 
  1881            13.890148 
  1882            13.898859 
  1883            13.907571 
  1884            13.916283 
  1885            13.924997 
  1886            13.933712 
  1887            13.942428 
  1888            13.951146 
  1889            13.959864 
  1890            13.968584 
  1891            13.977304 
  1892            13.986026 
  1893            13.994749 
  1894            14.003473 
  1895            14.012198 
  1896            14.020924 
  1897            14.029651 
  1898            14.038380 
  1899            14.047109 
  1900            14.055840 
  1901            14.064572 
  1902            14.073305 
  1903            14.082039 
  1904            14.090774 
  1905            14.099510 
  1906            14.108247 
  1907            14.116986 
  1908            14.125725 
  1909            14.134466 
  1910            14.143208 
  1911            14.151951 
  1912            14.160695 
  1913            14.169440 
  1914            14.178186 
  1915            14.186933 
  1916            14.195682 
  1917            14.204431 
  1918            14.213182 
  1919            14.221934 
  1920            14.230686 
  1921            14.239440 
  1922            14.248196 
  1923            14.256952 
  1924            14.265709 
  1925            14.274467 
  1926            14.283227 
  1927            14.291988 
  1928            14.300749 
  1929            14.309512 
  1930            14.318276 
  1931            14.327041 
  1932            14.335807 
  1933            14.344574 
  1934            14.353343 
  1935            14.362112 
  1936            14.370883 
  1937            14.379654 
  1938            14.388427 
  1939            14.397201 
  1940            14.405976 
  1941            14.414752 
  1942            14.423529 
  1943            14.432307 
  1944            14.441087 
  1945            14.449867 
  1946            14.458649 
  1947            14.467431 
  1948            14.476215 
  1949            14.485000 
  1950            14.493786 
  1951            14.502573 
  1952            14.511361 
  1953            14.520150 
  1954            14.528940 
  1955            14.537732 
  1956            14.546524 
  1957            14.555318 
  1958            14.564113 
  1959            14.572908 
  1960            14.581705 
  1961            14.590503 
  1962            14.599302 
  1963            14.608103 
  1964            14.616904 
  1965            14.625706 
  1966            14.634510 
  1967            14.643314 
  1968            14.652120 
  1969            14.660927 
  1970            14.669734 
  1971            14.678543 
  1972            14.687353 
  1973            14.696164 
  1974            14.704977 
  1975            14.713790 
  1976            14.722604 
  1977            14.731420 
  1978            14.740236 
  1979            14.749054 
  1980            14.757873 
  1981            14.766692 
  1982            14.775513 
  1983            14.784335 
  1984            14.793158 
  1985            14.801982 
  1986            14.810808 
  1987            14.819634 
  1988            14.828461 
  1989            14.837290 
  1990            14.846119 
  1991            14.854950 
  1992            14.863782 
  1993            14.872615 
  1994            14.881448 
  1995            14.890283 
  1996            14.899119 
  1997            14.907957 
  1998            14.916795 
  1999            14.925634 
  2000            14.934475 
  2001            14.943316 
  2002            14.952159 
  2003            14.961002 
  2004            14.969847 
  2005            14.978693 
  2006            14.987540 
  2007            14.996387 
  2008            15.005237 
  2009            15.014087 
  2010            15.022938 
  2011            15.031790 
  2012            15.040643 
  2013            15.049498 
  2014            15.058353 
  2015            15.067210 
  2016            15.076068 
  2017            15.084926 
  2018            15.093786 
  2019            15.102647 
  2020            15.111509 
  2021            15.120372 
  2022            15.129236 
  2023            15.138101 
  2024            15.146967 
  2025            15.155835 
  2026            15.164703 
  2027            15.173572 
  2028            15.182443 
  2029            15.191315 
  2030            15.200187 
  2031            15.209061 
  2032            15.217936 
  2033            15.226812 
  2034            15.235689 
  2035            15.244567 
  2036            15.253446 
  2037            15.262326 
  2038            15.271207 
  2039            15.280089 
  2040            15.288973 
  2041            15.297857 
  2042            15.306743 
  2043            15.315629 
  2044            15.324517 
  2045            15.333406 
  2046            15.342295 
  2047            15.351186 
  2048            15.360078 
  2049            15.368971 
  2050            15.377865 
  2051            15.386760 
  2052            15.395656 
  2053            15.404553 
  2054            15.413452 
  2055            15.422351 
  2056            15.431251 
  2057            15.440153 
  2058            15.449055 
  2059            15.457959 
  2060            15.466864 
  2061            15.475769 
  2062            15.484676 
  2063            15.493584 
  2064            15.502493 
  2065            15.511403 
  2066            15.520314 
  2067            15.529226 
  2068            15.538139 
  2069            15.547053 
  2070            15.555968 
  2071            15.564885 
  2072            15.573802 
  2073            15.582720 
  2074            15.591640 
  2075            15.600560 
  2076            15.609482 
  2077            15.618405 
  2078            15.627328 
  2079            15.636253 
  2080            15.645179 
  2081            15.654106 
  2082            15.663034 
  2083            15.671963 
  2084            15.680893 
  2085            15.689824 
  2086            15.698756 
  2087            15.707689 
  2088            15.716623 
  2089            15.725559 
  2090            15.734495 
  2091            15.743432 
  2092            15.752371 
  2093            15.761310 
  2094            15.770251 
  2095            15.779192 
  2096            15.788135 
  2097            15.797079 
  2098            15.806023 
  2099            15.814969 
  2100            15.823916 
  2101            15.832864 
  2102            15.841813 
  2103            15.850763 
  2104            15.859714 
  2105            15.868666 
  2106            15.877619 
  2107            15.886573 
  2108            15.895528 
  2109            15.904484 
  2110            15.913442 
  2111            15.922400 
  2112            15.931359 
  2113            15.940320 
  2114            15.949281 
  2115            15.958244 
  2116            15.967207 
  2117            15.976172 
  2118            15.985138 
  2119            15.994104 
  2120            16.003072 
  2121            16.012041 
  2122            16.021011 
  2123            16.029981 
  2124            16.038953 
  2125            16.047926 
  2126            16.056900 
  2127            16.065875 
  2128            16.074851 
  2129            16.083828 
  2130            16.092806 
  2131            16.101785 
  2132            16.110766 
  2133            16.119747 
  2134            16.128729 
  2135            16.137712 
  2136            16.146697 
  2137            16.155682 
  2138            16.164669 
  2139            16.173656 
  2140            16.182644 
  2141            16.191634 
  2142            16.200624 
  2143            16.209616 
  2144            16.218609 
  2145            16.227602 
  2146            16.236597 
  2147            16.245593 
  2148            16.254589 
  2149            16.263587 
  2150            16.272586 
  2151            16.281586 
  2152            16.290587 
  2153            16.299589 
  2154            16.308592 
  2155            16.317595 
  2156            16.326600 
  2157            16.335606 
  2158            16.344614 
  2159            16.353622 
  2160            16.362631 
  2161            16.371641 
  2162            16.380652 
  2163            16.389664 
  2164            16.398677 
  2165            16.407692 
  2166            16.416707 
  2167            16.425723 
  2168            16.434740 
  2169            16.443759 
  2170            16.452778 
  2171            16.461799 
  2172            16.470820 
  2173            16.479842 
  2174            16.488866 
  2175            16.497890 
  2176            16.506916 
  2177            16.515942 
  2178            16.524970 
  2179            16.533999 
  2180            16.543028 
  2181            16.552059 
  2182            16.561090 
  2183            16.570123 
  2184            16.579157 
  2185            16.588191 
  2186            16.597227 
  2187            16.606264 
  2188            16.615302 
  2189            16.624340 
  2190            16.633380 
  2191            16.642421 
  2192            16.651463 
  2193            16.660506 
  2194            16.669550 
  2195            16.678594 
  2196            16.687640 
  2197            16.696687 
  2198            16.705735 
  2199            16.714784 
  2200            16.723834 
  2201            16.732885 
  2202            16.741937 
  2203            16.750990 
  2204            16.760044 
  2205            16.769099 
  2206            16.778155 
  2207            16.787212 
  2208            16.796270 
  2209            16.805329 
  2210            16.814389 
  2211            16.823450 
  2212            16.832513 
  2213            16.841576 
  2214            16.850640 
  2215            16.859705 
  2216            16.868771 
  2217            16.877838 
  2218            16.886906 
  2219            16.895976 
  2220            16.905046 
  2221            16.914117 
  2222            16.923189 
  2223            16.932262 
  2224            16.941337 
  2225            16.950412 
  2226            16.959488 
  2227            16.968565 
  2228            16.977644 
  2229            16.986723 
  2230            16.995803 
  2231            17.004884 
  2232            17.013967 
  2233            17.023050 
  2234            17.032134 
  2235            17.041219 
  2236            17.050306 
  2237            17.059393 
  2238            17.068481 
  2239            17.077571 
  2240            17.086661 
  2241            17.095752 
  2242            17.104844 
  2243            17.113938 
  2244            17.123032 
  2245            17.132127 
  2246            17.141224 
  2247            17.150321 
  2248            17.159419 
  2249            17.168518 
  2250            17.177619 
  2251            17.186720 
  2252            17.195822 
  2253            17.204926 
  2254            17.214030 
  2255            17.223135 
  2256            17.232241 
  2257            17.241349 
  2258            17.250457 
  2259            17.259566 
  2260            17.268677 
  2261            17.277788 
  2262            17.286900 
  2263            17.296013 
  2264            17.305127 
  2265            17.314243 
  2266            17.323359 
  2267            17.332476 
  2268            17.341594 
  2269            17.350714 
  2270            17.359834 
  2271            17.368955 
  2272            17.378077 
  2273            17.387200 
  2274            17.396324 
  2275            17.405450 
  2276            17.414576 
  2277            17.423703 
  2278            17.432831 
  2279            17.441960 
  2280            17.451090 
  2281            17.460221 
  2282            17.469353 
  2283            17.478486 
  2284            17.487620 
  2285            17.496755 
  2286            17.505891 
  2287            17.515028 
  2288            17.524166 
  2289            17.533305 
  2290            17.542445 
  2291            17.551586 
  2292            17.560728 
  2293            17.569871 
  2294            17.579015 
  2295            17.588160 
  2296            17.597306 
  2297            17.606453 
  2298            17.615600 
  2299            17.624749 
  2300            17.633899 
  2301            17.643050 
  2302            17.652201 
  2303            17.661354 
  2304            17.670508 
  2305            17.679663 
  2306            17.688818 
  2307            17.697975 
  2308            17.707133 
  2309            17.716291 
  2310            17.725451 
  2311            17.734611 
  2312            17.743773 
  2313            17.752935 
  2314            17.762099 
  2315            17.771263 
  2316            17.780429 
  2317            17.789595 
  2318            17.798763 
  2319            17.807931 
  2320            17.817101 
  2321            17.826271 
  2322            17.835442 
  2323            17.844614 
  2324            17.853788 
  2325            17.862962 
  2326            17.872137 
  2327            17.881313 
  2328            17.890490 
  2329            17.899669 
  2330            17.908848 
  2331            17.918028 
  2332            17.927209 
  2333            17.936391 
  2334            17.945574 
  2335            17.954758 
  2336            17.963943 
  2337            17.973129 
  2338            17.982315 
  2339            17.991503 
  2340            18.000692 
  2341            18.009882 
  2342            18.019073 
  2343            18.028264 
  2344            18.037457 
  2345            18.046651 
  2346            18.055845 
  2347            18.065041 
  2348            18.074237 
  2349            18.083435 
  2350            18.092633 
  2351            18.101833 
  2352            18.111033 
  2353            18.120235 
  2354            18.129437 
  2355            18.138640 
  2356            18.147844 
  2357            18.157050 
  2358            18.166256 
  2359            18.175463 
  2360            18.184671 
  2361            18.193880 
  2362            18.203090 
  2363            18.212301 
  2364            18.221513 
  2365            18.230726 
  2366            18.239940 
  2367            18.249155 
  2368            18.258371 
  2369            18.267587 
  2370            18.276805 
  2371            18.286024 
  2372            18.295243 
  2373            18.304464 
  2374            18.313685 
  2375            18.322908 
  2376            18.332131 
  2377            18.341356 
  2378            18.350581 
  2379            18.359808 
  2380            18.369035 
  2381            18.378263 
  2382            18.387492 
  2383            18.396722 
  2384            18.405953 
  2385            18.415186 
  2386            18.424419 
  2387            18.433653 
  2388            18.442887 
  2389            18.452123 
  2390            18.461360 
  2391            18.470598 
  2392            18.479837 
  2393            18.489076 
  2394            18.498317 
  2395            18.507559 
  2396            18.516801 
  2397            18.526045 
  2398            18.535289 
  2399            18.544535 
  2400            18.553781 
  2401            18.563028 
  2402            18.572277 
  2403            18.581526 
  2404            18.590776 
  2405            18.600027 
  2406            18.609279 
  2407            18.618532 
  2408            18.627786 
  2409            18.637041 
  2410            18.646297 
  2411            18.655554 
  2412            18.664812 
  2413            18.674071 
  2414            18.683330 
  2415            18.692591 
  2416            18.701853 
  2417            18.711115 
  2418            18.720379 
  2419            18.729643 
  2420            18.738909 
  2421            18.748175 
  2422            18.757443 
  2423            18.766711 
  2424            18.775980 
  2425            18.785250 
  2426            18.794522 
  2427            18.803794 
  2428            18.813067 
  2429            18.822341 
  2430            18.831616 
  2431            18.840892 
  2432            18.850169 
  2433            18.859447 
  2434            18.868725 
  2435            18.878005 
  2436            18.887286 
  2437            18.896568 
  2438            18.905850 
  2439            18.915134 
  2440            18.924418 
  2441            18.933704 
  2442            18.942990 
  2443            18.952278 
  2444            18.961566 
  2445            18.970855 
  2446            18.980146 
  2447            18.989437 
  2448            18.998729 
  2449            19.008022 
  2450            19.017316 
  2451            19.026611 
  2452            19.035907 
  2453            19.045204 
  2454            19.054502 
  2455            19.063801 
  2456            19.073101 
  2457            19.082402 
  2458            19.091703 
  2459            19.101006 
  2460            19.110310 
  2461            19.119614 
  2462            19.128920 
  2463            19.138226 
  2464            19.147534 
  2465            19.156842 
  2466            19.166152 
  2467            19.175462 
  2468            19.184773 
  2469            19.194085 
  2470            19.203399 
  2471            19.212713 
  2472            19.222028 
  2473            19.231344 
  2474            19.240661 
  2475            19.249979 
  2476            19.259298 
  2477            19.268618 
  2478            19.277938 
  2479            19.287260 
  2480            19.296583 
  2481            19.305907 
  2482            19.315231 
  2483            19.324557 
  2484            19.333883 
  2485            19.343211 
  2486            19.352539 
  2487            19.361869 
  2488            19.371199 
  2489            19.380530 
  2490            19.389863 
  2491            19.399196 
  2492            19.408530 
  2493            19.417865 
  2494            19.427201 
  2495            19.436538 
  2496            19.445876 
  2497            19.455215 
  2498            19.464555 
  2499            19.473896 
  2500            19.483238 
  2501            19.492580 
  2502            19.501924 
  2503            19.511269 
  2504            19.520614 
  2505            19.529961 
  2506            19.539308 
  2507            19.548657 
  2508            19.558006 
  2509            19.567357 
  2510            19.576708 
  2511            19.586060 
  2512            19.595414 
  2513            19.604768 
  2514            19.614123 
  2515            19.623479 
  2516            19.632836 
  2517            19.642194 
  2518            19.651553 
  2519            19.660913 
  2520            19.670274 
  2521            19.679636 
  2522            19.688999 
  2523            19.698362 
  2524            19.707727 
  2525            19.717093 
  2526            19.726459 
  2527            19.735827 
  2528            19.745195 
  2529            19.754565 
  2530            19.763935 
  2531            19.773307 
  2532            19.782679 
  2533            19.792052 
  2534            19.801427 
  2535            19.810802 
  2536            19.820178 
  2537            19.829555 
  2538            19.838933 
  2539            19.848312 
  2540            19.857692 
  2541            19.867073 
  2542            19.876455 
  2543            19.885838 
  2544            19.895222 
  2545            19.904606 
  2546            19.913992 
  2547            19.923379 
  2548            19.932766 
  2549            19.942155 
  2550            19.951544 
  2551            19.960935 
  2552            19.970326 
  2553            19.979719 
  2554            19.989112 
  2555            19.998506 
  2556            20.007901 
  2557            20.017298 
  2558            20.026695 
  2559            20.036093 
  2560            20.045492 
  2561            20.054892 
  2562            20.064293 
  2563            20.073695 
  2564            20.083098 
  2565            20.092501 
  2566            20.101906 
  2567            20.111312 
  2568            20.120719 
  2569            20.130126 
  2570            20.139535 
  2571            20.148944 
  2572            20.158355 
  2573            20.167766 
  2574            20.177179 
  2575            20.186592 
  2576            20.196006 
  2577            20.205422 
  2578            20.214838 
  2579            20.224255 
  2580            20.233673 
  2581            20.243092 
  2582            20.252512 
  2583            20.261933 
  2584            20.271355 
  2585            20.280778 
  2586            20.290202 
  2587            20.299627 
  2588            20.309053 
  2589            20.318479 
  2590            20.327907 
  2591            20.337336 
  2592            20.346765 
  2593            20.356196 
  2594            20.365627 
  2595            20.375060 
  2596            20.384493 
  2597            20.393927 
  2598            20.403363 
  2599            20.412799 
  2600            20.422236 
  2601            20.431674 
  2602            20.441113 
  2603            20.450554 
  2604            20.459995 
  2605            20.469437 
  2606            20.478879 
  2607            20.488323 
  2608            20.497768 
  2609            20.507214 
  2610            20.516661 
  2611            20.526108 
  2612            20.535557 
  2613            20.545007 
  2614            20.554457 
  2615            20.563909 
  2616            20.573361 
  2617            20.582815 
  2618            20.592269 
  2619            20.601724 
  2620            20.611181 
  2621            20.620638 
  2622            20.630096 
  2623            20.639555 
  2624            20.649015 
  2625            20.658477 
  2626            20.667939 
  2627            20.677402 
  2628            20.686865 
  2629            20.696330 
  2630            20.705796 
  2631            20.715263 
  2632            20.724731 
  2633            20.734199 
  2634            20.743669 
  2635            20.753140 
  2636            20.762611 
  2637            20.772084 
  2638            20.781557 
  2639            20.791032 
  2640            20.800507 
  2641            20.809983 
  2642            20.819461 
  2643            20.828939 
  2644            20.838418 
  2645            20.847898 
  2646            20.857379 
  2647            20.866861 
  2648            20.876344 
  2649            20.885828 
  2650            20.895313 
  2651            20.904799 
  2652            20.914286 
  2653            20.923774 
  2654            20.933262 
  2655            20.942752 
  2656            20.952243 
  2657            20.961734 
  2658            20.971227 
  2659            20.980720 
  2660            20.990215 
  2661            20.999710 
  2662            21.009206 
  2663            21.018704 
  2664            21.028202 
  2665            21.037701 
  2666            21.047201 
  2667            21.056702 
  2668            21.066205 
  2669            21.075708 
  2670            21.085212 
  2671            21.094716 
  2672            21.104222 
  2673            21.113729 
  2674            21.123237 
  2675            21.132746 
  2676            21.142255 
  2677            21.151766 
  2678            21.161278 
  2679            21.170790 
  2680            21.180304 
  2681            21.189818 
  2682            21.199334 
  2683            21.208850 
  2684            21.218368 
  2685            21.227886 
  2686            21.237405 
  2687            21.246925 
  2688            21.256446 
  2689            21.265969 
  2690            21.275492 
  2691            21.285016 
  2692            21.294541 
  2693            21.304066 
  2694            21.313593 
  2695            21.323121 
  2696            21.332650 
  2697            21.342180 
  2698            21.351710 
  2699            21.361242 
  2700            21.370775 
  2701            21.380308 
  2702            21.389843 
  2703            21.399378 
  2704            21.408915 
  2705            21.418452 
  2706            21.427990 
  2707            21.437530 
  2708            21.447070 
  2709            21.456611 
  2710            21.466153 
  2711            21.475696 
  2712            21.485240 
  2713            21.494785 
  2714            21.504331 
  2715            21.513878 
  2716            21.523426 
  2717            21.532975 
  2718            21.542525 
  2719            21.552075 
  2720            21.561627 
  2721            21.571180 
  2722            21.580733 
  2723            21.590288 
  2724            21.599843 
  2725            21.609400 
  2726            21.618957 
  2727            21.628515 
  2728            21.638075 
  2729            21.647635 
  2730            21.657196 
  2731            21.666758 
  2732            21.676321 
  2733            21.685886 
  2734            21.695451 
  2735            21.705017 
  2736            21.714583 
  2737            21.724151 
  2738            21.733720 
  2739            21.743290 
  2740            21.752861 
  2741            21.762432 
  2742            21.772005 
  2743            21.781579 
  2744            21.791153 
  2745            21.800729 
  2746            21.810305 
  2747            21.819883 
  2748            21.829461 
  2749            21.839040 
  2750            21.848621 
  2751            21.858202 
  2752            21.867784 
  2753            21.877367 
  2754            21.886951 
  2755            21.896536 
  2756            21.906122 
  2757            21.915709 
  2758            21.925297 
  2759            21.934886 
  2760            21.944476 
  2761            21.954067 
  2762            21.963659 
  2763            21.973251 
  2764            21.982845 
  2765            21.992439 
  2766            22.002035 
  2767            22.011631 
  2768            22.021229 
  2769            22.030827 
  2770            22.040427 
  2771            22.050027 
  2772            22.059628 
  2773            22.069231 
  2774            22.078834 
  2775            22.088438 
  2776            22.098043 
  2777            22.107649 
  2778            22.117256 
  2779            22.126864 
  2780            22.136473 
  2781            22.146083 
  2782            22.155693 
  2783            22.165305 
  2784            22.174918 
  2785            22.184532 
  2786            22.194146 
  2787            22.203762 
  2788            22.213378 
  2789            22.222996 
  2790            22.232614 
  2791            22.242234 
  2792            22.251854 
  2793            22.261475 
  2794            22.271097 
  2795            22.280721 
  2796            22.290345 
  2797            22.299970 
  2798            22.309596 
  2799            22.319223 
  2800            22.328851 
  2801            22.338480 
  2802            22.348110 
  2803            22.357741 
  2804            22.367372 
  2805            22.377005 
  2806            22.386639 
  2807            22.396273 
  2808            22.405909 
  2809            22.415546 
  2810            22.425183 
  2811            22.434822 
  2812            22.444461 
  2813            22.454101 
  2814            22.463743 
  2815            22.473385 
  2816            22.483028 
  2817            22.492672 
  2818            22.502317 
  2819            22.511964 
  2820            22.521611 
  2821            22.531259 
  2822            22.540908 
  2823            22.550557 
  2824            22.560208 
  2825            22.569860 
  2826            22.579513 
  2827            22.589167 
  2828            22.598821 
  2829            22.608477 
  2830            22.618133 
  2831            22.627791 
  2832            22.637449 
  2833            22.647109 
  2834            22.656769 
  2835            22.666431 
  2836            22.676093 
  2837            22.685756 
  2838            22.695420 
  2839            22.705085 
  2840            22.714752 
  2841            22.724419 
  2842            22.734087 
  2843            22.743756 
  2844            22.753426 
  2845            22.763096 
  2846            22.772768 
  2847            22.782441 
  2848            22.792115 
  2849            22.801789 
  2850            22.811465 
  2851            22.821142 
  2852            22.830819 
  2853            22.840498 
  2854            22.850177 
  2855            22.859858 
  2856            22.869539 
  2857            22.879221 
  2858            22.888905 
  2859            22.898589 
  2860            22.908274 
  2861            22.917960 
  2862            22.927647 
  2863            22.937335 
  2864            22.947024 
  2865            22.956714 
  2866            22.966405 
  2867            22.976097 
  2868            22.985790 
  2869            22.995484 
  2870            23.005178 
  2871            23.014874 
  2872            23.024571 
  2873            23.034268 
  2874            23.043967 
  2875            23.053666 
  2876            23.063367 
  2877            23.073068 
  2878            23.082770 
  2879            23.092474 
  2880            23.102178 
  2881            23.111883 
  2882            23.121589 
  2883            23.131296 
  2884            23.141004 
  2885            23.150713 
  2886            23.160423 
  2887            23.170134 
  2888            23.179846 
  2889            23.189559 
  2890            23.199273 
  2891            23.208988 
  2892            23.218703 
  2893            23.228420 
  2894            23.238137 
  2895            23.247856 
  2896            23.257575 
  2897            23.267296 
  2898            23.277017 
  2899            23.286740 
  2900            23.296463 
  2901            23.306187 
  2902            23.315913 
  2903            23.325639 
  2904            23.335366 
  2905            23.345094 
  2906            23.354823 
  2907            23.364553 
  2908            23.374284 
  2909            23.384016 
  2910            23.393749 
  2911            23.403482 
  2912            23.413217 
  2913            23.422953 
  2914            23.432690 
  2915            23.442427 
  2916            23.452166 
  2917            23.461905 
  2918            23.471646 
  2919            23.481387 
  2920            23.491130 
  2921            23.500873 
  2922            23.510617 
  2923            23.520362 
  2924            23.530109 
  2925            23.539856 
  2926            23.549604 
  2927            23.559353 
  2928            23.569103 
  2929            23.578854 
  2930            23.588606 
  2931            23.598359 
  2932            23.608113 
  2933            23.617867 
  2934            23.627623 
  2935            23.637380 
  2936            23.647137 
  2937            23.656896 
  2938            23.666655 
  2939            23.676416 
  2940            23.686177 
  2941            23.695940 
  2942            23.705703 
  2943            23.715467 
  2944            23.725233 
  2945            23.734999 
  2946            23.744766 
  2947            23.754534 
  2948            23.764303 
  2949            23.774073 
  2950            23.783844 
  2951            23.793616 
  2952            23.803389 
  2953            23.813163 
  2954            23.822938 
  2955            23.832714 
  2956            23.842490 
  2957            23.852268 
  2958            23.862047 
  2959            23.871826 
  2960            23.881607 
  2961            23.891388 
  2962            23.901170 
  2963            23.910954 
  2964            23.920738 
  2965            23.930523 
  2966            23.940310 
  2967            23.950097 
  2968            23.959885 
  2969            23.969674 
  2970            23.979464 
  2971            23.989255 
  2972            23.999047 
  2973            24.008840 
  2974            24.018634 
  2975            24.028429 
  2976            24.038224 
  2977            24.048021 
  2978            24.057819 
  2979            24.067618 
  2980            24.077417 
  2981            24.087218 
  2982            24.097019 
  2983            24.106822 
  2984            24.116625 
  2985            24.126429 
  2986            24.136235 
  2987            24.146041 
  2988            24.155848 
  2989            24.165656 
  2990            24.175465 
  2991            24.185275 
  2992            24.195086 
  2993            24.204898 
  2994            24.214711 
  2995            24.224525 
  2996            24.234340 
  2997            24.244156 
  2998            24.253973 
  2999            24.263790 
  3000            24.273609 
  3001            24.283428 
  3002            24.293249 
  3003            24.303071 
  3004            24.312893 
  3005            24.322716 
  3006            24.332541 
  3007            24.342366 
  3008            24.352192 
  3009            24.362020 
  3010            24.371848 
  3011            24.381677 
  3012            24.391507 
  3013            24.401338 
  3014            24.411170 
  3015            24.421003 
  3016            24.430837 
  3017            24.440672 
  3018            24.450507 
  3019            24.460344 
  3020            24.470182 
  3021            24.480021 
  3022            24.489860 
  3023            24.499701 
  3024            24.509542 
  3025            24.519385 
  3026            24.529228 
  3027            24.539073 
  3028            24.548918 
  3029            24.558764 
  3030            24.568611 
  3031            24.578460 
  3032            24.588309 
  3033            24.598159 
  3034            24.608010 
  3035            24.617862 
  3036            24.627715 
  3037            24.637569 
  3038            24.647424 
  3039            24.657279 
  3040            24.667136 
  3041            24.676994 
  3042            24.686853 
  3043            24.696712 
  3044            24.706573 
  3045            24.716434 
  3046            24.726297 
  3047            24.736160 
  3048            24.746025 
  3049            24.755890 
  3050            24.765756 
  3051            24.775624 
  3052            24.785492 
  3053            24.795361 
  3054            24.805231 
  3055            24.815102 
  3056            24.824974 
  3057            24.834847 
  3058            24.844721 
  3059            24.854596 
  3060            24.864472 
  3061            24.874348 
  3062            24.884226 
  3063            24.894105 
  3064            24.903985 
  3065            24.913865 
  3066            24.923747 
  3067            24.933629 
  3068            24.943513 
  3069            24.953397 
  3070            24.963282 
  3071            24.973169 
  3072            24.983056 
  3073            24.992944 
  3074            25.002833 
  3075            25.012724 
  3076            25.022615 
  3077            25.032507 
  3078            25.042400 
  3079            25.052294 
  3080            25.062188 
  3081            25.072084 
  3082            25.081981 
  3083            25.091879 
  3084            25.101778 
  3085            25.111677 
  3086            25.121578 
  3087            25.131479 
  3088            25.141382 
  3089            25.151285 
  3090            25.161190 
  3091            25.171095 
  3092            25.181001 
  3093            25.190909 
  3094            25.200817 
  3095            25.210726 
  3096            25.220636 
  3097            25.230547 
  3098            25.240459 
  3099            25.250372 
  3100            25.260286 
  3101            25.270201 
  3102            25.280117 
  3103            25.290034 
  3104            25.299952 
  3105            25.309870 
  3106            25.319790 
  3107            25.329711 
  3108            25.339632 
  3109            25.349555 
  3110            25.359478 
  3111            25.369403 
  3112            25.379328 
  3113            25.389254 
  3114            25.399182 
  3115            25.409110 
  3116            25.419039 
  3117            25.428969 
  3118            25.438900 
  3119            25.448833 
  3120            25.458766 
  3121            25.468699 
  3122            25.478634 
  3123            25.488570 
  3124            25.498507 
  3125            25.508445 
  3126            25.518384 
  3127            25.528323 
  3128            25.538264 
  3129            25.548205 
  3130            25.558148 
  3131            25.568092 
  3132            25.578036 
  3133            25.587981 
  3134            25.597928 
  3135            25.607875 
  3136            25.617823 
  3137            25.627772 
  3138            25.637723 
  3139            25.647674 
  3140            25.657626 
  3141            25.667579 
  3142            25.677533 
  3143            25.687488 
  3144            25.697444 
  3145            25.707400 
  3146            25.717358 
  3147            25.727317 
  3148            25.737277 
  3149            25.747237 
  3150            25.757199 
  3151            25.767161 
  3152            25.777125 
  3153            25.787089 
  3154            25.797055 
  3155            25.807021 
  3156            25.816989 
  3157            25.826957 
  3158            25.836926 
  3159            25.846896 
  3160            25.856867 
  3161            25.866839 
  3162            25.876812 
  3163            25.886786 
  3164            25.896761 
  3165            25.906737 
  3166            25.916714 
  3167            25.926692 
  3168            25.936671 
  3169            25.946650 
  3170            25.956631 
  3171            25.966613 
  3172            25.976595 
  3173            25.986579 
  3174            25.996563 
  3175            26.006549 
  3176            26.016535 
  3177            26.026522 
  3178            26.036510 
  3179            26.046500 
  3180            26.056490 
  3181            26.066481 
  3182            26.076473 
  3183            26.086466 
  3184            26.096460 
  3185            26.106455 
  3186            26.116451 
  3187            26.126448 
  3188            26.136446 
  3189            26.146444 
  3190            26.156444 
  3191            26.166445 
  3192            26.176446 
  3193            26.186449 
  3194            26.196452 
  3195            26.206457 
  3196            26.216462 
  3197            26.226469 
  3198            26.236476 
  3199            26.246484 
  3200            26.256494 
  3201            26.266504 
  3202            26.276515 
  3203            26.286527 
  3204            26.296540 
  3205            26.306554 
  3206            26.316569 
  3207            26.326585 
  3208            26.336602 
  3209            26.346620 
  3210            26.356638 
  3211            26.366658 
  3212            26.376679 
  3213            26.386700 
  3214            26.396723 
  3215            26.406746 
  3216            26.416771 
  3217            26.426796 
  3218            26.436823 
  3219            26.446850 
  3220            26.456878 
  3221            26.466908 
  3222            26.476938 
  3223            26.486969 
  3224            26.497001 
  3225            26.507034 
  3226            26.517068 
  3227            26.527103 
  3228            26.537139 
  3229            26.547176 
  3230            26.557214 
  3231            26.567253 
  3232            26.577292 
  3233            26.587333 
  3234            26.597375 
  3235            26.607417 
  3236            26.617461 
  3237            26.627505 
  3238            26.637551 
  3239            26.647597 
  3240            26.657644 
  3241            26.667693 
  3242            26.677742 
  3243            26.687792 
  3244            26.697843 
  3245            26.707895 
  3246            26.717948 
  3247            26.728002 
  3248            26.738057 
  3249            26.748113 
  3250            26.758170 
  3251            26.768228 
  3252            26.778287 
  3253            26.788347 
  3254            26.798407 
  3255            26.808469 
  3256            26.818531 
  3257            26.828595 
  3258            26.838659 
  3259            26.848725 
  3260            26.858791 
  3261            26.868859 
  3262            26.878927 
  3263            26.888996 
  3264            26.899066 
  3265            26.909137 
  3266            26.919200 
  3267            26.929235 
  3268            26.939217 
  3269            26.949121 
  3270            26.958925 
  3271            26.968603 
  3272            26.978132 
  3273            26.987486 
  3274            26.996643 
  3275            27.005577 
  3276            27.014264 
  3277            27.022681 
  3278            27.030802 
  3279            27.038604 
  3280            27.046062 
  3281            27.053152 
  3282            27.059850 
  3283            27.066132 
  3284            27.071973 
  3285            27.077357 
  3286            27.082281 
  3287            27.086749 
  3288            27.090763 
  3289            27.094331 
  3290            27.097471 
  3291            27.100210 
  3292            27.102576 
  3293            27.104596 
  3294            27.106298 
  3295            27.107708 
  3296            27.108855 
  3297            27.109765 
  3298            27.110466 
  3299            27.110985 
  3300            27.111350 
  3301            27.111588 
  3302            27.111726 
  3303            27.111792 
  3304            27.111813 
