CHECKING DISTANT FROM POINTS TO AVERAGE PLANE TO REMOVE INCORRECT POINT. 

Distant of points(mm) belongs the plane 0 (46 points): 
10.96(533),  7.86(532),  7.02(527),  5.91(528),  5.01(523),  4.64(518),  4.56(513),  4.52(494),  4.29(498),  4.21(515),  4.11(536),  4.05(508),  3.88(517),  3.18(510),  3.03(531),  2.97(529),  2.96(493),  2.89(522),  2.77(525),  2.73(520),  2.47(514),  2.43(505),  2.41(524),  2.28(530),  2.27(503),  2.19(506),  2.15(504),  1.94(499),  1.90(512),  1.89(534),  1.84(500),  1.72(492),  1.56(535),  1.43(497),  1.41(509),  1.04(519),  1.02(526),  0.93(521),  0.87(511),  0.63(495),  0.53(516),  0.51(502),  0.39(491),  0.39(501),  0.13(496),  0.08(507), 
Distant of points(mm) belongs the plane 1 (22 points): 
14.06(480), 10.95(487), 10.64(481), 10.31(484),  8.21(485),  7.93(476),  6.14(488),  5.75(482),  5.33(471),  4.42(477),  4.16(483),  3.84(478),  3.41(489),  2.90(479),  1.90(475),  1.75(469),  0.92(490),  0.80(472),  0.44(474),  0.37(473),  0.35(486),  0.27(470), 
Distant of points(mm) belongs the plane 2 (54 points): 
28.24(58), 25.53(57), 11.64(41), 10.58(36), 10.49(35),  9.25(42),  8.66(56),  8.33(34),  6.80(55),  6.48(40),  6.30(54),  6.09(38),  5.85(19),  5.82(39),  5.61(33),  5.18(16),  4.97(18),  4.80(47),  4.75(21),  4.72(23),  4.41(17),  4.39(37),  4.25(22),  4.06(29),  3.96(28),  3.92(43),  3.90(20),  3.82(15),  3.48(27),  3.31(53),  3.26(5),  3.22(26),  3.17(6),  2.95(25),  2.65(48),  2.61(11),  2.37(45),  2.27(7),  2.15(10),  2.12(52),  2.10(9),  2.09(30),  1.75(14),  1.40(46),  1.32(44),  1.27(50),  1.25(8),  1.07(24),  1.06(49),  1.02(51),  0.98(32),  0.78(12),  0.40(13),  0.00(31), 
Distant of points(mm) belongs the plane 3 (53 points): 
13.86(106), 13.51(107), 12.69(78), 10.03(79),  9.86(108),  8.66(77),  8.21(99),  7.60(69),  7.04(105),  6.90(109),  6.80(87),  6.63(76),  6.35(103),  6.29(86),  6.07(104),  5.97(111),  5.78(95),  5.74(65),  5.61(85),  5.56(88),  5.42(98),  5.40(68),  5.11(59),  4.90(94),  4.83(91),  4.74(82),  4.68(75),  4.53(70),  4.31(67),  4.30(80),  4.14(66),  3.72(60),  3.61(96),  3.59(63),  3.51(97),  3.45(90),  3.32(64),  3.28(93),  3.20(102),  2.83(74),  2.75(100),  2.46(83),  2.44(101),  2.15(89),  2.11(62),  2.03(92),  1.89(110),  1.48(73),  1.23(61),  1.13(81),  0.81(72),  0.26(71),  0.14(84), 
Distant of points(mm) belongs the plane 4 (60 points): 
18.58(362), 17.73(376), 17.11(407), 14.63(375), 11.53(361), 10.81(363), 10.69(411), 10.13(416), 10.06(412),  9.26(408),  8.50(360),  8.25(367),  8.13(372),  8.04(393),  7.72(368),  7.69(400),  7.33(389),  7.27(415),  7.04(380),  6.10(381),  6.09(374),  5.90(398),  5.78(366),  5.68(392),  5.56(413),  5.26(402),  5.21(399),  5.18(359),  4.79(383),  4.73(405),  4.40(394),  4.37(379),  4.21(391),  4.11(364),  3.55(410),  3.19(390),  3.17(378),  3.01(414),  2.57(358),  2.43(382),  2.28(396),  2.26(403),  1.75(357),  1.61(409),  1.54(388),  1.43(371),  1.28(370),  1.24(365),  1.23(406),  1.18(404),  0.99(386),  0.97(397),  0.76(377),  0.68(373),  0.61(384),  0.49(387),  0.32(395),  0.17(401),  0.15(385),  0.04(369), 
Distant of points(mm) belongs the plane 5 (48 points): 
13.13(421), 12.67(460),  9.95(447),  8.69(422),  7.89(461),  7.36(459),  7.23(455),  7.19(462),  6.15(440),  6.07(438),  5.85(425),  5.69(439),  5.54(468),  5.51(454),  5.28(448),  5.27(427),  4.62(457),  4.38(444),  4.33(428),  3.87(452),  3.74(437),  3.69(442),  3.51(436),  3.50(466),  3.39(458),  3.23(441),  3.11(426),  2.87(446),  2.75(443),  2.73(467),  2.53(453),  2.43(449),  2.38(445),  2.26(432),  2.23(465),  2.10(464),  2.05(431),  1.83(429),  1.65(423),  1.62(434),  1.22(433),  1.03(435),  1.01(430),  0.91(456),  0.86(451),  0.72(424),  0.46(463),  0.08(450), 
Distant of points(mm) belongs the plane 6 (14 points): 
 8.33(352),  6.95(350),  5.56(348),  5.46(420),  3.86(417),  3.63(356),  3.44(349),  3.22(353),  1.82(418),  1.45(347),  0.62(351),  0.35(419),  0.34(354),  0.17(355), 
Distant of points(mm) belongs the plane 7 (33 points): 
14.08(287), 14.02(278), 13.72(279), 11.10(280),  8.12(308),  6.83(309),  6.58(307),  6.41(297),  6.20(285),  6.01(286),  5.86(294),  5.74(306),  5.32(281),  5.31(293),  5.14(282),  4.81(296),  4.70(298),  4.36(289),  3.84(310),  3.19(295),  2.28(283),  2.00(305),  1.61(288),  1.49(302),  1.39(300),  1.34(304),  0.94(299),  0.86(303),  0.52(284),  0.49(291),  0.15(292),  0.13(301),  0.01(290), 
Distant of points(mm) belongs the plane 8 (36 points): 
27.10(343), 16.61(344), 12.61(314), 11.21(328), 10.32(311), 10.07(315),  9.37(327),  8.25(334),  8.21(313),  7.24(326),  7.18(325),  7.13(345),  6.98(319),  6.70(312),  6.67(342),  5.74(341),  5.60(339),  4.61(323),  4.32(324),  4.09(316),  4.05(346),  3.96(320),  3.08(333),  3.02(321),  2.93(335),  2.81(332),  2.47(329),  2.08(337),  2.02(330),  1.72(318),  1.36(338),  1.35(340),  1.31(331),  1.16(336),  0.65(317),  0.27(322), 
Distant of points(mm) belongs the plane 9 (17 points): 
 6.10(121),  6.06(119),  5.58(125),  5.17(117),  5.07(112),  4.69(128),  4.06(116),  4.02(127),  2.85(126),  2.43(115),  2.38(123),  2.37(124),  2.06(114),  1.50(118),  1.33(113),  1.19(122),  0.58(120), 
Distant of points(mm) belongs the plane 10 (10 points): 
 3.28(129),  3.26(130),  2.94(131),  2.60(137),  2.28(138),  2.15(132),  1.84(134),  1.63(136),  0.84(135),  0.46(133), 
Distant of points(mm) belongs the plane 11 (15 points): 
 8.32(139),  8.01(143),  5.05(142),  2.99(152),  2.93(148),  2.86(150),  2.28(147),  0.96(145),  0.65(146),  0.61(141),  0.60(140),  0.57(151),  0.39(153),  0.03(149),  0.01(144), 
Distant of points(mm) belongs the plane 12 (49 points): 
16.59(200), 10.97(201), 10.05(199),  9.27(168),  8.07(183),  7.72(184),  7.27(178),  7.06(177),  7.03(176),  6.20(185),  5.81(189),  5.17(162),  4.82(165),  4.59(161),  4.48(154),  4.39(182),  4.20(196),  4.12(173),  4.08(186),  4.07(202),  4.05(163),  4.04(190),  3.94(158),  3.69(179),  3.49(157),  3.28(187),  3.26(191),  3.17(174),  3.09(192),  2.62(171),  2.30(164),  2.23(172),  2.23(181),  2.22(175),  2.15(159),  2.14(155),  2.05(166),  1.97(195),  1.84(156),  1.74(197),  1.68(160),  1.53(193),  1.49(180),  1.45(167),  1.01(170),  0.81(194),  0.72(169),  0.50(198),  0.26(188), 
Distant of points(mm) belongs the plane 13 (26 points): 
 8.35(227),  5.72(205),  5.26(223),  5.16(228),  5.03(221),  4.16(222),  3.30(211),  3.09(209),  2.96(213),  2.92(216),  2.34(218),  2.31(203),  2.14(220),  2.01(207),  1.51(206),  1.42(208),  1.09(214),  0.99(212),  0.90(217),  0.75(204),  0.71(226),  0.49(219),  0.16(225),  0.12(210),  0.05(224),  0.02(215), 
Distant of points(mm) belongs the plane 14 (23 points): 
26.32(249),  8.96(241),  8.13(232),  7.58(231),  7.19(251),  6.97(244),  6.43(245),  5.84(237),  5.37(230),  5.07(240),  3.17(229),  3.13(238),  3.11(243),  2.92(246),  2.82(236),  2.74(250),  2.69(248),  1.94(247),  1.88(239),  1.46(242),  1.45(235),  0.33(233),  0.30(234), 
Distant of points(mm) belongs the plane 15 (26 points): 
13.51(277),  9.34(275),  9.17(252),  7.00(259),  6.75(265),  6.44(268),  5.98(271),  5.52(260),  5.11(262),  4.66(263),  4.34(255),  2.72(276),  2.69(270),  2.62(264),  2.62(256),  2.47(258),  2.31(253),  1.56(254),  1.53(269),  1.20(257),  0.99(261),  0.89(267),  0.30(274),  0.30(266),  0.27(273),  0.11(272), 
