#OKS At -1475 : After 3 points 
-3.987185, 8.779494, -1.475000 
-3.989346, 8.496696, -1.475000 
-3.669368, 8.776704, -1.475000 
#OKS At -1470 : After 3 points 
-3.987184, 8.779513, -1.470000 
-4.004669, 6.491908, -1.470000 
-1.416307, 8.756939, -1.470000 
#OKS At -1465 : After 3 points 
-3.987184, 8.779531, -1.465000 
-4.019991, 4.487119, -1.465000 
0.836754, 8.737173, -1.465000 
#OKS At -1460 : After 4 points 
1.748736, 8.729184, -1.460000 
1.893967, 7.670940, -1.460000 
-4.035314, 2.482331, -1.460000 
-3.987184, 8.779549, -1.460000 
#OKS At -1455 : After 4 points 
1.750379, 8.729188, -1.455000 
2.139427, 5.894353, -1.455000 
-4.050636, 0.477543, -1.455000 
-3.987184, 8.779567, -1.455000 
#OKS At -1450 : After 5 points 
2.249111, 5.107150, -1.450000 
2.240761, 3.991646, -1.450000 
-4.065959, -1.527246, -1.450000 
-3.987184, 8.779585, -1.450000 
1.752023, 8.729191, -1.450000 
#OKS At -1445 : After 5 points 
2.250833, 5.106644, -1.445000 
2.227496, 1.988656, -1.445000 
-4.081282, -3.532034, -1.445000 
-3.987184, 8.779604, -1.445000 
1.753666, 8.729195, -1.445000 
#OKS At -1440 : After 6 points 
2.252556, 5.106139, -1.440000 
2.214231, -0.014334, -1.440000 
-3.710889, -5.199292, -1.440000 
-4.094011, -5.197492, -1.440000 
-3.987184, 8.779622, -1.440000 
1.755310, 8.729199, -1.440000 
#OKS At -1435 : After 6 points 
2.254279, 5.105634, -1.435000 
2.200966, -2.017324, -1.435000 
-1.447381, -5.209922, -1.435000 
-4.094011, -5.197492, -1.435000 
-3.987183, 8.779640, -1.435000 
1.756953, 8.729203, -1.435000 
#OKS At -1430 : After 6 points 
2.256002, 5.105129, -1.430000 
2.187701, -4.020314, -1.430000 
0.816128, -5.220552, -1.430000 
-4.094011, -5.197492, -1.430000 
-3.987183, 8.779658, -1.430000 
1.758597, 8.729206, -1.430000 
#OKS At -1425 : After 5 points 
2.257724, 5.104623, -1.425000 
2.180397, -5.226959, -1.425000 
-4.094011, -5.197492, -1.425000 
-3.987183, 8.779676, -1.425000 
1.760240, 8.729210, -1.425000 
#OKS At -1420 : After 5 points 
2.259447, 5.104118, -1.420000 
2.182123, -5.226967, -1.420000 
-4.094011, -5.197492, -1.420000 
-3.987183, 8.779694, -1.420000 
1.761884, 8.729214, -1.420000 
#OKS At -1415 : After 5 points 
2.261170, 5.103613, -1.415000 
2.183850, -5.226975, -1.415000 
-4.094011, -5.197492, -1.415000 
-3.987183, 8.779713, -1.415000 
1.763527, 8.729218, -1.415000 
#OKS At -1410 : After 5 points 
2.262892, 5.103108, -1.410000 
2.185576, -5.226983, -1.410000 
-4.094011, -5.197492, -1.410000 
-3.987183, 8.779731, -1.410000 
1.765171, 8.729221, -1.410000 
#OKS At -1405 : After 5 points 
2.264615, 5.102602, -1.405000 
2.187303, -5.226991, -1.405000 
-4.094011, -5.197492, -1.405000 
-3.987183, 8.779749, -1.405000 
1.766814, 8.729225, -1.405000 
#OKS At -1400 : After 5 points 
2.266338, 5.102097, -1.400000 
2.189029, -5.226999, -1.400000 
-4.094011, -5.197492, -1.400000 
-3.987182, 8.779767, -1.400000 
1.768458, 8.729229, -1.400000 
#OKS At -1395 : After 5 points 
2.268061, 5.101592, -1.395000 
2.190755, -5.227007, -1.395000 
-4.094011, -5.197492, -1.395000 
-3.987182, 8.779785, -1.395000 
1.770101, 8.729233, -1.395000 
#OKS At -1390 : After 5 points 
2.269783, 5.101087, -1.390000 
2.192482, -5.227016, -1.390000 
-4.094011, -5.197492, -1.390000 
-3.987182, 8.779804, -1.390000 
1.771745, 8.729236, -1.390000 
#OKS At -1385 : After 5 points 
2.271506, 5.100581, -1.385000 
2.194208, -5.227024, -1.385000 
-4.094011, -5.197492, -1.385000 
-3.987182, 8.779822, -1.385000 
1.773388, 8.729240, -1.385000 
#OKS At -1380 : After 5 points 
2.273229, 5.100076, -1.380000 
2.195935, -5.227032, -1.380000 
-4.094011, -5.197492, -1.380000 
-3.987182, 8.779840, -1.380000 
1.775032, 8.729244, -1.380000 
#OKS At -1375 : After 5 points 
2.274952, 5.099571, -1.375000 
2.197661, -5.227040, -1.375000 
-4.094011, -5.197492, -1.375000 
-3.987182, 8.779858, -1.375000 
1.776675, 8.729248, -1.375000 
#OKS At -1370 : After 5 points 
2.276674, 5.099066, -1.370000 
2.199388, -5.227048, -1.370000 
-4.094011, -5.197492, -1.370000 
-3.987182, 8.779876, -1.370000 
1.778319, 8.729251, -1.370000 
#OKS At -1365 : After 5 points 
2.278397, 5.098560, -1.365000 
2.201114, -5.227056, -1.365000 
-4.094011, -5.197492, -1.365000 
-3.987182, 8.779895, -1.365000 
1.779962, 8.729255, -1.365000 
#OKS At -1360 : After 5 points 
2.280120, 5.098055, -1.360000 
2.202841, -5.227064, -1.360000 
-4.094011, -5.197492, -1.360000 
-3.987181, 8.779913, -1.360000 
1.781606, 8.729259, -1.360000 
#OKS At -1355 : After 5 points 
2.281843, 5.097550, -1.355000 
2.204567, -5.227072, -1.355000 
-4.094011, -5.197492, -1.355000 
-3.987181, 8.779931, -1.355000 
1.783249, 8.729263, -1.355000 
#OKS At -1350 : After 5 points 
2.283565, 5.097045, -1.350000 
2.206294, -5.227080, -1.350000 
-4.094011, -5.197492, -1.350000 
-3.987181, 8.779949, -1.350000 
1.784893, 8.729267, -1.350000 
#OKS At -1345 : After 5 points 
2.285288, 5.096539, -1.345000 
2.208020, -5.227089, -1.345000 
-4.094011, -5.197492, -1.345000 
-3.987181, 8.779967, -1.345000 
1.786536, 8.729270, -1.345000 
#OKS At -1340 : After 5 points 
2.287011, 5.096034, -1.340000 
2.209747, -5.227097, -1.340000 
-4.094011, -5.197492, -1.340000 
-3.987181, 8.779986, -1.340000 
1.788180, 8.729274, -1.340000 
#OKS At -1335 : After 5 points 
2.288734, 5.095529, -1.335000 
2.211473, -5.227105, -1.335000 
-4.094011, -5.197492, -1.335000 
-3.987181, 8.780004, -1.335000 
1.789823, 8.729278, -1.335000 
#OKS At -1330 : After 5 points 
2.290456, 5.095024, -1.330000 
2.213199, -5.227113, -1.330000 
-4.094011, -5.197492, -1.330000 
-3.987181, 8.780022, -1.330000 
1.791467, 8.729282, -1.330000 
#OKS At -1325 : After 5 points 
2.292179, 5.094518, -1.325000 
2.214926, -5.227121, -1.325000 
-4.094011, -5.197492, -1.325000 
-3.987180, 8.780040, -1.325000 
1.793110, 8.729285, -1.325000 
#OKS At -1320 : After 5 points 
2.293902, 5.094013, -1.320000 
2.216652, -5.227129, -1.320000 
-4.094011, -5.197492, -1.320000 
-3.987180, 8.780058, -1.320000 
1.794754, 8.729289, -1.320000 
#OKS At -1315 : After 5 points 
2.295625, 5.093508, -1.315000 
2.218379, -5.227137, -1.315000 
-4.094011, -5.197492, -1.315000 
-3.987180, 8.780077, -1.315000 
1.796397, 8.729293, -1.315000 
#OKS At -1310 : After 5 points 
2.297347, 5.093003, -1.310000 
2.220105, -5.227145, -1.310000 
-4.094011, -5.197492, -1.310000 
-3.987180, 8.780095, -1.310000 
1.798041, 8.729297, -1.310000 
#OKS At -1305 : After 5 points 
2.299070, 5.092497, -1.305000 
2.221832, -5.227153, -1.305000 
-4.094011, -5.197492, -1.305000 
-3.987180, 8.780113, -1.305000 
1.799684, 8.729300, -1.305000 
#OKS At -1300 : After 5 points 
2.300793, 5.091992, -1.300000 
2.223558, -5.227162, -1.300000 
-4.094011, -5.197492, -1.300000 
-3.987180, 8.780131, -1.300000 
1.801328, 8.729304, -1.300000 
#OKS At -1295 : After 5 points 
2.302516, 5.091487, -1.295000 
2.225285, -5.227170, -1.295000 
-4.094011, -5.197492, -1.295000 
-3.987180, 8.780149, -1.295000 
1.802971, 8.729308, -1.295000 
#OKS At -1290 : After 5 points 
2.304238, 5.090982, -1.290000 
2.227011, -5.227178, -1.290000 
-4.094011, -5.197492, -1.290000 
-3.987179, 8.780167, -1.290000 
1.804615, 8.729312, -1.290000 
#OKS At -1285 : After 5 points 
2.305961, 5.090476, -1.285000 
2.228738, -5.227186, -1.285000 
-4.094011, -5.197492, -1.285000 
-3.987179, 8.780186, -1.285000 
1.806258, 8.729315, -1.285000 
#OKS At -1280 : After 5 points 
2.307684, 5.089971, -1.280000 
2.230464, -5.227194, -1.280000 
-4.094011, -5.197492, -1.280000 
-3.987179, 8.780204, -1.280000 
1.807902, 8.729319, -1.280000 
#OKS At -1275 : After 5 points 
2.309407, 5.089466, -1.275000 
2.232191, -5.227202, -1.275000 
-4.094011, -5.197492, -1.275000 
-3.987179, 8.780222, -1.275000 
1.809545, 8.729323, -1.275000 
#OKS At -1270 : After 5 points 
2.311129, 5.088961, -1.270000 
2.233917, -5.227210, -1.270000 
-4.094011, -5.197492, -1.270000 
-3.987179, 8.780240, -1.270000 
1.811188, 8.729327, -1.270000 
#OKS At -1265 : After 5 points 
2.312852, 5.088455, -1.265000 
2.235643, -5.227218, -1.265000 
-4.094011, -5.197492, -1.265000 
-3.987179, 8.780258, -1.265000 
1.812832, 8.729330, -1.265000 
#OKS At -1260 : After 5 points 
2.314575, 5.087950, -1.260000 
2.237370, -5.227226, -1.260000 
-4.094011, -5.197492, -1.260000 
-3.987179, 8.780277, -1.260000 
1.814475, 8.729334, -1.260000 
#OKS At -1255 : After 5 points 
2.316297, 5.087445, -1.255000 
2.239096, -5.227234, -1.255000 
-4.094011, -5.197492, -1.255000 
-3.987178, 8.780295, -1.255000 
1.816119, 8.729338, -1.255000 
#OKS At -1250 : After 5 points 
2.318020, 5.086939, -1.250000 
2.240823, -5.227243, -1.250000 
-4.094011, -5.197492, -1.250000 
-3.987178, 8.780313, -1.250000 
1.817762, 8.729342, -1.250000 
#OKS At -1245 : After 5 points 
2.319743, 5.086434, -1.245000 
2.242549, -5.227251, -1.245000 
-4.094011, -5.197492, -1.245000 
-3.987178, 8.780331, -1.245000 
1.819406, 8.729346, -1.245000 
#OKS At -1240 : After 5 points 
2.321466, 5.085929, -1.240000 
2.244276, -5.227259, -1.240000 
-4.094011, -5.197492, -1.240000 
-3.987178, 8.780349, -1.240000 
1.821049, 8.729349, -1.240000 
#OKS At -1235 : After 5 points 
2.323188, 5.085424, -1.235000 
2.246002, -5.227267, -1.235000 
-4.094011, -5.197492, -1.235000 
-3.987178, 8.780368, -1.235000 
1.822693, 8.729353, -1.235000 
#OKS At -1230 : After 5 points 
2.324911, 5.084918, -1.230000 
2.247729, -5.227275, -1.230000 
-4.094011, -5.197492, -1.230000 
-3.987178, 8.780386, -1.230000 
1.824336, 8.729357, -1.230000 
#OKS At -1225 : After 5 points 
2.326634, 5.084413, -1.225000 
2.249455, -5.227283, -1.225000 
-4.094011, -5.197492, -1.225000 
-3.987178, 8.780404, -1.225000 
1.825980, 8.729361, -1.225000 
#OKS At -1220 : After 5 points 
2.328357, 5.083908, -1.220000 
2.251182, -5.227291, -1.220000 
-4.094011, -5.197492, -1.220000 
-3.987177, 8.780422, -1.220000 
1.827623, 8.729364, -1.220000 
#OKS At -1215 : After 5 points 
2.330079, 5.083403, -1.215000 
2.252908, -5.227299, -1.215000 
-4.094011, -5.197492, -1.215000 
-3.987177, 8.780440, -1.215000 
1.829267, 8.729368, -1.215000 
#OKS At -1210 : After 5 points 
2.331802, 5.082897, -1.210000 
2.254635, -5.227307, -1.210000 
-4.094011, -5.197492, -1.210000 
-3.987177, 8.780459, -1.210000 
1.830910, 8.729372, -1.210000 
#OKS At -1205 : After 5 points 
2.333525, 5.082392, -1.205000 
2.256361, -5.227316, -1.205000 
-4.094011, -5.197492, -1.205000 
-3.987177, 8.780477, -1.205000 
1.832554, 8.729376, -1.205000 
#OKS At -1200 : After 5 points 
2.335248, 5.081887, -1.200000 
2.258087, -5.227324, -1.200000 
-4.094011, -5.197492, -1.200000 
-3.987177, 8.780495, -1.200000 
1.834197, 8.729379, -1.200000 
#OKS At -1195 : After 5 points 
2.336970, 5.081382, -1.195000 
2.259814, -5.227332, -1.195000 
-4.094011, -5.197492, -1.195000 
-3.987177, 8.780513, -1.195000 
1.835841, 8.729383, -1.195000 
#OKS At -1190 : After 5 points 
2.338693, 5.080876, -1.190000 
2.261540, -5.227340, -1.190000 
-4.094011, -5.197492, -1.190000 
-3.987177, 8.780531, -1.190000 
1.837484, 8.729387, -1.190000 
#OKS At -1185 : After 5 points 
2.340416, 5.080371, -1.185000 
2.263267, -5.227348, -1.185000 
-4.094011, -5.197492, -1.185000 
-3.987177, 8.780550, -1.185000 
1.839128, 8.729391, -1.185000 
#OKS At -1180 : After 5 points 
2.342139, 5.079866, -1.180000 
2.264993, -5.227356, -1.180000 
-4.094011, -5.197492, -1.180000 
-3.987176, 8.780568, -1.180000 
1.840771, 8.729394, -1.180000 
#OKS At -1175 : After 5 points 
2.343861, 5.079361, -1.175000 
2.266720, -5.227364, -1.175000 
-4.094011, -5.197492, -1.175000 
-3.987176, 8.780586, -1.175000 
1.842415, 8.729398, -1.175000 
#OKS At -1170 : After 5 points 
2.345584, 5.078855, -1.170000 
2.268446, -5.227372, -1.170000 
-4.094011, -5.197492, -1.170000 
-3.987176, 8.780604, -1.170000 
1.844058, 8.729402, -1.170000 
#OKS At -1165 : After 5 points 
2.347307, 5.078350, -1.165000 
2.270173, -5.227380, -1.165000 
-4.094011, -5.197492, -1.165000 
-3.987176, 8.780622, -1.165000 
1.845702, 8.729406, -1.165000 
#OKS At -1160 : After 5 points 
2.349030, 5.077845, -1.160000 
2.271899, -5.227389, -1.160000 
-4.094011, -5.197492, -1.160000 
-3.987176, 8.780640, -1.160000 
1.847345, 8.729409, -1.160000 
#OKS At -1155 : After 5 points 
2.350752, 5.077340, -1.155000 
2.273626, -5.227397, -1.155000 
-4.094011, -5.197492, -1.155000 
-3.987176, 8.780659, -1.155000 
1.848989, 8.729413, -1.155000 
#OKS At -1150 : After 5 points 
2.352475, 5.076834, -1.150000 
2.275352, -5.227405, -1.150000 
-4.094011, -5.197492, -1.150000 
-3.987176, 8.780677, -1.150000 
1.850632, 8.729417, -1.150000 
#OKS At -1145 : After 5 points 
2.354198, 5.076329, -1.145000 
2.277079, -5.227413, -1.145000 
-4.094011, -5.197492, -1.145000 
-3.987175, 8.780695, -1.145000 
1.852276, 8.729421, -1.145000 
#OKS At -1140 : After 5 points 
2.355921, 5.075824, -1.140000 
2.278805, -5.227421, -1.140000 
-4.094011, -5.197492, -1.140000 
-3.987175, 8.780713, -1.140000 
1.853919, 8.729425, -1.140000 
#OKS At -1135 : After 5 points 
2.357643, 5.075319, -1.135000 
2.280531, -5.227429, -1.135000 
-4.094011, -5.197492, -1.135000 
-3.987175, 8.780731, -1.135000 
1.855563, 8.729428, -1.135000 
#OKS At -1130 : After 5 points 
2.359366, 5.074813, -1.130000 
2.282258, -5.227437, -1.130000 
-4.094011, -5.197492, -1.130000 
-3.987175, 8.780750, -1.130000 
1.857206, 8.729432, -1.130000 
#OKS At -1125 : After 5 points 
2.361089, 5.074308, -1.125000 
2.283984, -5.227445, -1.125000 
-4.094011, -5.197492, -1.125000 
-3.987175, 8.780768, -1.125000 
1.858850, 8.729436, -1.125000 
#OKS At -1120 : After 5 points 
2.362811, 5.073803, -1.120000 
2.285711, -5.227453, -1.120000 
-4.094011, -5.197492, -1.120000 
-3.987175, 8.780786, -1.120000 
1.860493, 8.729440, -1.120000 
#OKS At -1115 : After 5 points 
2.364534, 5.073298, -1.115000 
2.287437, -5.227461, -1.115000 
-4.094011, -5.197492, -1.115000 
-3.987175, 8.780804, -1.115000 
1.862137, 8.729443, -1.115000 
#OKS At -1110 : After 5 points 
2.366257, 5.072792, -1.110000 
2.289164, -5.227470, -1.110000 
-4.094011, -5.197492, -1.110000 
-3.987174, 8.780822, -1.110000 
1.863780, 8.729447, -1.110000 
#OKS At -1105 : After 5 points 
2.367980, 5.072287, -1.105000 
2.290890, -5.227478, -1.105000 
-4.094011, -5.197492, -1.105000 
-3.987174, 8.780841, -1.105000 
1.865424, 8.729451, -1.105000 
#OKS At -1100 : After 5 points 
2.369702, 5.071782, -1.100000 
2.292617, -5.227486, -1.100000 
-4.094011, -5.197492, -1.100000 
-3.987174, 8.780859, -1.100000 
1.867067, 8.729455, -1.100000 
#OKS At -1095 : After 5 points 
2.371425, 5.071277, -1.095000 
2.294343, -5.227494, -1.095000 
-4.094011, -5.197492, -1.095000 
-3.987174, 8.780877, -1.095000 
1.868711, 8.729458, -1.095000 
#OKS At -1090 : After 5 points 
2.373148, 5.070771, -1.090000 
2.296070, -5.227502, -1.090000 
-4.094011, -5.197492, -1.090000 
-3.987174, 8.780895, -1.090000 
1.870354, 8.729462, -1.090000 
#OKS At -1085 : After 5 points 
2.374871, 5.070266, -1.085000 
2.297796, -5.227510, -1.085000 
-4.094011, -5.197492, -1.085000 
-3.987174, 8.780913, -1.085000 
1.871998, 8.729466, -1.085000 
#OKS At -1080 : After 5 points 
2.376593, 5.069761, -1.080000 
2.299523, -5.227518, -1.080000 
-4.094011, -5.197492, -1.080000 
-3.987174, 8.780932, -1.080000 
1.873641, 8.729470, -1.080000 
#OKS At -1075 : After 5 points 
2.378316, 5.069255, -1.075000 
2.301249, -5.227526, -1.075000 
-4.094011, -5.197492, -1.075000 
-3.987173, 8.780950, -1.075000 
1.875284, 8.729473, -1.075000 
#OKS At -1070 : After 5 points 
2.380039, 5.068750, -1.070000 
2.302975, -5.227534, -1.070000 
-4.094011, -5.197492, -1.070000 
-3.987173, 8.780968, -1.070000 
1.876928, 8.729477, -1.070000 
#OKS At -1065 : After 5 points 
2.381762, 5.068245, -1.065000 
2.304702, -5.227543, -1.065000 
-4.094011, -5.197492, -1.065000 
-3.987173, 8.780986, -1.065000 
1.878571, 8.729481, -1.065000 
#OKS At -1060 : After 5 points 
2.383484, 5.067740, -1.060000 
2.306428, -5.227551, -1.060000 
-4.094011, -5.197492, -1.060000 
-3.987173, 8.781004, -1.060000 
1.880215, 8.729485, -1.060000 
#OKS At -1055 : After 5 points 
2.385207, 5.067234, -1.055000 
2.308155, -5.227559, -1.055000 
-4.094011, -5.197492, -1.055000 
-3.987173, 8.781023, -1.055000 
1.881858, 8.729488, -1.055000 
#OKS At -1050 : After 5 points 
2.386930, 5.066729, -1.050000 
2.309881, -5.227567, -1.050000 
-4.094011, -5.197492, -1.050000 
-3.987173, 8.781041, -1.050000 
1.883502, 8.729492, -1.050000 
#OKS At -1045 : After 5 points 
2.388653, 5.066224, -1.045000 
2.311608, -5.227575, -1.045000 
-4.094011, -5.197492, -1.045000 
-3.987173, 8.781059, -1.045000 
1.885145, 8.729496, -1.045000 
#OKS At -1040 : After 5 points 
2.390375, 5.065719, -1.040000 
2.313334, -5.227583, -1.040000 
-4.094011, -5.197492, -1.040000 
-3.987172, 8.781077, -1.040000 
1.886789, 8.729500, -1.040000 
#OKS At -1035 : After 5 points 
2.392098, 5.065213, -1.035000 
2.315061, -5.227591, -1.035000 
-4.094011, -5.197492, -1.035000 
-3.987172, 8.781095, -1.035000 
1.888432, 8.729504, -1.035000 
#OKS At -1030 : After 5 points 
2.393821, 5.064708, -1.030000 
2.316787, -5.227599, -1.030000 
-4.094011, -5.197492, -1.030000 
-3.987172, 8.781113, -1.030000 
1.890076, 8.729507, -1.030000 
#OKS At -1025 : After 5 points 
2.395544, 5.064203, -1.025000 
2.318514, -5.227607, -1.025000 
-4.094011, -5.197492, -1.025000 
-3.987172, 8.781132, -1.025000 
1.891719, 8.729511, -1.025000 
#OKS At -1020 : After 5 points 
2.397266, 5.063698, -1.020000 
2.320240, -5.227616, -1.020000 
-4.094011, -5.197492, -1.020000 
-3.987172, 8.781150, -1.020000 
1.893363, 8.729515, -1.020000 
#OKS At -1015 : After 5 points 
2.398989, 5.063192, -1.015000 
2.321967, -5.227624, -1.015000 
-4.094011, -5.197492, -1.015000 
-3.987172, 8.781168, -1.015000 
1.895006, 8.729519, -1.015000 
#OKS At -1010 : After 5 points 
2.400712, 5.062687, -1.010000 
2.323693, -5.227632, -1.010000 
-4.094011, -5.197492, -1.010000 
-3.987172, 8.781186, -1.010000 
1.896650, 8.729522, -1.010000 
#OKS At -1005 : After 5 points 
2.402435, 5.062182, -1.005000 
2.325420, -5.227640, -1.005000 
-4.094011, -5.197492, -1.005000 
-3.987172, 8.781204, -1.005000 
1.898293, 8.729526, -1.005000 
#OKS At -1000 : After 5 points 
2.404157, 5.061677, -1.000000 
2.327146, -5.227648, -1.000000 
-4.094011, -5.197492, -1.000000 
-3.987171, 8.781223, -1.000000 
1.899937, 8.729530, -1.000000 
#OKS At  -995 : After 5 points 
2.405880, 5.061171, -0.995000 
2.328872, -5.227656, -0.995000 
-4.094011, -5.197492, -0.995000 
-3.987171, 8.781241, -0.995000 
1.901580, 8.729534, -0.995000 
#OKS At  -990 : After 5 points 
2.407603, 5.060666, -0.990000 
2.330599, -5.227664, -0.990000 
-4.094011, -5.197492, -0.990000 
-3.987171, 8.781259, -0.990000 
1.903224, 8.729537, -0.990000 
#OKS At  -985 : After 5 points 
2.409325, 5.060161, -0.985000 
2.332325, -5.227672, -0.985000 
-4.094011, -5.197492, -0.985000 
-3.987171, 8.781277, -0.985000 
1.904867, 8.729541, -0.985000 
#OKS At  -980 : After 5 points 
2.411048, 5.059656, -0.980000 
2.334052, -5.227680, -0.980000 
-4.094011, -5.197492, -0.980000 
-3.987171, 8.781295, -0.980000 
1.906511, 8.729545, -0.980000 
#OKS At  -975 : After 5 points 
2.412771, 5.059150, -0.975000 
2.335778, -5.227689, -0.975000 
-4.094011, -5.197492, -0.975000 
-3.987171, 8.781314, -0.975000 
1.908154, 8.729549, -0.975000 
#OKS At  -970 : After 5 points 
2.414494, 5.058645, -0.970000 
2.337505, -5.227697, -0.970000 
-4.094011, -5.197492, -0.970000 
-3.987171, 8.781332, -0.970000 
1.909798, 8.729552, -0.970000 
#OKS At  -965 : After 5 points 
2.416216, 5.058140, -0.965000 
2.339231, -5.227705, -0.965000 
-4.094011, -5.197492, -0.965000 
-3.987170, 8.781350, -0.965000 
1.911441, 8.729556, -0.965000 
#OKS At  -960 : After 5 points 
2.417939, 5.057635, -0.960000 
2.340958, -5.227713, -0.960000 
-4.094011, -5.197492, -0.960000 
-3.987170, 8.781368, -0.960000 
1.913085, 8.729560, -0.960000 
#OKS At  -955 : After 5 points 
2.419662, 5.057129, -0.955000 
2.342684, -5.227721, -0.955000 
-4.094011, -5.197492, -0.955000 
-3.987170, 8.781386, -0.955000 
1.914728, 8.729564, -0.955000 
#OKS At  -950 : After 5 points 
2.421385, 5.056624, -0.950000 
2.344411, -5.227729, -0.950000 
-4.094011, -5.197492, -0.950000 
-3.987170, 8.781405, -0.950000 
1.916372, 8.729567, -0.950000 
#OKS At  -945 : After 5 points 
2.423107, 5.056119, -0.945000 
2.346137, -5.227737, -0.945000 
-4.094011, -5.197492, -0.945000 
-3.987170, 8.781423, -0.945000 
1.918015, 8.729571, -0.945000 
#OKS At  -940 : After 5 points 
2.424830, 5.055614, -0.940000 
2.347864, -5.227745, -0.940000 
-4.094011, -5.197492, -0.940000 
-3.987170, 8.781441, -0.940000 
1.919659, 8.729575, -0.940000 
#OKS At  -935 : After 5 points 
2.426553, 5.055108, -0.935000 
2.349590, -5.227753, -0.935000 
-4.094011, -5.197492, -0.935000 
-3.987170, 8.781459, -0.935000 
1.921302, 8.729579, -0.935000 
#OKS At  -930 : After 5 points 
2.428276, 5.054603, -0.930000 
2.351316, -5.227761, -0.930000 
-4.094011, -5.197492, -0.930000 
-3.987169, 8.781477, -0.930000 
1.922946, 8.729583, -0.930000 
#OKS At  -925 : After 5 points 
2.429998, 5.054098, -0.925000 
2.353043, -5.227770, -0.925000 
-4.094011, -5.197492, -0.925000 
-3.987169, 8.781496, -0.925000 
1.924589, 8.729586, -0.925000 
#OKS At  -920 : After 5 points 
2.431721, 5.053593, -0.920000 
2.354769, -5.227778, -0.920000 
-4.094011, -5.197492, -0.920000 
-3.987169, 8.781514, -0.920000 
1.926233, 8.729590, -0.920000 
#OKS At  -915 : After 5 points 
2.433444, 5.053087, -0.915000 
2.356496, -5.227786, -0.915000 
-4.094011, -5.197492, -0.915000 
-3.987169, 8.781532, -0.915000 
1.927876, 8.729594, -0.915000 
#OKS At  -910 : After 5 points 
2.435167, 5.052582, -0.910000 
2.358222, -5.227794, -0.910000 
-4.094011, -5.197492, -0.910000 
-3.987169, 8.781550, -0.910000 
1.929520, 8.729598, -0.910000 
#OKS At  -905 : After 5 points 
2.436889, 5.052077, -0.905000 
2.359949, -5.227802, -0.905000 
-4.094011, -5.197492, -0.905000 
-3.987169, 8.781568, -0.905000 
1.931163, 8.729601, -0.905000 
#OKS At  -900 : After 5 points 
2.438612, 5.051572, -0.900000 
2.361675, -5.227810, -0.900000 
-4.094011, -5.197492, -0.900000 
-3.987169, 8.781586, -0.900000 
1.932807, 8.729605, -0.900000 
#OKS At  -895 : After 5 points 
2.440335, 5.051066, -0.895000 
2.363402, -5.227818, -0.895000 
-4.094011, -5.197492, -0.895000 
-3.987168, 8.781605, -0.895000 
1.934450, 8.729609, -0.895000 
#OKS At  -890 : After 5 points 
2.442058, 5.050561, -0.890000 
2.365128, -5.227826, -0.890000 
-4.094011, -5.197492, -0.890000 
-3.987168, 8.781623, -0.890000 
1.936094, 8.729613, -0.890000 
#OKS At  -885 : After 5 points 
2.443780, 5.050056, -0.885000 
2.366855, -5.227834, -0.885000 
-4.094011, -5.197492, -0.885000 
-3.987168, 8.781641, -0.885000 
1.937737, 8.729616, -0.885000 
#OKS At  -880 : After 5 points 
2.445503, 5.049550, -0.880000 
2.368581, -5.227843, -0.880000 
-4.094011, -5.197492, -0.880000 
-3.987168, 8.781659, -0.880000 
1.939380, 8.729620, -0.880000 
#OKS At  -875 : After 5 points 
2.447226, 5.049045, -0.875000 
2.370308, -5.227851, -0.875000 
-4.094011, -5.197492, -0.875000 
-3.987168, 8.781677, -0.875000 
1.941024, 8.729624, -0.875000 
#OKS At  -870 : After 5 points 
2.448949, 5.048540, -0.870000 
2.372034, -5.227859, -0.870000 
-4.094011, -5.197492, -0.870000 
-3.987168, 8.781696, -0.870000 
1.942667, 8.729628, -0.870000 
#OKS At  -865 : After 5 points 
2.450671, 5.048035, -0.865000 
2.373760, -5.227867, -0.865000 
-4.094011, -5.197492, -0.865000 
-3.987168, 8.781714, -0.865000 
1.944311, 8.729631, -0.865000 
#OKS At  -860 : After 5 points 
2.452394, 5.047529, -0.860000 
2.375487, -5.227875, -0.860000 
-4.094011, -5.197492, -0.860000 
-3.987167, 8.781732, -0.860000 
1.945954, 8.729635, -0.860000 
#OKS At  -855 : After 5 points 
2.454117, 5.047024, -0.855000 
2.377213, -5.227883, -0.855000 
-4.094011, -5.197492, -0.855000 
-3.987167, 8.781750, -0.855000 
1.947598, 8.729639, -0.855000 
#OKS At  -850 : After 5 points 
2.455839, 5.046519, -0.850000 
2.378940, -5.227891, -0.850000 
-4.094011, -5.197492, -0.850000 
-3.987167, 8.781768, -0.850000 
1.949241, 8.729643, -0.850000 
#OKS At  -845 : After 5 points 
2.457562, 5.046014, -0.845000 
2.380666, -5.227899, -0.845000 
-4.094011, -5.197492, -0.845000 
-3.987167, 8.781787, -0.845000 
1.950885, 8.729646, -0.845000 
#OKS At  -840 : After 5 points 
2.459285, 5.045508, -0.840000 
2.382393, -5.227907, -0.840000 
-4.094011, -5.197492, -0.840000 
-3.987167, 8.781805, -0.840000 
1.952528, 8.729650, -0.840000 
#OKS At  -835 : After 5 points 
2.461008, 5.045003, -0.835000 
2.384119, -5.227916, -0.835000 
-4.094011, -5.197492, -0.835000 
-3.987167, 8.781823, -0.835000 
1.954172, 8.729654, -0.835000 
#OKS At  -830 : After 5 points 
2.462730, 5.044498, -0.830000 
2.385846, -5.227924, -0.830000 
-4.094011, -5.197492, -0.830000 
-3.987167, 8.781841, -0.830000 
1.955815, 8.729658, -0.830000 
#OKS At  -825 : After 5 points 
2.464453, 5.043993, -0.825000 
2.387572, -5.227932, -0.825000 
-4.094011, -5.197492, -0.825000 
-3.987167, 8.781859, -0.825000 
1.957459, 8.729662, -0.825000 
#OKS At  -820 : After 5 points 
2.466176, 5.043487, -0.820000 
2.389299, -5.227940, -0.820000 
-4.094011, -5.197492, -0.820000 
-3.987166, 8.781878, -0.820000 
1.959102, 8.729665, -0.820000 
#OKS At  -815 : After 5 points 
2.467899, 5.042982, -0.815000 
2.391025, -5.227948, -0.815000 
-4.094011, -5.197492, -0.815000 
-3.987166, 8.781896, -0.815000 
1.960746, 8.729669, -0.815000 
#OKS At  -810 : After 5 points 
2.469621, 5.042477, -0.810000 
2.392752, -5.227956, -0.810000 
-4.094011, -5.197492, -0.810000 
-3.987166, 8.781914, -0.810000 
1.962389, 8.729673, -0.810000 
#OKS At  -805 : After 5 points 
2.471344, 5.041972, -0.805000 
2.394478, -5.227964, -0.805000 
-4.094011, -5.197492, -0.805000 
-3.987166, 8.781932, -0.805000 
1.964033, 8.729677, -0.805000 
#OKS At  -800 : After 5 points 
2.473067, 5.041466, -0.800000 
2.396204, -5.227972, -0.800000 
-4.094011, -5.197492, -0.800000 
-3.987166, 8.781950, -0.800000 
1.965676, 8.729680, -0.800000 
#OKS At  -795 : After 5 points 
2.474790, 5.040961, -0.795000 
2.397931, -5.227980, -0.795000 
-4.094011, -5.197492, -0.795000 
-3.987166, 8.781969, -0.795000 
1.967320, 8.729684, -0.795000 
#OKS At  -790 : After 5 points 
2.476512, 5.040456, -0.790000 
2.399657, -5.227988, -0.790000 
-4.094011, -5.197492, -0.790000 
-3.987166, 8.781987, -0.790000 
1.968963, 8.729688, -0.790000 
#OKS At  -785 : After 5 points 
2.478235, 5.039951, -0.785000 
2.401384, -5.227997, -0.785000 
-4.094011, -5.197492, -0.785000 
-3.987165, 8.782005, -0.785000 
1.970607, 8.729692, -0.785000 
#OKS At  -780 : After 5 points 
2.479958, 5.039445, -0.780000 
2.403110, -5.228005, -0.780000 
-4.094011, -5.197492, -0.780000 
-3.987165, 8.782023, -0.780000 
1.972250, 8.729695, -0.780000 
#OKS At  -775 : After 5 points 
2.481681, 5.038940, -0.775000 
2.404837, -5.228013, -0.775000 
-4.094011, -5.197492, -0.775000 
-3.987165, 8.782041, -0.775000 
1.973894, 8.729699, -0.775000 
#OKS At  -770 : After 5 points 
2.483403, 5.038435, -0.770000 
2.406563, -5.228021, -0.770000 
-4.094011, -5.197492, -0.770000 
-3.987165, 8.782059, -0.770000 
1.975537, 8.729703, -0.770000 
#OKS At  -765 : After 5 points 
2.485126, 5.037930, -0.765000 
2.408290, -5.228029, -0.765000 
-4.094011, -5.197492, -0.765000 
-3.987165, 8.782078, -0.765000 
1.977181, 8.729707, -0.765000 
#OKS At  -760 : After 5 points 
2.486849, 5.037424, -0.760000 
2.410016, -5.228037, -0.760000 
-4.094011, -5.197492, -0.760000 
-3.987165, 8.782096, -0.760000 
1.978824, 8.729710, -0.760000 
#OKS At  -755 : After 5 points 
2.488572, 5.036919, -0.755000 
2.411743, -5.228045, -0.755000 
-4.094011, -5.197492, -0.755000 
-3.987165, 8.782114, -0.755000 
1.980468, 8.729714, -0.755000 
#OKS At  -750 : After 5 points 
2.490294, 5.036414, -0.750000 
2.413469, -5.228053, -0.750000 
-4.094011, -5.197492, -0.750000 
-3.987164, 8.782132, -0.750000 
1.982111, 8.729718, -0.750000 
#OKS At  -745 : After 5 points 
2.492017, 5.035909, -0.745000 
2.415196, -5.228061, -0.745000 
-4.094011, -5.197492, -0.745000 
-3.987164, 8.782150, -0.745000 
1.983755, 8.729722, -0.745000 
#OKS At  -740 : After 5 points 
2.493740, 5.035403, -0.740000 
2.416922, -5.228070, -0.740000 
-4.094011, -5.197492, -0.740000 
-3.987164, 8.782169, -0.740000 
1.985398, 8.729725, -0.740000 
#OKS At  -735 : After 5 points 
2.495463, 5.034898, -0.735000 
2.418648, -5.228078, -0.735000 
-4.094011, -5.197492, -0.735000 
-3.987164, 8.782187, -0.735000 
1.987042, 8.729729, -0.735000 
#OKS At  -730 : After 5 points 
2.497185, 5.034393, -0.730000 
2.420375, -5.228086, -0.730000 
-4.094011, -5.197492, -0.730000 
-3.987164, 8.782205, -0.730000 
1.988685, 8.729733, -0.730000 
#OKS At  -725 : After 5 points 
2.498908, 5.033888, -0.725000 
2.422101, -5.228094, -0.725000 
-4.094011, -5.197492, -0.725000 
-3.987164, 8.782223, -0.725000 
1.990329, 8.729737, -0.725000 
#OKS At  -720 : After 5 points 
2.500631, 5.033382, -0.720000 
2.423828, -5.228102, -0.720000 
-4.094011, -5.197492, -0.720000 
-3.987164, 8.782241, -0.720000 
1.991972, 8.729741, -0.720000 
#OKS At  -715 : After 5 points 
2.502354, 5.032877, -0.715000 
2.425554, -5.228110, -0.715000 
-4.094011, -5.197492, -0.715000 
-3.987163, 8.782260, -0.715000 
1.993616, 8.729744, -0.715000 
#OKS At  -710 : After 5 points 
2.504076, 5.032372, -0.710000 
2.427281, -5.228118, -0.710000 
-4.094011, -5.197492, -0.710000 
-3.987163, 8.782278, -0.710000 
1.995259, 8.729748, -0.710000 
#OKS At  -705 : After 5 points 
2.505799, 5.031867, -0.705000 
2.429007, -5.228126, -0.705000 
-4.094011, -5.197492, -0.705000 
-3.987163, 8.782296, -0.705000 
1.996903, 8.729752, -0.705000 
#OKS At  -700 : After 5 points 
2.507522, 5.031361, -0.700000 
2.430734, -5.228134, -0.700000 
-4.094011, -5.197492, -0.700000 
-3.987163, 8.782314, -0.700000 
1.998546, 8.729756, -0.700000 
#OKS At  -695 : After 5 points 
2.509244, 5.030856, -0.695000 
2.432460, -5.228143, -0.695000 
-4.094011, -5.197492, -0.695000 
-3.987163, 8.782332, -0.695000 
2.000190, 8.729759, -0.695000 
#OKS At  -690 : After 5 points 
2.510967, 5.030351, -0.690000 
2.434187, -5.228151, -0.690000 
-4.094011, -5.197492, -0.690000 
-3.987163, 8.782351, -0.690000 
2.001833, 8.729763, -0.690000 
#OKS At  -685 : After 5 points 
2.512690, 5.029845, -0.685000 
2.435913, -5.228159, -0.685000 
-4.094011, -5.197492, -0.685000 
-3.987163, 8.782369, -0.685000 
2.003477, 8.729767, -0.685000 
#OKS At  -680 : After 5 points 
2.514413, 5.029340, -0.680000 
2.437640, -5.228167, -0.680000 
-4.094011, -5.197492, -0.680000 
-3.987162, 8.782387, -0.680000 
2.005120, 8.729771, -0.680000 
#OKS At  -675 : After 5 points 
2.516135, 5.028835, -0.675000 
2.439366, -5.228175, -0.675000 
-4.094011, -5.197492, -0.675000 
-3.987162, 8.782405, -0.675000 
2.006763, 8.729774, -0.675000 
#OKS At  -670 : After 5 points 
2.517858, 5.028330, -0.670000 
2.441092, -5.228183, -0.670000 
-4.094011, -5.197492, -0.670000 
-3.987162, 8.782423, -0.670000 
2.008407, 8.729778, -0.670000 
#OKS At  -665 : After 5 points 
2.519581, 5.027824, -0.665000 
2.442819, -5.228191, -0.665000 
-4.094011, -5.197492, -0.665000 
-3.987162, 8.782442, -0.665000 
2.010050, 8.729782, -0.665000 
#OKS At  -660 : After 5 points 
2.521304, 5.027319, -0.660000 
2.444545, -5.228199, -0.660000 
-4.094011, -5.197492, -0.660000 
-3.987162, 8.782460, -0.660000 
2.011694, 8.729786, -0.660000 
#OKS At  -655 : After 5 points 
2.523026, 5.026814, -0.655000 
2.446272, -5.228207, -0.655000 
-4.094011, -5.197492, -0.655000 
-3.987162, 8.782478, -0.655000 
2.013337, 8.729789, -0.655000 
#OKS At  -650 : After 5 points 
2.524749, 5.026309, -0.650000 
2.447998, -5.228216, -0.650000 
-4.094011, -5.197492, -0.650000 
-3.987162, 8.782496, -0.650000 
2.014981, 8.729793, -0.650000 
#OKS At  -645 : After 5 points 
2.526472, 5.025803, -0.645000 
2.449725, -5.228224, -0.645000 
-4.094011, -5.197492, -0.645000 
-3.987161, 8.782514, -0.645000 
2.016624, 8.729797, -0.645000 
#OKS At  -640 : After 5 points 
2.528195, 5.025298, -0.640000 
2.451451, -5.228232, -0.640000 
-4.094011, -5.197492, -0.640000 
-3.987161, 8.782532, -0.640000 
2.018268, 8.729801, -0.640000 
#OKS At  -635 : After 5 points 
2.529917, 5.024793, -0.635000 
2.453178, -5.228240, -0.635000 
-4.094011, -5.197492, -0.635000 
-3.987161, 8.782551, -0.635000 
2.019911, 8.729804, -0.635000 
#OKS At  -630 : After 5 points 
2.531640, 5.024288, -0.630000 
2.454904, -5.228248, -0.630000 
-4.094011, -5.197492, -0.630000 
-3.987161, 8.782569, -0.630000 
2.021555, 8.729808, -0.630000 
#OKS At  -625 : After 5 points 
2.533363, 5.023782, -0.625000 
2.456631, -5.228256, -0.625000 
-4.094011, -5.197492, -0.625000 
-3.987161, 8.782587, -0.625000 
2.023198, 8.729812, -0.625000 
#OKS At  -620 : After 5 points 
2.535086, 5.023277, -0.620000 
2.458357, -5.228264, -0.620000 
-4.094011, -5.197492, -0.620000 
-3.987161, 8.782605, -0.620000 
2.024842, 8.729816, -0.620000 
#OKS At  -615 : After 5 points 
2.536808, 5.022772, -0.615000 
2.460084, -5.228272, -0.615000 
-4.094011, -5.197492, -0.615000 
-3.987161, 8.782623, -0.615000 
2.026485, 8.729820, -0.615000 
#OKS At  -610 : After 5 points 
2.538531, 5.022267, -0.610000 
2.461810, -5.228280, -0.610000 
-4.094011, -5.197492, -0.610000 
-3.987161, 8.782642, -0.610000 
2.028129, 8.729823, -0.610000 
#OKS At  -605 : After 5 points 
2.540254, 5.021761, -0.605000 
2.463536, -5.228288, -0.605000 
-4.094011, -5.197492, -0.605000 
-3.987160, 8.782660, -0.605000 
2.029772, 8.729827, -0.605000 
#OKS At  -600 : After 5 points 
2.541977, 5.021256, -0.600000 
2.465263, -5.228297, -0.600000 
-4.094011, -5.197492, -0.600000 
-3.987160, 8.782678, -0.600000 
2.031416, 8.729831, -0.600000 
#OKS At  -595 : After 5 points 
2.543699, 5.020751, -0.595000 
2.466989, -5.228305, -0.595000 
-4.094011, -5.197492, -0.595000 
-3.987160, 8.782696, -0.595000 
2.033059, 8.729835, -0.595000 
#OKS At  -590 : After 5 points 
2.545422, 5.020246, -0.590000 
2.468716, -5.228313, -0.590000 
-4.094011, -5.197492, -0.590000 
-3.987160, 8.782714, -0.590000 
2.034703, 8.729838, -0.590000 
#OKS At  -585 : After 5 points 
2.547145, 5.019740, -0.585000 
2.470442, -5.228321, -0.585000 
-4.094011, -5.197492, -0.585000 
-3.987160, 8.782733, -0.585000 
2.036346, 8.729842, -0.585000 
#OKS At  -580 : After 5 points 
2.548868, 5.019235, -0.580000 
2.472169, -5.228329, -0.580000 
-4.094011, -5.197492, -0.580000 
-3.987160, 8.782751, -0.580000 
2.037990, 8.729846, -0.580000 
#OKS At  -575 : After 5 points 
2.550590, 5.018730, -0.575000 
2.473895, -5.228337, -0.575000 
-4.094011, -5.197492, -0.575000 
-3.987160, 8.782769, -0.575000 
2.039633, 8.729850, -0.575000 
#OKS At  -570 : After 5 points 
2.552313, 5.018225, -0.570000 
2.475622, -5.228345, -0.570000 
-4.094011, -5.197492, -0.570000 
-3.987159, 8.782787, -0.570000 
2.041277, 8.729853, -0.570000 
#OKS At  -565 : After 5 points 
2.554036, 5.017719, -0.565000 
2.477348, -5.228353, -0.565000 
-4.094011, -5.197492, -0.565000 
-3.987159, 8.782805, -0.565000 
2.042920, 8.729857, -0.565000 
#OKS At  -560 : After 5 points 
2.555758, 5.017214, -0.560000 
2.479075, -5.228361, -0.560000 
-4.094011, -5.197492, -0.560000 
-3.987159, 8.782824, -0.560000 
2.044564, 8.729861, -0.560000 
#OKS At  -555 : After 5 points 
2.557481, 5.016709, -0.555000 
2.480801, -5.228370, -0.555000 
-4.094011, -5.197492, -0.555000 
-3.987159, 8.782842, -0.555000 
2.046207, 8.729865, -0.555000 
#OKS At  -550 : After 5 points 
2.559204, 5.016204, -0.550000 
2.482528, -5.228378, -0.550000 
-4.094011, -5.197492, -0.550000 
-3.987159, 8.782860, -0.550000 
2.047851, 8.729868, -0.550000 
#OKS At  -545 : After 5 points 
2.560927, 5.015698, -0.545000 
2.484254, -5.228386, -0.545000 
-4.094011, -5.197492, -0.545000 
-3.987159, 8.782878, -0.545000 
2.049494, 8.729872, -0.545000 
#OKS At  -540 : After 5 points 
2.562649, 5.015193, -0.540000 
2.485980, -5.228394, -0.540000 
-4.094011, -5.197492, -0.540000 
-3.987159, 8.782896, -0.540000 
2.051138, 8.729876, -0.540000 
#OKS At  -535 : After 5 points 
2.564372, 5.014688, -0.535000 
2.487707, -5.228402, -0.535000 
-4.094011, -5.197492, -0.535000 
-3.987158, 8.782915, -0.535000 
2.052781, 8.729880, -0.535000 
#OKS At  -530 : After 6 points 
2.566095, 5.014183, -0.530000 
2.489433, -5.228410, -0.530000 
-4.094011, -5.197492, -0.530000 
-3.987158, 8.782933, -0.530000 
2.054111, 8.729886, -0.530000 
2.065750, 8.647676, -0.530000 
#OKS At  -525 : After 6 points 
2.567818, 5.013677, -0.525000 
2.491160, -5.228418, -0.525000 
-4.094011, -5.197492, -0.525000 
-3.987158, 8.782951, -0.525000 
2.055167, 8.729895, -0.525000 
2.088640, 8.493450, -0.525000 
#OKS At  -520 : After 6 points 
2.569540, 5.013172, -0.520000 
2.492886, -5.228426, -0.520000 
-4.094011, -5.197492, -0.520000 
-3.987158, 8.782969, -0.520000 
2.056223, 8.729904, -0.520000 
2.111531, 8.339224, -0.520000 
#OKS At  -515 : After 6 points 
2.571263, 5.012667, -0.515000 
2.494613, -5.228434, -0.515000 
-4.094011, -5.197492, -0.515000 
-3.987158, 8.782987, -0.515000 
2.057278, 8.729913, -0.515000 
2.134422, 8.184999, -0.515000 
#OKS At  -510 : After 6 points 
2.572986, 5.012161, -0.510000 
2.496339, -5.228443, -0.510000 
-4.094011, -5.197492, -0.510000 
-3.987158, 8.783005, -0.510000 
2.058334, 8.729922, -0.510000 
2.157312, 8.030773, -0.510000 
#OKS At  -505 : After 6 points 
2.574709, 5.011656, -0.505000 
2.498066, -5.228451, -0.505000 
-4.094011, -5.197492, -0.505000 
-3.987158, 8.783024, -0.505000 
2.059389, 8.729931, -0.505000 
2.180203, 7.876547, -0.505000 
#OKS At  -500 : After 6 points 
2.576431, 5.011151, -0.500000 
2.499792, -5.228459, -0.500000 
-4.094011, -5.197492, -0.500000 
-3.987157, 8.783042, -0.500000 
2.060445, 8.729940, -0.500000 
2.203093, 7.722321, -0.500000 
#OKS At  -495 : After 6 points 
2.578154, 5.010646, -0.495000 
2.501519, -5.228467, -0.495000 
-4.094011, -5.197492, -0.495000 
-3.987157, 8.783060, -0.495000 
2.061501, 8.729949, -0.495000 
2.225984, 7.568095, -0.495000 
#OKS At  -490 : After 6 points 
2.579877, 5.010140, -0.490000 
2.503245, -5.228475, -0.490000 
-4.094011, -5.197492, -0.490000 
-3.987157, 8.783078, -0.490000 
2.062556, 8.729958, -0.490000 
2.248875, 7.413869, -0.490000 
#OKS At  -485 : After 6 points 
2.581600, 5.009635, -0.485000 
2.504972, -5.228483, -0.485000 
-4.094011, -5.197492, -0.485000 
-3.987157, 8.783096, -0.485000 
2.063612, 8.729967, -0.485000 
2.271765, 7.259643, -0.485000 
#OKS At  -480 : After 6 points 
2.583322, 5.009130, -0.480000 
2.506698, -5.228491, -0.480000 
-4.094011, -5.197492, -0.480000 
-3.987157, 8.783115, -0.480000 
2.064667, 8.729976, -0.480000 
2.294656, 7.105418, -0.480000 
#OKS At  -475 : After 6 points 
2.585045, 5.008625, -0.475000 
2.508424, -5.228499, -0.475000 
-4.094011, -5.197492, -0.475000 
-3.987157, 8.783133, -0.475000 
2.065723, 8.729984, -0.475000 
2.317547, 6.951192, -0.475000 
#OKS At  -470 : After 6 points 
2.586768, 5.008119, -0.470000 
2.510151, -5.228507, -0.470000 
-4.094011, -5.197492, -0.470000 
-3.987157, 8.783151, -0.470000 
2.066779, 8.729993, -0.470000 
2.340437, 6.796966, -0.470000 
#OKS At  -465 : After 6 points 
2.588491, 5.007614, -0.465000 
2.511877, -5.228515, -0.465000 
-4.094011, -5.197492, -0.465000 
-3.987156, 8.783169, -0.465000 
2.067834, 8.730002, -0.465000 
2.363328, 6.642740, -0.465000 
#OKS At  -460 : After 6 points 
2.590213, 5.007109, -0.460000 
2.513604, -5.228524, -0.460000 
-4.094011, -5.197492, -0.460000 
-3.987156, 8.783187, -0.460000 
2.068890, 8.730011, -0.460000 
2.386218, 6.488514, -0.460000 
#OKS At  -455 : After 6 points 
2.591936, 5.006604, -0.455000 
2.515330, -5.228532, -0.455000 
-4.094011, -5.197492, -0.455000 
-3.987156, 8.783206, -0.455000 
2.069946, 8.730020, -0.455000 
2.409109, 6.334288, -0.455000 
#OKS At  -450 : After 6 points 
2.593659, 5.006098, -0.450000 
2.517057, -5.228540, -0.450000 
-4.094011, -5.197492, -0.450000 
-3.987156, 8.783224, -0.450000 
2.071001, 8.730029, -0.450000 
2.432000, 6.180063, -0.450000 
#OKS At  -445 : After 6 points 
2.595382, 5.005593, -0.445000 
2.518783, -5.228548, -0.445000 
-4.094011, -5.197492, -0.445000 
-3.987156, 8.783242, -0.445000 
2.072057, 8.730038, -0.445000 
2.454890, 6.025837, -0.445000 
#OKS At  -440 : After 6 points 
2.597104, 5.005088, -0.440000 
2.520510, -5.228556, -0.440000 
-4.094011, -5.197492, -0.440000 
-3.987156, 8.783260, -0.440000 
2.073112, 8.730047, -0.440000 
2.477781, 5.871611, -0.440000 
#OKS At  -435 : After 6 points 
2.598827, 5.004583, -0.435000 
2.522236, -5.228564, -0.435000 
-4.094011, -5.197492, -0.435000 
-3.987156, 8.783278, -0.435000 
2.074168, 8.730056, -0.435000 
2.500672, 5.717385, -0.435000 
#OKS At  -430 : After 6 points 
2.600550, 5.004077, -0.430000 
2.523963, -5.228572, -0.430000 
-4.094011, -5.197492, -0.430000 
-3.987156, 8.783297, -0.430000 
2.075224, 8.730065, -0.430000 
2.523562, 5.563159, -0.430000 
#OKS At  -425 : After 6 points 
2.602272, 5.003572, -0.425000 
2.525689, -5.228580, -0.425000 
-4.094011, -5.197492, -0.425000 
-3.987155, 8.783315, -0.425000 
2.076279, 8.730074, -0.425000 
2.546453, 5.408933, -0.425000 
#OKS At  -420 : After 6 points 
2.603995, 5.003067, -0.420000 
2.527416, -5.228588, -0.420000 
-4.094011, -5.197492, -0.420000 
-3.987155, 8.783333, -0.420000 
2.077335, 8.730083, -0.420000 
2.569343, 5.254707, -0.420000 
#OKS At  -415 : After 6 points 
2.605718, 5.002562, -0.415000 
2.529142, -5.228597, -0.415000 
-4.094011, -5.197492, -0.415000 
-3.987155, 8.783351, -0.415000 
2.078391, 8.730092, -0.415000 
2.592234, 5.100482, -0.415000 
#OKS At  -410 : After 5 points 
2.606810, 5.004990, -0.410000 
2.529849, -5.228600, -0.410000 
-4.094011, -5.197492, -0.410000 
-3.987155, 8.783369, -0.410000 
2.079446, 8.730100, -0.410000 
#OKS At  -405 : After 5 points 
2.606794, 5.012566, -0.405000 
2.529810, -5.228600, -0.405000 
-4.094011, -5.197492, -0.405000 
-3.987155, 8.783388, -0.405000 
2.080502, 8.730109, -0.405000 
#OKS At  -400 : After 5 points 
2.606778, 5.020142, -0.400000 
2.529771, -5.228600, -0.400000 
-4.094011, -5.197492, -0.400000 
-3.987155, 8.783406, -0.400000 
2.081557, 8.730118, -0.400000 
#OKS At  -395 : After 5 points 
2.606763, 5.027719, -0.395000 
2.529732, -5.228599, -0.395000 
-4.094011, -5.197492, -0.395000 
-3.987155, 8.783424, -0.395000 
2.082613, 8.730127, -0.395000 
#OKS At  -390 : After 5 points 
2.606747, 5.035295, -0.390000 
2.529693, -5.228599, -0.390000 
-4.094011, -5.197492, -0.390000 
-3.987154, 8.783442, -0.390000 
2.083669, 8.730136, -0.390000 
#OKS At  -385 : After 5 points 
2.606731, 5.042871, -0.385000 
2.529655, -5.228599, -0.385000 
-4.094011, -5.197492, -0.385000 
-3.987154, 8.783460, -0.385000 
2.084724, 8.730145, -0.385000 
#OKS At  -380 : After 5 points 
2.606716, 5.050447, -0.380000 
2.529616, -5.228599, -0.380000 
-4.094011, -5.197492, -0.380000 
-3.987154, 8.783478, -0.380000 
2.085780, 8.730154, -0.380000 
#OKS At  -375 : After 5 points 
2.606700, 5.058024, -0.375000 
2.529577, -5.228599, -0.375000 
-4.094011, -5.197492, -0.375000 
-3.987154, 8.783497, -0.375000 
2.086836, 8.730163, -0.375000 
#OKS At  -370 : After 5 points 
2.606684, 5.065600, -0.370000 
2.529538, -5.228598, -0.370000 
-4.094011, -5.197492, -0.370000 
-3.987154, 8.783515, -0.370000 
2.087891, 8.730172, -0.370000 
#OKS At  -365 : After 5 points 
2.606669, 5.073176, -0.365000 
2.529499, -5.228598, -0.365000 
-4.094011, -5.197492, -0.365000 
-3.987154, 8.783533, -0.365000 
2.088947, 8.730181, -0.365000 
#OKS At  -360 : After 5 points 
2.606653, 5.080752, -0.360000 
2.529460, -5.228598, -0.360000 
-4.094011, -5.197492, -0.360000 
-3.987154, 8.783551, -0.360000 
2.090002, 8.730190, -0.360000 
#OKS At  -355 : After 5 points 
2.606637, 5.088329, -0.355000 
2.529421, -5.228598, -0.355000 
-4.094011, -5.197492, -0.355000 
-3.987153, 8.783569, -0.355000 
2.091058, 8.730199, -0.355000 
#OKS At  -350 : After 5 points 
2.606621, 5.095905, -0.350000 
2.529382, -5.228598, -0.350000 
-4.094011, -5.197492, -0.350000 
-3.987153, 8.783588, -0.350000 
2.092114, 8.730208, -0.350000 
#OKS At  -345 : After 5 points 
2.606606, 5.103481, -0.345000 
2.529343, -5.228598, -0.345000 
-4.094011, -5.197492, -0.345000 
-3.987153, 8.783606, -0.345000 
2.093169, 8.730216, -0.345000 
#OKS At  -340 : After 5 points 
2.606590, 5.111057, -0.340000 
2.529304, -5.228597, -0.340000 
-4.094011, -5.197492, -0.340000 
-3.987153, 8.783624, -0.340000 
2.094225, 8.730225, -0.340000 
#OKS At  -335 : After 5 points 
2.606574, 5.118634, -0.335000 
2.529265, -5.228597, -0.335000 
-4.094011, -5.197492, -0.335000 
-3.987153, 8.783642, -0.335000 
2.095280, 8.730234, -0.335000 
#OKS At  -330 : After 5 points 
2.606559, 5.126210, -0.330000 
2.529227, -5.228597, -0.330000 
-4.094011, -5.197492, -0.330000 
-3.987153, 8.783660, -0.330000 
2.096336, 8.730243, -0.330000 
#OKS At  -325 : After 5 points 
2.606543, 5.133786, -0.325000 
2.529188, -5.228597, -0.325000 
-4.094011, -5.197492, -0.325000 
-3.987153, 8.783679, -0.325000 
2.097392, 8.730252, -0.325000 
#OKS At  -320 : After 5 points 
2.606527, 5.141362, -0.320000 
2.529149, -5.228597, -0.320000 
-4.094011, -5.197492, -0.320000 
-3.987152, 8.783697, -0.320000 
2.098447, 8.730261, -0.320000 
#OKS At  -315 : After 5 points 
2.606512, 5.148939, -0.315000 
2.529110, -5.228596, -0.315000 
-4.094011, -5.197492, -0.315000 
-3.987152, 8.783715, -0.315000 
2.099503, 8.730270, -0.315000 
#OKS At  -310 : After 5 points 
2.606496, 5.156515, -0.310000 
2.529071, -5.228596, -0.310000 
-4.094011, -5.197492, -0.310000 
-3.987152, 8.783733, -0.310000 
2.100559, 8.730279, -0.310000 
#OKS At  -305 : After 5 points 
2.606480, 5.164091, -0.305000 
2.529032, -5.228596, -0.305000 
-4.094011, -5.197492, -0.305000 
-3.987152, 8.783751, -0.305000 
2.101614, 8.730288, -0.305000 
#OKS At  -300 : After 5 points 
2.606465, 5.171667, -0.300000 
2.528993, -5.228596, -0.300000 
-4.094011, -5.197492, -0.300000 
-3.987152, 8.783770, -0.300000 
2.102670, 8.730297, -0.300000 
#OKS At  -295 : After 5 points 
2.606449, 5.179244, -0.295000 
2.528954, -5.228596, -0.295000 
-4.094011, -5.197492, -0.295000 
-3.987152, 8.783788, -0.295000 
2.103725, 8.730306, -0.295000 
#OKS At  -290 : After 5 points 
2.606433, 5.186820, -0.290000 
2.528915, -5.228596, -0.290000 
-4.094011, -5.197492, -0.290000 
-3.987152, 8.783806, -0.290000 
2.104781, 8.730315, -0.290000 
#OKS At  -285 : After 5 points 
2.606418, 5.194396, -0.285000 
2.528876, -5.228595, -0.285000 
-4.094011, -5.197492, -0.285000 
-3.987151, 8.783824, -0.285000 
2.105837, 8.730324, -0.285000 
#OKS At  -280 : After 5 points 
2.606402, 5.201972, -0.280000 
2.528837, -5.228595, -0.280000 
-4.094011, -5.197492, -0.280000 
-3.987151, 8.783842, -0.280000 
2.106892, 8.730332, -0.280000 
#OKS At  -275 : After 5 points 
2.606386, 5.209549, -0.275000 
2.528798, -5.228595, -0.275000 
-4.094011, -5.197492, -0.275000 
-3.987151, 8.783861, -0.275000 
2.107948, 8.730341, -0.275000 
#OKS At  -270 : After 5 points 
2.606371, 5.217125, -0.270000 
2.528760, -5.228595, -0.270000 
-4.094011, -5.197492, -0.270000 
-3.987151, 8.783879, -0.270000 
2.109004, 8.730350, -0.270000 
#OKS At  -265 : After 5 points 
2.606355, 5.224701, -0.265000 
2.528721, -5.228595, -0.265000 
-4.094011, -5.197492, -0.265000 
-3.987151, 8.783897, -0.265000 
2.110059, 8.730359, -0.265000 
#OKS At  -260 : After 5 points 
2.606339, 5.232277, -0.260000 
2.528682, -5.228594, -0.260000 
-4.094011, -5.197492, -0.260000 
-3.987151, 8.783915, -0.260000 
2.111115, 8.730368, -0.260000 
#OKS At  -255 : After 5 points 
2.606323, 5.239854, -0.255000 
2.528643, -5.228594, -0.255000 
-4.094011, -5.197492, -0.255000 
-3.987151, 8.783933, -0.255000 
2.112170, 8.730377, -0.255000 
#OKS At  -250 : After 5 points 
2.606308, 5.247430, -0.250000 
2.528604, -5.228594, -0.250000 
-4.094011, -5.197492, -0.250000 
-3.987151, 8.783951, -0.250000 
2.113226, 8.730386, -0.250000 
#OKS At  -245 : After 5 points 
2.606292, 5.255006, -0.245000 
2.528565, -5.228594, -0.245000 
-4.094011, -5.197492, -0.245000 
-3.987150, 8.783970, -0.245000 
2.114282, 8.730395, -0.245000 
#OKS At  -240 : After 5 points 
2.606276, 5.262582, -0.240000 
2.528526, -5.228594, -0.240000 
-4.094011, -5.197492, -0.240000 
-3.987150, 8.783988, -0.240000 
2.115337, 8.730404, -0.240000 
#OKS At  -235 : After 5 points 
2.606261, 5.270159, -0.235000 
2.528487, -5.228594, -0.235000 
-4.094011, -5.197492, -0.235000 
-3.987150, 8.784006, -0.235000 
2.116393, 8.730413, -0.235000 
#OKS At  -230 : After 5 points 
2.606245, 5.277735, -0.230000 
2.528448, -5.228593, -0.230000 
-4.094011, -5.197492, -0.230000 
-3.987150, 8.784024, -0.230000 
2.117449, 8.730422, -0.230000 
#OKS At  -225 : After 5 points 
2.606229, 5.285311, -0.225000 
2.528409, -5.228593, -0.225000 
-4.094011, -5.197492, -0.225000 
-3.987150, 8.784042, -0.225000 
2.118504, 8.730431, -0.225000 
#OKS At  -220 : After 5 points 
2.606214, 5.292887, -0.220000 
2.528370, -5.228593, -0.220000 
-4.094011, -5.197492, -0.220000 
-3.987150, 8.784061, -0.220000 
2.119560, 8.730440, -0.220000 
#OKS At  -215 : After 5 points 
2.606198, 5.300464, -0.215000 
2.528332, -5.228593, -0.215000 
-4.094011, -5.197492, -0.215000 
-3.987150, 8.784079, -0.215000 
2.120615, 8.730449, -0.215000 
#OKS At  -210 : After 5 points 
2.606182, 5.308040, -0.210000 
2.528293, -5.228593, -0.210000 
-4.094011, -5.197492, -0.210000 
-3.987149, 8.784097, -0.210000 
2.121671, 8.730457, -0.210000 
#OKS At  -205 : After 5 points 
2.606167, 5.315616, -0.205000 
2.528254, -5.228592, -0.205000 
-4.094011, -5.197492, -0.205000 
-3.987149, 8.784115, -0.205000 
2.122727, 8.730466, -0.205000 
#OKS At  -200 : After 5 points 
2.606151, 5.323192, -0.200000 
2.528215, -5.228592, -0.200000 
-4.094011, -5.197492, -0.200000 
-3.987149, 8.784133, -0.200000 
2.123782, 8.730475, -0.200000 
#OKS At  -195 : After 5 points 
2.606135, 5.330769, -0.195000 
2.528176, -5.228592, -0.195000 
-4.094011, -5.197492, -0.195000 
-3.987149, 8.784152, -0.195000 
2.124838, 8.730484, -0.195000 
#OKS At  -190 : After 5 points 
2.606120, 5.338345, -0.190000 
2.528137, -5.228592, -0.190000 
-4.094011, -5.197492, -0.190000 
-3.987149, 8.784170, -0.190000 
2.125893, 8.730493, -0.190000 
#OKS At  -185 : After 5 points 
2.606104, 5.345921, -0.185000 
2.528098, -5.228592, -0.185000 
-4.094011, -5.197492, -0.185000 
-3.987149, 8.784188, -0.185000 
2.126949, 8.730502, -0.185000 
#OKS At  -180 : After 5 points 
2.606088, 5.353497, -0.180000 
2.528059, -5.228591, -0.180000 
-4.094011, -5.197492, -0.180000 
-3.987149, 8.784206, -0.180000 
2.128005, 8.730511, -0.180000 
#OKS At  -175 : After 5 points 
2.606073, 5.361074, -0.175000 
2.528020, -5.228591, -0.175000 
-4.094011, -5.197492, -0.175000 
-3.987148, 8.784224, -0.175000 
2.129060, 8.730520, -0.175000 
#OKS At  -170 : After 5 points 
2.606057, 5.368650, -0.170000 
2.527981, -5.228591, -0.170000 
-4.094011, -5.197492, -0.170000 
-3.987148, 8.784243, -0.170000 
2.130116, 8.730529, -0.170000 
#OKS At  -165 : After 5 points 
2.606041, 5.376226, -0.165000 
2.527942, -5.228591, -0.165000 
-4.094011, -5.197492, -0.165000 
-3.987148, 8.784261, -0.165000 
2.131172, 8.730538, -0.165000 
#OKS At  -160 : After 5 points 
2.606025, 5.383802, -0.160000 
2.527903, -5.228591, -0.160000 
-4.094011, -5.197492, -0.160000 
-3.987148, 8.784279, -0.160000 
2.132227, 8.730547, -0.160000 
#OKS At  -155 : After 5 points 
2.606010, 5.391378, -0.155000 
2.527865, -5.228591, -0.155000 
-4.094011, -5.197492, -0.155000 
-3.987148, 8.784297, -0.155000 
2.133283, 8.730556, -0.155000 
#OKS At  -150 : After 5 points 
2.605994, 5.398955, -0.150000 
2.527826, -5.228590, -0.150000 
-4.094011, -5.197492, -0.150000 
-3.987148, 8.784315, -0.150000 
2.134338, 8.730565, -0.150000 
#OKS At  -145 : After 5 points 
2.605978, 5.406531, -0.145000 
2.527787, -5.228590, -0.145000 
-4.094011, -5.197492, -0.145000 
-3.987148, 8.784334, -0.145000 
2.135394, 8.730573, -0.145000 
#OKS At  -140 : After 5 points 
2.605963, 5.414107, -0.140000 
2.527748, -5.228590, -0.140000 
-4.094011, -5.197492, -0.140000 
-3.987147, 8.784352, -0.140000 
2.136450, 8.730582, -0.140000 
#OKS At  -135 : After 5 points 
2.605947, 5.421683, -0.135000 
2.527709, -5.228590, -0.135000 
-4.094011, -5.197492, -0.135000 
-3.987147, 8.784370, -0.135000 
2.137505, 8.730591, -0.135000 
#OKS At  -130 : After 5 points 
2.605931, 5.429260, -0.130000 
2.527670, -5.228590, -0.130000 
-4.094011, -5.197492, -0.130000 
-3.987147, 8.784388, -0.130000 
2.138561, 8.730600, -0.130000 
#OKS At  -125 : After 5 points 
2.605916, 5.436836, -0.125000 
2.527631, -5.228589, -0.125000 
-4.094011, -5.197492, -0.125000 
-3.987147, 8.784406, -0.125000 
2.139617, 8.730609, -0.125000 
#OKS At  -120 : After 5 points 
2.605900, 5.444412, -0.120000 
2.527592, -5.228589, -0.120000 
-4.094011, -5.197492, -0.120000 
-3.987147, 8.784424, -0.120000 
2.140672, 8.730618, -0.120000 
#OKS At  -115 : After 5 points 
2.605884, 5.451988, -0.115000 
2.527553, -5.228589, -0.115000 
-4.094011, -5.197492, -0.115000 
-3.987147, 8.784443, -0.115000 
2.141728, 8.730627, -0.115000 
#OKS At  -110 : After 5 points 
2.605869, 5.459565, -0.110000 
2.527514, -5.228589, -0.110000 
-4.094011, -5.197492, -0.110000 
-3.987147, 8.784461, -0.110000 
2.142783, 8.730636, -0.110000 
#OKS At  -105 : After 5 points 
2.605853, 5.467141, -0.105000 
2.527475, -5.228589, -0.105000 
-4.094011, -5.197492, -0.105000 
-3.987146, 8.784479, -0.105000 
2.143839, 8.730645, -0.105000 
#OKS At  -100 : After 5 points 
2.605837, 5.474717, -0.100000 
2.527437, -5.228589, -0.100000 
-4.094011, -5.197492, -0.100000 
-3.987146, 8.784497, -0.100000 
2.144895, 8.730654, -0.100000 
#OKS At   -95 : After 5 points 
2.605822, 5.482293, -0.095000 
2.527398, -5.228588, -0.095000 
-4.094011, -5.197492, -0.095000 
-3.987146, 8.784515, -0.095000 
2.145950, 8.730663, -0.095000 
#OKS At   -90 : After 5 points 
2.605806, 5.489870, -0.090000 
2.527359, -5.228588, -0.090000 
-4.094011, -5.197492, -0.090000 
-3.987146, 8.784534, -0.090000 
2.147006, 8.730672, -0.090000 
#OKS At   -85 : After 5 points 
2.605790, 5.497446, -0.085000 
2.527320, -5.228588, -0.085000 
-4.094011, -5.197492, -0.085000 
-3.987146, 8.784552, -0.085000 
2.148062, 8.730681, -0.085000 
#OKS At   -80 : After 5 points 
2.605775, 5.505022, -0.080000 
2.527281, -5.228588, -0.080000 
-4.094011, -5.197492, -0.080000 
-3.987146, 8.784570, -0.080000 
2.149117, 8.730689, -0.080000 
#OKS At   -75 : After 5 points 
2.605759, 5.512598, -0.075000 
2.527242, -5.228588, -0.075000 
-4.094011, -5.197492, -0.075000 
-3.987146, 8.784588, -0.075000 
2.150173, 8.730698, -0.075000 
#OKS At   -70 : After 5 points 
2.605743, 5.520175, -0.070000 
2.527203, -5.228587, -0.070000 
-4.094011, -5.197492, -0.070000 
-3.987146, 8.784606, -0.070000 
2.151228, 8.730707, -0.070000 
#OKS At   -65 : After 5 points 
2.605727, 5.527751, -0.065000 
2.527164, -5.228587, -0.065000 
-4.094011, -5.197492, -0.065000 
-3.987145, 8.784625, -0.065000 
2.152284, 8.730716, -0.065000 
#OKS At   -60 : After 5 points 
2.605712, 5.535327, -0.060000 
2.527125, -5.228587, -0.060000 
-4.094011, -5.197492, -0.060000 
-3.987145, 8.784643, -0.060000 
2.153340, 8.730725, -0.060000 
#OKS At   -55 : After 5 points 
2.605696, 5.542903, -0.055000 
2.527086, -5.228587, -0.055000 
-4.094011, -5.197492, -0.055000 
-3.987145, 8.784661, -0.055000 
2.154395, 8.730734, -0.055000 
#OKS At   -50 : After 5 points 
2.605680, 5.550480, -0.050000 
2.527047, -5.228587, -0.050000 
-4.094011, -5.197492, -0.050000 
-3.987145, 8.784679, -0.050000 
2.155451, 8.730743, -0.050000 
#OKS At   -45 : After 5 points 
2.605665, 5.558056, -0.045000 
2.527008, -5.228587, -0.045000 
-4.094011, -5.197492, -0.045000 
-3.987145, 8.784697, -0.045000 
2.156506, 8.730752, -0.045000 
#OKS At   -40 : After 5 points 
2.605649, 5.565632, -0.040000 
2.526970, -5.228586, -0.040000 
-4.094011, -5.197492, -0.040000 
-3.987145, 8.784716, -0.040000 
2.157562, 8.730761, -0.040000 
#OKS At   -35 : After 5 points 
2.605633, 5.573208, -0.035000 
2.526931, -5.228586, -0.035000 
-4.094011, -5.197492, -0.035000 
-3.987145, 8.784734, -0.035000 
2.158618, 8.730770, -0.035000 
#OKS At   -30 : After 5 points 
2.605618, 5.580785, -0.030000 
2.526892, -5.228586, -0.030000 
-4.094011, -5.197492, -0.030000 
-3.987144, 8.784752, -0.030000 
2.159673, 8.730779, -0.030000 
#OKS At   -25 : After 5 points 
2.605602, 5.588361, -0.025000 
2.526853, -5.228586, -0.025000 
-4.094011, -5.197492, -0.025000 
-3.987144, 8.784770, -0.025000 
2.160729, 8.730788, -0.025000 
#OKS At   -20 : After 5 points 
2.605586, 5.595937, -0.020000 
2.526814, -5.228586, -0.020000 
-4.094011, -5.197492, -0.020000 
-3.987144, 8.784788, -0.020000 
2.161785, 8.730797, -0.020000 
#OKS At   -15 : After 5 points 
2.605571, 5.603513, -0.015000 
2.526775, -5.228585, -0.015000 
-4.094011, -5.197492, -0.015000 
-3.987144, 8.784807, -0.015000 
2.162840, 8.730805, -0.015000 
#OKS At   -10 : After 5 points 
2.605555, 5.611090, -0.010000 
2.526736, -5.228585, -0.010000 
-4.094011, -5.197492, -0.010000 
-3.987144, 8.784825, -0.010000 
2.163896, 8.730814, -0.010000 
#OKS At    -5 : After 5 points 
2.605539, 5.618666, -0.005000 
2.526697, -5.228585, -0.005000 
-4.094011, -5.197492, -0.005000 
-3.987144, 8.784843, -0.005000 
2.164951, 8.730823, -0.005000 
#OKS At     0 : After 5 points 
2.605524, 5.626242, 0.000000 
2.526658, -5.228585, 0.000000 
-4.094011, -5.197492, 0.000000 
-3.987144, 8.784861, 0.000000 
2.166007, 8.730832, 0.000000 
#OKS At   100 : After 5 points 
2.605210, 5.777767, 0.100000 
2.525880, -5.228581, 0.100000 
-4.094011, -5.197492, 0.100000 
-3.987141, 8.785225, 0.100000 
2.187119, 8.731011, 0.100000 
#OKS At   200 : After 5 points 
2.604896, 5.929292, 0.200000 
2.525102, -5.228578, 0.200000 
-4.094011, -5.197492, 0.200000 
-3.987138, 8.785589, 0.200000 
2.208232, 8.731189, 0.200000 
#OKS At   300 : After 5 points 
2.604583, 6.080817, 0.300000 
2.524323, -5.228574, 0.300000 
-4.094011, -5.197492, 0.300000 
-3.987135, 8.785953, 0.300000 
2.229344, 8.731368, 0.300000 
#OKS At   400 : After 5 points 
2.604269, 6.232342, 0.400000 
2.523545, -5.228570, 0.400000 
-4.094011, -5.197492, 0.400000 
-3.987132, 8.786317, 0.400000 
2.250457, 8.731546, 0.400000 
#OKS At   500 : After 5 points 
2.603955, 6.383867, 0.500000 
2.522767, -5.228567, 0.500000 
-4.094011, -5.197492, 0.500000 
-3.987130, 8.786680, 0.500000 
2.271569, 8.731725, 0.500000 
#OKS At   600 : After 5 points 
2.603641, 6.535392, 0.600000 
2.521989, -5.228563, 0.600000 
-4.094011, -5.197492, 0.600000 
-3.987127, 8.787044, 0.600000 
2.292682, 8.731903, 0.600000 
#OKS At   700 : After 5 points 
2.603328, 6.686917, 0.700000 
2.521210, -5.228559, 0.700000 
-4.094011, -5.197492, 0.700000 
-3.987124, 8.787408, 0.700000 
2.313794, 8.732082, 0.700000 
#OKS At   800 : After 5 points 
2.603014, 6.838441, 0.800000 
2.520432, -5.228556, 0.800000 
-4.094011, -5.197492, 0.800000 
-3.987121, 8.787772, 0.800000 
2.334906, 8.732260, 0.800000 
#OKS At   900 : After 5 points 
2.602700, 6.989966, 0.900000 
2.519654, -5.228552, 0.900000 
-4.094011, -5.197492, 0.900000 
-3.987119, 8.788136, 0.900000 
2.356019, 8.732439, 0.900000 
#OKS At  1000 : After 5 points 
2.602387, 7.141491, 1.000000 
2.518876, -5.228548, 1.000000 
-4.094011, -5.197492, 1.000000 
-3.987116, 8.788500, 1.000000 
2.377131, 8.732617, 1.000000 
#OKS At  1100 : After 5 points 
2.602073, 7.293016, 1.100000 
2.518097, -5.228545, 1.100000 
-4.094011, -5.197492, 1.100000 
-3.987113, 8.788863, 1.100000 
2.398244, 8.732796, 1.100000 
#OKS At  1200 : After 5 points 
2.601759, 7.444541, 1.200000 
2.517319, -5.228541, 1.200000 
-4.094011, -5.197492, 1.200000 
-3.987110, 8.789227, 1.200000 
2.419356, 8.732974, 1.200000 
#OKS At  1300 : After 5 points 
2.601446, 7.596066, 1.300000 
2.516541, -5.228537, 1.300000 
-4.094011, -5.197492, 1.300000 
-3.987107, 8.789591, 1.300000 
2.440468, 8.733153, 1.300000 
#OKS At  1400 : After 5 points 
2.601132, 7.747591, 1.400000 
2.515762, -5.228534, 1.400000 
-4.094011, -5.197492, 1.400000 
-3.987105, 8.789955, 1.400000 
2.461581, 8.733331, 1.400000 
#OKS At  1500 : After 5 points 
2.600818, 7.899116, 1.500000 
2.514984, -5.228530, 1.500000 
-4.094011, -5.197492, 1.500000 
-3.987102, 8.790319, 1.500000 
2.482693, 8.733510, 1.500000 
#OKS At  1600 : After 5 points 
2.600505, 8.050641, 1.600000 
2.514206, -5.228526, 1.600000 
-4.094011, -5.197492, 1.600000 
-3.987099, 8.790683, 1.600000 
2.503806, 8.733688, 1.600000 
#OKS At  1700 : After 5 points 
2.600191, 8.202166, 1.700000 
2.513428, -5.228523, 1.700000 
-4.094011, -5.197492, 1.700000 
-3.987096, 8.791047, 1.700000 
2.524918, 8.733867, 1.700000 
#OKS At  1800 : After 5 points 
2.599877, 8.353691, 1.800000 
2.512649, -5.228519, 1.800000 
-4.094011, -5.197492, 1.800000 
-3.987094, 8.791410, 1.800000 
2.546031, 8.734045, 1.800000 
#OKS At  1900 : After 5 points 
2.599564, 8.505216, 1.900000 
2.511871, -5.228515, 1.900000 
-4.094011, -5.197492, 1.900000 
-3.987091, 8.791774, 1.900000 
2.567143, 8.734224, 1.900000 
#OKS At  2000 : After 5 points 
2.599250, 8.656741, 2.000000 
2.511093, -5.228512, 2.000000 
-4.094011, -5.197492, 2.000000 
-3.987088, 8.792138, 2.000000 
2.588255, 8.734402, 2.000000 
#OKS At  2100 : After 4 points 
2.510315, -5.228508, 2.100000 
2.598711, 8.734674, 2.100000 
-3.987085, 8.792502, 2.100000 
-4.094011, -5.197492, 2.100000 
#OKS At  2200 : After 4 points 
2.509536, -5.228505, 2.200000 
2.597935, 8.735045, 2.200000 
-3.987082, 8.792866, 2.200000 
-4.094011, -5.197492, 2.200000 
#OKS At  2300 : After 4 points 
2.508758, -5.228501, 2.300000 
2.597159, 8.735416, 2.300000 
-3.987080, 8.793230, 2.300000 
-4.094011, -5.197492, 2.300000 
#OKS At  2400 : After 4 points 
2.507980, -5.228497, 2.400000 
2.596383, 8.735786, 2.400000 
-3.987077, 8.793593, 2.400000 
-4.094011, -5.197492, 2.400000 
#OKS At  2500 : After 4 points 
2.507202, -5.228494, 2.500000 
2.595607, 8.736157, 2.500000 
-3.987074, 8.793957, 2.500000 
-4.094011, -5.197492, 2.500000 
#OKS At  2600 : After 4 points 
2.506423, -5.228490, 2.600000 
2.594832, 8.736528, 2.600000 
-3.987071, 8.794321, 2.600000 
-4.094011, -5.197492, 2.600000 
#OKS At  2700 : After 4 points 
2.505645, -5.228486, 2.700000 
2.594056, 8.736898, 2.700000 
-3.987068, 8.794685, 2.700000 
-4.094011, -5.197492, 2.700000 
#OKS At  2800 : After 4 points 
2.504867, -5.228483, 2.800000 
2.593280, 8.737269, 2.800000 
-3.987066, 8.795049, 2.800000 
-4.094011, -5.197492, 2.800000 
#OKS At  2900 : After 4 points 
2.504088, -5.228479, 2.900000 
2.592504, 8.737640, 2.900000 
-3.987063, 8.795413, 2.900000 
-4.094011, -5.197492, 2.900000 
#OKS At  3000 : After 4 points 
2.503310, -5.228475, 3.000000 
2.591728, 8.738010, 3.000000 
-3.987060, 8.795777, 3.000000 
-4.094011, -5.197492, 3.000000 
#OKS At  3100 : After 4 points 
2.502532, -5.228472, 3.100000 
2.590952, 8.738381, 3.100000 
-3.987057, 8.796140, 3.100000 
-4.094011, -5.197492, 3.100000 
#OKS At  3200 : After 4 points 
2.501754, -5.228468, 3.200000 
2.590176, 8.738752, 3.200000 
-3.987055, 8.796504, 3.200000 
-4.094011, -5.197492, 3.200000 
#OKS At  3300 : After 4 points 
2.500975, -5.228464, 3.300000 
2.589400, 8.739122, 3.300000 
-3.987052, 8.796868, 3.300000 
-4.094011, -5.197492, 3.300000 
#OKS At  3400 : After 4 points 
2.500197, -5.228461, 3.400000 
2.588624, 8.739493, 3.400000 
-3.987049, 8.797232, 3.400000 
-4.094011, -5.197492, 3.400000 
#OKS At  3500 : After 4 points 
2.499419, -5.228457, 3.500000 
2.587848, 8.739864, 3.500000 
-3.987046, 8.797596, 3.500000 
-4.094011, -5.197492, 3.500000 
#OKS At  3600 : After 4 points 
2.498641, -5.228453, 3.600000 
2.587072, 8.740234, 3.600000 
-3.987043, 8.797960, 3.600000 
-4.094011, -5.197492, 3.600000 
#OKS At  3700 : After 4 points 
2.497862, -5.228450, 3.700000 
2.586296, 8.740605, 3.700000 
-3.987041, 8.798323, 3.700000 
-4.094011, -5.197492, 3.700000 
#OKS At  3800 : After 4 points 
2.497084, -5.228446, 3.800000 
2.585520, 8.740976, 3.800000 
-3.987038, 8.798687, 3.800000 
-4.094011, -5.197492, 3.800000 
#OKS At  3900 : After 4 points 
2.496306, -5.228442, 3.900000 
2.584744, 8.741346, 3.900000 
-3.987035, 8.799051, 3.900000 
-4.094011, -5.197492, 3.900000 
#OKS At  4000 : After 4 points 
2.495528, -5.228439, 4.000000 
2.583968, 8.741717, 4.000000 
-3.987032, 8.799415, 4.000000 
-4.094011, -5.197492, 4.000000 
#OKS At  4100 : After 4 points 
2.494749, -5.228435, 4.100000 
2.583192, 8.742088, 4.100000 
-3.987030, 8.799779, 4.100000 
-4.094011, -5.197492, 4.100000 
#OKS At  4200 : After 4 points 
2.493971, -5.228431, 4.200000 
2.582416, 8.742459, 4.200000 
-3.987027, 8.800143, 4.200000 
-4.094011, -5.197492, 4.200000 
#OKS At  4300 : After 4 points 
2.493193, -5.228428, 4.300000 
2.581640, 8.742829, 4.300000 
-3.987024, 8.800507, 4.300000 
-4.094011, -5.197492, 4.300000 
#OKS At  4400 : After 4 points 
2.476144, -5.228348, 4.400000 
2.550490, 8.743467, 4.400000 
-3.987021, 8.800870, 4.400000 
-4.094011, -5.197492, 4.400000 
#OKS At  4500 : After 4 points 
2.441300, -5.228184, 4.500000 
2.515650, 8.744136, 4.500000 
-3.987018, 8.801234, 4.500000 
-4.094011, -5.197492, 4.500000 
#OKS At  4600 : After 4 points 
2.406457, -5.228020, 4.600000 
2.480809, 8.744806, 4.600000 
-3.987016, 8.801598, 4.600000 
-4.094011, -5.197492, 4.600000 
#OKS At  4700 : After 4 points 
2.371613, -5.227857, 4.700000 
2.445968, 8.745476, 4.700000 
-3.987013, 8.801962, 4.700000 
-4.094011, -5.197492, 4.700000 
#OKS At  4800 : After 4 points 
2.336770, -5.227693, 4.800000 
2.411127, 8.746146, 4.800000 
-3.987010, 8.802326, 4.800000 
-4.094011, -5.197492, 4.800000 
#OKS At  4900 : After 4 points 
2.301926, -5.227530, 4.900000 
2.376286, 8.746816, 4.900000 
-3.987007, 8.802690, 4.900000 
-4.094011, -5.197492, 4.900000 
#OKS At  5000 : After 4 points 
2.267083, -5.227366, 5.000000 
2.341446, 8.747485, 5.000000 
-3.987005, 8.803053, 5.000000 
-4.094011, -5.197492, 5.000000 
#OKS At  5100 : After 4 points 
2.232239, -5.227202, 5.100000 
2.306605, 8.748155, 5.100000 
-3.987002, 8.803417, 5.100000 
-4.094011, -5.197492, 5.100000 
#OKS At  5200 : After 4 points 
2.197396, -5.227039, 5.200000 
2.271764, 8.748825, 5.200000 
-3.986999, 8.803781, 5.200000 
-4.094011, -5.197492, 5.200000 
#OKS At  5300 : After 4 points 
2.162552, -5.226875, 5.300000 
2.236923, 8.749495, 5.300000 
-3.986996, 8.804145, 5.300000 
-4.094011, -5.197492, 5.300000 
#OKS At  5400 : After 5 points 
0.875714, 0.281997, 5.400000 
0.948860, 8.761169, 5.400000 
-3.986993, 8.804509, 5.400000 
-4.094011, -5.197492, 5.400000 
1.987210, -5.226052, 5.400000 
#OKS At  5500 : After 4 points 
0.827920, -5.220607, 5.500000 
0.948538, 8.761535, 5.500000 
-3.986991, 8.804873, 5.500000 
-4.094011, -5.197492, 5.500000 
#OKS At  5600 : After 4 points 
0.827596, -5.220606, 5.600000 
0.948217, 8.761902, 5.600000 
-3.986988, 8.805237, 5.600000 
-4.094011, -5.197492, 5.600000 
#OKS At  5700 : After 4 points 
0.827271, -5.220604, 5.700000 
0.947896, 8.762269, 5.700000 
-3.986985, 8.805600, 5.700000 
-4.094011, -5.197492, 5.700000 
#OKS At  5800 : After 4 points 
0.826947, -5.220603, 5.800000 
0.947574, 8.762636, 5.800000 
-3.986982, 8.805964, 5.800000 
-4.094011, -5.197492, 5.800000 
#OKS At  5900 : After 4 points 
0.826622, -5.220601, 5.900000 
0.947253, 8.763002, 5.900000 
-3.986979, 8.806328, 5.900000 
-4.094011, -5.197492, 5.900000 
#OKS At  6000 : After 4 points 
0.826298, -5.220599, 6.000000 
0.946931, 8.763369, 6.000000 
-3.986977, 8.806692, 6.000000 
-4.094011, -5.197492, 6.000000 
#OKS At  6100 : After 4 points 
0.825973, -5.220598, 6.100000 
0.946610, 8.763736, 6.100000 
-3.986974, 8.807056, 6.100000 
-4.094011, -5.197492, 6.100000 
#OKS At  6200 : After 4 points 
0.825648, -5.220596, 6.200000 
0.946288, 8.764102, 6.200000 
-3.986971, 8.807420, 6.200000 
-4.094011, -5.197492, 6.200000 
#OKS At  6300 : After 4 points 
0.825324, -5.220595, 6.300000 
0.945967, 8.764469, 6.300000 
-3.986968, 8.807784, 6.300000 
-4.094011, -5.197492, 6.300000 
#OKS At  6400 : After 4 points 
0.824999, -5.220593, 6.400000 
0.945646, 8.764836, 6.400000 
-3.986966, 8.808147, 6.400000 
-4.094011, -5.197492, 6.400000 
#OKS At  6500 : After 4 points 
0.824675, -5.220592, 6.500000 
0.945324, 8.765202, 6.500000 
-3.986963, 8.808511, 6.500000 
-4.094011, -5.197492, 6.500000 
#OKS At  6600 : After 4 points 
0.824350, -5.220590, 6.600000 
0.945003, 8.765569, 6.600000 
-3.986960, 8.808875, 6.600000 
-4.094011, -5.197492, 6.600000 
#OKS At  6700 : After 4 points 
0.824026, -5.220589, 6.700000 
0.944681, 8.765936, 6.700000 
-3.986957, 8.809239, 6.700000 
-4.094011, -5.197492, 6.700000 
#OKS At  6800 : After 4 points 
0.823701, -5.220587, 6.800000 
0.944360, 8.766302, 6.800000 
-3.986954, 8.809603, 6.800000 
-4.094011, -5.197492, 6.800000 
