#Plane 0. 
2549.5108644601,8553.2041843499,-2876.5747150731 
1179.2296808718,8554.5951491643,-1553.4989891679 
2589.9384103143,-4551.9147689454,-2893.7606630808 
-1521.8410993504,-4567.4162787286,1076.4030331556 
-1057.6473127177, -84.5024963703, 620.7257402924 
#ERRORs at Segment 3: 
,-1521.8410993507,-4567.4162787282,1076.4030331553 
 -1057.6473127177, -84.5024963703, 620.7257402924 
#Plane 0. 
2549.5108644601,8553.2041843499,-2876.5747150731 
1179.2296808718,8554.5951491643,-1553.4989891679 
2589.9384103143,-4551.9147689454,-2893.7606630808 
-1521.8410993504,-4567.4162787286,1076.4030331556 
-1057.6473127177, -84.5024963703, 620.7257402924 
#ERRORs at Segment 4: 
,1179.2296808720,8554.5951491631,-1553.4989891682 
 -1057.6473127177, -84.5024963702, 620.7257402923 
#Plane 1. 
7320.0267214224,8544.3273393495,2107.2268336705 
4586.0816821004,8547.1330529811,4674.4845521070 
7337.3239220772,3193.0720814758,2101.0338267692 
3707.8089329489,3175.9068643770,5509.2982550111 
3755.8991155414,-4547.5190684370,5478.6445623955 
7362.3003762506,-4533.9228470737,2092.0913767059 
2811.2929493630,-4551.0802568936,6365.6670510274 
2853.1828790959,-231.2874493075,6318.2185047375 
#ERRORs at Segment 4: 
,7362.3003762506,-4533.9228470737,2092.0913767059 
 3755.8991155403,-4547.5190684386,5478.6445623917 
#Plane 3. 
1179.2296808718,8554.5951491643,-1553.4989891679 
2549.5108644601,8553.2041843499,-2876.5747150731 
1179.0540901597,8553.9169959582,  59.1308142647 
3588.6873737514,8548.7581554322,4181.1829125070 
4586.0816820989,8547.1330529826,4674.4845521065 
7320.0267214224,8544.3273393495,2107.2268336705 
#ERRORs at Segment 1: 
,1179.2296808713,8554.5951491622,-1553.4989891675 
 1179.0540901597,8553.9169959582,  59.1308142647 
#Plane 3. 
1179.2296808718,8554.5951491643,-1553.4989891679 
2549.5108644601,8553.2041843499,-2876.5747150731 
1179.0540901597,8553.9169959582,  59.1308142647 
3588.6873737514,8548.7581554322,4181.1829125070 
4586.0816820989,8547.1330529826,4674.4845521065 
7320.0267214224,8544.3273393495,2107.2268336705 
#ERRORs at Segment 2: 
,3588.6873737514,8548.7581554322,4181.1829125070 
 1179.0540901596,8553.9169959581,  59.1308142647 
#Plane 6. 
-1521.8410993504,-4567.4162787286,1076.4030331556 
2589.9384103151,-4551.9147689447,-2893.7606630815 
-962.0966264344,-4565.3060283123,2209.8782658178 
 173.1385721362,-4561.0261637198,4103.3649998735 
1899.1197780280,-4554.5191721608,5896.0730541237 
 957.2389473868,-4558.0700860371,5411.1853181451 
2811.2929493606,-4551.0802568948,6365.6670510274 
3755.8991155403,-4547.5190684386,5478.6445623917 
4780.3947561871,-4543.6566947018,6560.5750596456 
8349.4990546444,-4530.2010837934,3123.4520696873 
7362.3003762537,-4533.9228470717,2092.0913767103 
#ERRORs at Segment 2: 
,-962.0966264397,-4565.3060283122,2209.8782658081 
  173.1385721362,-4561.0261637198,4103.3649998735 
#Plane 6. 
-1521.8410993504,-4567.4162787286,1076.4030331556 
2589.9384103151,-4551.9147689447,-2893.7606630815 
-962.0966264344,-4565.3060283123,2209.8782658178 
 173.1385721362,-4561.0261637198,4103.3649998735 
1899.1197780280,-4554.5191721608,5896.0730541237 
 957.2389473868,-4558.0700860371,5411.1853181451 
2811.2929493606,-4551.0802568948,6365.6670510274 
3755.8991155403,-4547.5190684386,5478.6445623917 
4780.3947561871,-4543.6566947018,6560.5750596456 
8349.4990546444,-4530.2010837934,3123.4520696873 
7362.3003762537,-4533.9228470717,2092.0913767103 
#ERRORs at Segment 4: 
, 957.2389473868,-4558.0700860371,5411.1853181451 
 1899.1197780274,-4554.5191721619,5896.0730541231 
#Plane 6. 
-1521.8410993504,-4567.4162787286,1076.4030331556 
2589.9384103151,-4551.9147689447,-2893.7606630815 
-962.0966264344,-4565.3060283123,2209.8782658178 
 173.1385721362,-4561.0261637198,4103.3649998735 
1899.1197780280,-4554.5191721608,5896.0730541237 
 957.2389473868,-4558.0700860371,5411.1853181451 
2811.2929493606,-4551.0802568948,6365.6670510274 
3755.8991155403,-4547.5190684386,5478.6445623917 
4780.3947561871,-4543.6566947018,6560.5750596456 
8349.4990546444,-4530.2010837934,3123.4520696873 
7362.3003762537,-4533.9228470717,2092.0913767103 
#ERRORs at Segment 5: 
,2811.2929493606,-4551.0802568948,6365.6670510274 
 3755.8991155403,-4547.5190684386,5478.6445623917 
#Plane 7. 
1179.2296808720,8554.5951491631,-1553.4989891682 
-1063.7590668449,-108.1068522836, 626.6663114556 
1179.0635154443,8553.9533975816, -27.4312524216 
#ERRORs at Segment 0: 
,1179.2296808720,8554.5951491631,-1553.4989891682 
 -1063.7590668449,-108.1068522836, 626.6663114556 
#Plane 7. 
1179.2296808720,8554.5951491631,-1553.4989891682 
-1063.7590668449,-108.1068522836, 626.6663114556 
1179.0635154443,8553.9533975816, -27.4312524216 
#ERRORs at Segment 1: 
,1179.2296808713,8554.5951491622,-1553.4989891675 
 1179.0635154443,8553.9533975816, -27.4312524216 
#Plane 7. 
1179.2296808720,8554.5951491631,-1553.4989891682 
-1063.7590668449,-108.1068522836, 626.6663114556 
1179.0635154443,8553.9533975816, -27.4312524216 
#ERRORs at Segment 2: 
,-1063.7590668449,-108.1068522835, 626.6663114556 
 1179.0635154462,8553.9533975816, -27.4312524205 
#Plane 8. 
4475.5913825002,21285.5547401238,-988.8317948064 
-1053.9178353519, -70.0987901219, 623.7962112542 
4475.5913822125,21285.5547390308,-988.8317947398 
-685.5216007712,  63.6092179155,1328.5828145210 
#ERRORs at Segment 0: 
,4475.5913825002,21285.5547401238,-988.8317948064 
 -1053.9178353519, -70.0987901219, 623.7962112542 
#Plane 8. 
4475.5913825002,21285.5547401238,-988.8317948064 
-1053.9178353519, -70.0987901219, 623.7962112542 
4475.5913822125,21285.5547390308,-988.8317947398 
-685.5216007712,  63.6092179155,1328.5828145210 
#ERRORs at Segment 1: 
,4475.5913822125,21285.5547390308,-988.8317947398 
 -685.5216007712,  63.6092179155,1328.5828145210 
#Plane 8. 
4475.5913825002,21285.5547401238,-988.8317948064 
-1053.9178353519, -70.0987901219, 623.7962112542 
4475.5913822125,21285.5547390308,-988.8317947398 
-685.5216007712,  63.6092179155,1328.5828145210 
#ERRORs at Segment 2: 
,-1053.9178353520, -70.0987901222, 623.7962112530 
 -685.5216007642,  63.6092179178,1328.5828145318 
#Plane 9. 
-1521.8410993507,-4567.4162787282,1076.4030331553 
-1056.2432409360, -70.9427872081, 619.3474288050 
-624.4536252079,  85.7736066928,1445.4132460631 
-962.0966264401,-4565.3060283116,2209.8782658155 
#ERRORs at Segment 0: 
,-1521.8410993507,-4567.4162787282,1076.4030331553 
 -1056.2432409360, -70.9427872081, 619.3474288050 
#Plane 9. 
-1521.8410993507,-4567.4162787282,1076.4030331553 
-1056.2432409360, -70.9427872081, 619.3474288050 
-624.4536252079,  85.7736066928,1445.4132460631 
-962.0966264401,-4565.3060283116,2209.8782658155 
#ERRORs at Segment 1: 
,-1056.2432409355, -70.9427872081, 619.3474288046 
 -624.4536252079,  85.7736066928,1445.4132460631 
#Plane 9. 
-1521.8410993507,-4567.4162787282,1076.4030331553 
-1056.2432409360, -70.9427872081, 619.3474288050 
-624.4536252079,  85.7736066928,1445.4132460631 
-962.0966264401,-4565.3060283116,2209.8782658155 
#ERRORs at Segment 2: 
,-962.0966264401,-4565.3060283116,2209.8782658155 
 -624.4536252161,  85.7736066907,1445.4132460498 
#Plane 10. 
1379.1913744197,8553.4885173431, 401.4967328147 
-708.0183634205, -28.8950680633,1338.6841873444 
3588.6873737514,8548.7581554322,4181.1829125070 
1983.7970751754, 426.7750569102,5701.2225412619 
#ERRORs at Segment 0: 
,1379.1913744197,8553.4885173431, 401.4967328147 
 -708.0183634205, -28.8950680633,1338.6841873444 
#Plane 10. 
1379.1913744197,8553.4885173431, 401.4967328147 
-708.0183634205, -28.8950680633,1338.6841873444 
3588.6873737514,8548.7581554322,4181.1829125070 
1983.7970751754, 426.7750569102,5701.2225412619 
#ERRORs at Segment 1: 
,3588.6873737514,8548.7581554322,4181.1829125070 
 1379.1913744213,8553.4885173428, 401.4967328237 
#Plane 10. 
1379.1913744197,8553.4885173431, 401.4967328147 
-708.0183634205, -28.8950680633,1338.6841873444 
3588.6873737514,8548.7581554322,4181.1829125070 
1983.7970751754, 426.7750569102,5701.2225412619 
#ERRORs at Segment 2: 
,3588.6873737500,8548.7581554350,4181.1829125079 
 1983.7970751754, 426.7750569102,5701.2225412619 
#Plane 10. 
1379.1913744197,8553.4885173431, 401.4967328147 
-708.0183634205, -28.8950680633,1338.6841873444 
3588.6873737514,8548.7581554322,4181.1829125070 
1983.7970751754, 426.7750569102,5701.2225412619 
#ERRORs at Segment 3: 
,-708.0183634239, -28.8950680639,1338.6841873375 
 1983.7970751803, 426.7750569104,5701.2225412641 
#Plane 11. 
-962.0966264401,-4565.3060283116,2209.8782658155 
-631.8418275401, -15.9999151763,1462.1410390595 
2127.1101833545, 451.0350789667,5933.4854676386 
1764.3787506696,-1102.0930235880,5771.5405666167 
 957.2389473859,-4558.0700860376,5411.1853181462 
 173.1385721381,-4561.0261637187,4103.3649998761 
#ERRORs at Segment 0: 
,-962.0966264401,-4565.3060283116,2209.8782658155 
 -631.8418275401, -15.9999151763,1462.1410390595 
#Plane 11. 
-962.0966264401,-4565.3060283116,2209.8782658155 
-631.8418275401, -15.9999151763,1462.1410390595 
2127.1101833545, 451.0350789667,5933.4854676386 
1764.3787506696,-1102.0930235880,5771.5405666167 
 957.2389473859,-4558.0700860376,5411.1853181462 
 173.1385721381,-4561.0261637187,4103.3649998761 
#ERRORs at Segment 1: 
,-631.8418275444, -15.9999151769,1462.1410390509 
 2127.1101833545, 451.0350789667,5933.4854676386 
#Plane 11. 
-962.0966264401,-4565.3060283116,2209.8782658155 
-631.8418275401, -15.9999151763,1462.1410390595 
2127.1101833545, 451.0350789667,5933.4854676386 
1764.3787506696,-1102.0930235880,5771.5405666167 
 957.2389473859,-4558.0700860376,5411.1853181462 
 173.1385721381,-4561.0261637187,4103.3649998761 
#ERRORs at Segment 4: 
,-962.0966264397,-4565.3060283122,2209.8782658081 
  957.2389473883,-4558.0700860390,5411.1853181461 
#Plane 12. 
3588.6873737500,8548.7581554350,4181.1829125079 
1868.7741359294,-155.3297569380,5810.1642091285 
4586.0816820989,8547.1330529826,4674.4845521065 
2853.1828790958,-231.2874493079,6318.2185047375 
#ERRORs at Segment 0: 
,3588.6873737500,8548.7581554350,4181.1829125079 
 1868.7741359294,-155.3297569380,5810.1642091285 
#Plane 12. 
3588.6873737500,8548.7581554350,4181.1829125079 
1868.7741359294,-155.3297569380,5810.1642091285 
4586.0816820989,8547.1330529826,4674.4845521065 
2853.1828790958,-231.2874493079,6318.2185047375 
#ERRORs at Segment 3: 
,2853.1828790975,-231.2874493079,6318.2185047360 
 1868.7741359281,-155.3297569378,5810.1642091263 
#Plane 13. 
 957.2389473859,-4558.0700860376,5411.1853181462 
1764.3787506696,-1102.0930235880,5771.5405666167 
2853.1828790975,-231.2874493079,6318.2185047360 
1983.4281566406,-164.1765443060,5869.3372590774 
2811.2929493630,-4551.0802568936,6365.6670510274 
1899.1197780264,-4554.5191721628,5896.0730541271 
#ERRORs at Segment 1: 
,2853.1828790975,-231.2874493079,6318.2185047360 
 1983.4281566406,-164.1765443060,5869.3372590774 
#Plane 13. 
 957.2389473859,-4558.0700860376,5411.1853181462 
1764.3787506696,-1102.0930235880,5771.5405666167 
2853.1828790975,-231.2874493079,6318.2185047360 
1983.4281566406,-164.1765443060,5869.3372590774 
2811.2929493630,-4551.0802568936,6365.6670510274 
1899.1197780264,-4554.5191721628,5896.0730541271 
#ERRORs at Segment 3: 
, 957.2389473868,-4558.0700860371,5411.1853181451 
 2811.2929493628,-4551.0802568922,6365.6670510281 
