CHECKING DISTANT FROM POINTS TO AVERAGE PLANE TO REMOVE INCORRECT POINT. 

Distant of points(mm) belongs the plane 0 (34 points): 
 7.10(517),  6.27(538),  5.45(526),  5.41(536),  5.11(542),  5.04(541),  4.77(518),  4.73(533),  4.01(528),  4.01(529),  3.73(516),  2.75(530),  2.64(543),  2.48(547),  2.34(546),  2.10(544),  1.95(515),  1.72(540),  1.46(523),  1.31(527),  1.29(531),  1.16(537),  0.95(534),  0.87(545),  0.84(520),  0.79(525),  0.63(532),  0.59(535),  0.45(519),  0.41(522),  0.28(514),  0.21(539),  0.09(524),  0.07(521), 
Distant of points(mm) belongs the plane 1 (38 points): 
14.62(240), 12.57(208), 11.60(238), 11.37(241), 10.64(202),  9.90(219),  9.77(221),  8.97(216),  8.88(209),  7.94(220),  7.53(218),  7.52(210),  7.10(229),  6.85(235),  5.95(230),  5.48(217),  5.37(211),  5.33(205),  5.06(239),  4.53(212),  4.34(223),  4.04(231),  3.60(236),  3.48(214),  3.43(227),  3.38(237),  3.35(206),  2.99(213),  2.81(222),  2.73(207),  2.72(232),  2.53(215),  1.81(228),  1.09(226),  0.85(203),  0.73(233),  0.58(204),  0.21(234), 
Distant of points(mm) belongs the plane 2 (18 points): 
 4.74(499),  4.56(501),  4.44(510),  3.98(509),  3.49(511),  3.25(505),  3.20(507),  2.85(496),  2.18(506),  1.79(504),  1.52(513),  1.35(500),  1.22(512),  0.86(503),  0.74(497),  0.54(508),  0.19(502),  0.13(498), 
Distant of points(mm) belongs the plane 3 (47 points): 
12.87(50), 12.42(47), 12.17(6), 12.11(42), 12.09(9), 11.64(16), 10.90(22), 10.62(23), 10.43(8),  9.56(38),  9.10(33),  8.64(45),  7.53(29),  7.46(24),  6.89(35),  6.70(10),  6.42(13),  6.18(48),  5.92(40),  5.91(44),  5.84(17),  5.79(46),  5.77(5),  5.77(31),  5.25(14),  5.11(30),  5.00(18),  4.84(12),  4.31(7),  4.07(39),  3.41(49),  3.11(20),  2.86(37),  2.74(25),  2.63(27),  2.31(43),  2.22(15),  1.58(34),  1.49(19),  1.25(41),  0.87(28),  0.63(51),  0.53(36),  0.44(21),  0.39(11),  0.32(32),  0.12(26), 
Distant of points(mm) belongs the plane 4 (15 points): 
 4.07(280),  3.61(276),  2.84(275),  2.63(279),  2.23(274),  2.11(270),  2.02(278),  1.30(271),  1.12(273),  0.62(272),  0.57(281),  0.41(282),  0.38(269),  0.30(268),  0.09(277), 
Distant of points(mm) belongs the plane 7 (18 points): 
 9.03(55),  5.00(54),  4.82(59),  3.94(67),  3.73(62),  3.64(53),  3.49(63),  2.98(60),  2.48(66),  2.45(57),  2.13(58),  2.10(61),  1.89(56),  1.80(65),  1.80(64),  0.70(68),  0.54(69),  0.29(52), 
Distant of points(mm) belongs the plane 8 (16 points): 
13.57(72), 10.98(77),  9.60(75),  8.20(82),  8.16(81),  6.24(73),  5.26(78),  4.61(85),  3.56(71),  2.22(79),  1.81(74),  1.71(76),  1.42(80),  1.38(83),  0.82(70),  0.19(84), 
Distant of points(mm) belongs the plane 9 (14 points): 
 7.68(92),  6.65(97),  5.42(89),  4.88(94),  4.26(87),  3.97(91),  3.53(88),  3.46(93),  2.72(96),  2.18(86),  1.99(99),  1.34(90),  0.73(95),  0.67(98), 
Distant of points(mm) belongs the plane 10 (38 points): 
40.80(135), 32.45(100), 30.25(134), 23.90(107), 15.49(123), 14.53(121), 14.33(124), 14.02(101), 13.53(133), 13.14(113), 12.96(137), 12.70(120), 12.43(122), 12.13(114), 10.51(119),  8.60(104),  8.18(111),  7.57(115),  6.44(132),  6.11(129),  5.81(112),  5.75(130),  5.43(105),  5.37(116),  5.09(125),  4.90(108),  4.79(106),  4.78(118),  4.62(128),  3.05(136),  2.76(127),  2.67(109),  1.59(102),  1.51(126),  1.49(110),  1.37(131),  1.06(103),  0.60(117), 
Distant of points(mm) belongs the plane 11 (27 points): 
13.79(138), 10.50(159),  8.53(154),  8.12(155),  7.55(139),  7.54(149),  6.39(143),  6.05(164),  5.86(156),  4.85(142),  4.58(150),  4.39(153),  4.34(163),  3.95(144),  3.66(140),  3.34(160),  2.91(158),  2.54(147),  2.49(151),  2.39(146),  1.96(161),  1.86(145),  1.62(152),  1.55(157),  1.09(141),  0.87(162),  0.83(148), 
Distant of points(mm) belongs the plane 12 (20 points): 
18.64(171), 15.46(184), 11.92(166), 10.31(168), 10.11(165), 10.01(178),  9.89(172),  9.06(170),  8.96(167),  8.53(182),  8.46(176),  7.23(183),  7.13(173),  5.89(174),  5.47(180),  4.76(179),  3.22(181),  2.64(177),  1.58(169),  0.63(175), 
Distant of points(mm) belongs the plane 13 (17 points): 
26.51(185), 23.25(186), 19.58(187), 18.87(201), 18.39(188), 18.30(200), 16.77(190), 14.35(191), 14.05(192), 13.38(195), 12.34(189),  9.16(193),  8.98(199),  8.16(194),  4.50(197),  3.07(196),  1.32(198), 
Distant of points(mm) belongs the plane 14 (26 points): 
 7.30(259),  6.01(250),  5.42(253),  4.82(245),  4.54(249),  3.90(266),  3.59(254),  3.41(265),  3.24(248),  3.07(264),  3.01(252),  3.01(267),  2.68(244),  2.51(256),  2.01(260),  1.95(247),  1.77(243),  1.75(257),  1.64(263),  1.46(261),  1.23(242),  0.98(251),  0.87(258),  0.48(262),  0.33(246),  0.23(255), 
Distant of points(mm) belongs the plane 15 (9 points): 
 3.77(361),  3.06(362),  2.34(359),  1.95(358),  0.95(360),  0.70(364),  0.51(363),  0.49(365),  0.10(366), 
