#Plane 0. 
   2.60420,    8.55341,   -2.81777 
   1.18295,    8.55461,   -1.54961 
  -1.13768,   -0.08480,    0.53368 
  -1.61942,   -4.56778,    0.97009 
   2.64531,   -4.55171,   -2.83530 
   2.60420,    8.55341,   -2.81777 
#ERRORs at Segment 1: 
    1.18295,   8.55461,  -1.54961 
   -1.13768,  -0.08480,   0.53368 
#Plane 0. 
   2.60420,    8.55341,   -2.81777 
   1.18295,    8.55461,   -1.54961 
  -1.13768,   -0.08480,    0.53368 
  -1.61942,   -4.56778,    0.97009 
   2.64531,   -4.55171,   -2.83530 
   2.60420,    8.55341,   -2.81777 
#ERRORs at Segment 2: 
   -1.13768,  -0.08480,   0.53368 
   -1.61942,  -4.56778,   0.97009 
#Plane 1. 
   7.17503,    8.54378,    2.34978 
   4.34224,    8.54621,    4.80754 
   7.19257,    3.19253,    2.34348 
   3.43183,    3.17487,    5.60637 
   3.48111,   -4.54856,    5.57649 
   2.50235,   -4.55225,    6.42567 
   2.54606,   -0.23245,    6.38055 
   7.17503,    8.54378,    2.34978 
#ERRORs at Segment 1: 
    4.34224,   8.54621,   4.80754 
    7.19257,   3.19253,   2.34348 
#Plane 1. 
   7.17503,    8.54378,    2.34978 
   4.34224,    8.54621,    4.80754 
   7.19257,    3.19253,    2.34348 
   3.43183,    3.17487,    5.60637 
   3.48111,   -4.54856,    5.57649 
   2.50235,   -4.55225,    6.42567 
   2.54606,   -0.23245,    6.38055 
   7.17503,    8.54378,    2.34978 
#ERRORs at Segment 5: 
    2.50235,  -4.55225,   6.42567 
    2.54606,  -0.23245,   6.38055 
#Plane 1. 
   7.17503,    8.54378,    2.34978 
   4.34224,    8.54621,    4.80754 
   7.19257,    3.19253,    2.34348 
   3.43183,    3.17487,    5.60637 
   3.48111,   -4.54856,    5.57649 
   2.50235,   -4.55225,    6.42567 
   2.54606,   -0.23245,    6.38055 
   7.17503,    8.54378,    2.34978 
#ERRORs at Segment 6: 
    2.54606,  -0.23245,   6.38055 
    7.17503,   8.54378,   2.34978 
#Plane 3. 
   1.18295,    8.55461,   -1.54961 
   2.60420,    8.55341,   -2.81777 
   7.17503,    8.54378,    2.34978 
   4.34224,    8.54621,    4.80754 
   3.36501,    8.54791,    4.27539 
   1.18266,    8.55355,    0.14959 
   1.18295,    8.55461,   -1.54961 
#ERRORs at Segment 1: 
    2.60420,   8.55341,  -2.81777 
    7.17503,   8.54378,   2.34978 
#Plane 5. 
   2.60420,    8.55341,   -2.81777 
   2.64531,   -4.55171,   -2.83530 
   7.17503,    8.54378,    2.34978 
   7.19257,    3.19253,    2.34348 
   8.13647,    3.18790,    3.41060 
   8.16378,   -4.53090,    3.40377 
   8.16378,   -4.53090,    3.40377 
   2.60420,    8.55341,   -2.81777 
#ERRORs at Segment 1: 
    2.64531,  -4.55171,  -2.83530 
    7.17503,   8.54378,   2.34978 
#Plane 5. 
   2.60420,    8.55341,   -2.81777 
   2.64531,   -4.55171,   -2.83530 
   7.17503,    8.54378,    2.34978 
   7.19257,    3.19253,    2.34348 
   8.13647,    3.18790,    3.41060 
   8.16378,   -4.53090,    3.40377 
   8.16378,   -4.53090,    3.40377 
   2.60420,    8.55341,   -2.81777 
#ERRORs at Segment 2: 
    7.17503,   8.54378,   2.34978 
    7.19257,   3.19253,   2.34348 
#Plane 5. 
   2.60420,    8.55341,   -2.81777 
   2.64531,   -4.55171,   -2.83530 
   7.17503,    8.54378,    2.34978 
   7.19257,    3.19253,    2.34348 
   8.13647,    3.18790,    3.41060 
   8.16378,   -4.53090,    3.40377 
   8.16378,   -4.53090,    3.40377 
   2.60420,    8.55341,   -2.81777 
#ERRORs at Segment 6: 
    8.16378,  -4.53090,   3.40377 
    2.60420,   8.55341,  -2.81777 
#Plane 6. 
  -1.61942,   -4.56778,    0.97009 
   2.64531,   -4.55171,   -2.83530 
  -1.10468,   -4.56584,    2.12470 
  -0.04479,   -4.56185,    4.06137 
   1.14831,   -4.55735,    5.65979 
   1.14831,   -4.55735,    5.65979 
   2.50235,   -4.55225,    6.42567 
   3.48111,   -4.54856,    5.57649 
   4.46226,   -4.54486,    6.69787 
   8.16378,   -4.53090,    3.40377 
   8.16378,   -4.53090,    3.40377 
  -1.61942,   -4.56778,    0.97009 
#ERRORs at Segment 1: 
    2.64531,  -4.55171,  -2.83530 
   -1.10468,  -4.56584,   2.12470 
#Plane 6. 
  -1.61942,   -4.56778,    0.97009 
   2.64531,   -4.55171,   -2.83530 
  -1.10468,   -4.56584,    2.12470 
  -0.04479,   -4.56185,    4.06137 
   1.14831,   -4.55735,    5.65979 
   1.14831,   -4.55735,    5.65979 
   2.50235,   -4.55225,    6.42567 
   3.48111,   -4.54856,    5.57649 
   4.46226,   -4.54486,    6.69787 
   8.16378,   -4.53090,    3.40377 
   8.16378,   -4.53090,    3.40377 
  -1.61942,   -4.56778,    0.97009 
#ERRORs at Segment 4: 
    1.14831,  -4.55735,   5.65979 
    1.14831,  -4.55735,   5.65979 
#Plane 6. 
  -1.61942,   -4.56778,    0.97009 
   2.64531,   -4.55171,   -2.83530 
  -1.10468,   -4.56584,    2.12470 
  -0.04479,   -4.56185,    4.06137 
   1.14831,   -4.55735,    5.65979 
   1.14831,   -4.55735,    5.65979 
   2.50235,   -4.55225,    6.42567 
   3.48111,   -4.54856,    5.57649 
   4.46226,   -4.54486,    6.69787 
   8.16378,   -4.53090,    3.40377 
   8.16378,   -4.53090,    3.40377 
  -1.61942,   -4.56778,    0.97009 
#ERRORs at Segment 10: 
    8.16378,  -4.53090,   3.40377 
   -1.61942,  -4.56778,   0.97009 
#Plane 7. 
   1.18295,    8.55461,   -1.54961 
  -1.14402,   -0.10841,    0.53938 
   1.18266,    8.55355,    0.14959 
   1.18295,    8.55461,   -1.54961 
#ERRORs at Segment 0: 
    1.18295,   8.55461,  -1.54961 
   -1.14402,  -0.10841,   0.53938 
#Plane 7. 
   1.18295,    8.55461,   -1.54961 
  -1.14402,   -0.10841,    0.53938 
   1.18266,    8.55355,    0.14959 
   1.18295,    8.55461,   -1.54961 
#ERRORs at Segment 1: 
   -1.14402,  -0.10841,   0.53938 
    1.18266,   8.55355,   0.14959 
#Plane 8. 
   1.18266,    8.55355,    0.14959 
  -1.13407,   -0.07040,    0.53690 
  -0.77319,    0.02570,    1.32162 
   1.18266,    8.55355,    0.14959 
#ERRORs at Segment 0: 
    1.18266,   8.55355,   0.14959 
   -1.13407,  -0.07040,   0.53690 
#Plane 8. 
   1.18266,    8.55355,    0.14959 
  -1.13407,   -0.07040,    0.53690 
  -0.77319,    0.02570,    1.32162 
   1.18266,    8.55355,    0.14959 
#ERRORs at Segment 1: 
   -1.13407,  -0.07040,   0.53690 
   -0.77319,   0.02570,   1.32162 
#Plane 9. 
  -1.61942,   -4.56778,    0.97009 
  -1.13622,   -0.07124,    0.53236 
  -0.77319,    0.02570,    1.32162 
  -1.10468,   -4.56584,    2.12470 
  -1.61942,   -4.56778,    0.97009 
#ERRORs at Segment 0: 
   -1.61942,  -4.56778,   0.97009 
   -1.13622,  -0.07124,   0.53236 
#Plane 9. 
  -1.61942,   -4.56778,    0.97009 
  -1.13622,   -0.07124,    0.53236 
  -0.77319,    0.02570,    1.32162 
  -1.10468,   -4.56584,    2.12470 
  -1.61942,   -4.56778,    0.97009 
#ERRORs at Segment 1: 
   -1.13622,  -0.07124,   0.53236 
   -0.77319,   0.02570,   1.32162 
#Plane 9. 
  -1.61942,   -4.56778,    0.97009 
  -1.13622,   -0.07124,    0.53236 
  -0.77319,    0.02570,    1.32162 
  -1.10468,   -4.56584,    2.12470 
  -1.61942,   -4.56778,    0.97009 
#ERRORs at Segment 3: 
   -1.10468,  -4.56584,   2.12470 
   -1.61942,  -4.56778,   0.97009 
#Plane 11. 
  -1.10468,   -4.56584,    2.12470 
  -0.77319,    0.02570,    1.32162 
   1.70358,    0.13849,    5.85740 
   1.47960,   -1.10317,    5.79135 
   1.14831,   -4.55735,    5.65979 
  -0.04479,   -4.56185,    4.06137 
  -1.10468,   -4.56584,    2.12470 
#ERRORs at Segment 2: 
    1.70358,   0.13849,   5.85740 
    1.47960,  -1.10317,   5.79135 
#Plane 12. 
   3.36501,    8.54791,    4.27539 
   1.70358,    0.13849,    5.85740 
   2.54606,   -0.23245,    6.38055 
   4.34224,    8.54621,    4.80754 
   3.36501,    8.54791,    4.27539 
#ERRORs at Segment 2: 
    2.54606,  -0.23245,   6.38055 
    4.34224,   8.54621,   4.80754 
#Plane 13. 
   1.14831,   -4.55735,    5.65979 
   1.47960,   -1.10317,    5.79135 
   2.54606,   -0.23245,    6.38055 
   1.70358,    0.13849,    5.85740 
   2.50235,   -4.55225,    6.42567 
   1.14831,   -4.55735,    5.65979 
#ERRORs at Segment 1: 
    1.47960,  -1.10317,   5.79135 
    2.54606,  -0.23245,   6.38055 
#Plane 13. 
   1.14831,   -4.55735,    5.65979 
   1.47960,   -1.10317,    5.79135 
   2.54606,   -0.23245,    6.38055 
   1.70358,    0.13849,    5.85740 
   2.50235,   -4.55225,    6.42567 
   1.14831,   -4.55735,    5.65979 
#ERRORs at Segment 3: 
    1.70358,   0.13849,   5.85740 
    2.50235,  -4.55225,   6.42567 
#Plane 15. 
   1.47960,   -1.10317,    5.79135 
  -0.04479,   -4.56185,    4.06137 
   1.14831,   -4.55735,    5.65979 
   1.47960,   -1.10317,    5.79135 
#ERRORs at Segment 0: 
    1.47960,  -1.10317,   5.79135 
   -0.04479,  -4.56185,   4.06137 
