#OKS At   -25 : After 3 points 
3.170778, -4.552274, -1.482000 
2.130341, -4.554898, -1.482000 
3.161440, -1.369916, -1.482000 
#OKS At   -20 : After 3 points 
3.170778, -4.552274, -1.477000 
0.980053, -4.557800, -1.477000 
3.151117, 2.148445, -1.477000 
#OKS At   -15 : After 3 points 
3.170778, -4.552274, -1.472000 
-0.170236, -4.560701, -1.472000 
3.140793, 5.666807, -1.472000 
#OKS At   -10 : After 4 points 
3.170778, -4.552274, -1.467000 
-1.320524, -4.563603, -1.467000 
2.925827, 8.553039, -1.467000 
3.132325, 8.552845, -1.467000 
#OKS At    -5 : After 4 points 
3.170778, -4.552274, -1.462000 
-2.470813, -4.566504, -1.462000 
1.776828, 8.554096, -1.462000 
3.132325, 8.552826, -1.462000 
#OKS At     0 : After 6 points 
-2.546317, -4.566694, -1.457000 
-1.896945, -0.096122, -1.457000 
-1.878444, -0.036973, -1.457000 
1.225251, 8.554593, -1.457000 
3.132326, 8.552806, -1.457000 
3.170778, -4.552274, -1.457000 
#OKS At   100 : After 6 points 
-1.924804, -0.069886, -1.357000 
-2.577780, -4.566774, -1.357000 
3.170778, -4.552274, -1.357000 
3.132327, 8.552417, -1.357000 
1.136771, 8.554287, -1.357000 
-1.737819, 0.596923, -1.357000 
#OKS At   200 : After 6 points 
-1.954595, -0.056955, -1.257000 
-2.609243, -4.566853, -1.257000 
3.170778, -4.552274, -1.257000 
3.132328, 8.552028, -1.257000 
1.048290, 8.553980, -1.257000 
-1.580601, 1.276755, -1.257000 
#OKS At   300 : After 6 points 
-1.984387, -0.044025, -1.157000 
-2.640706, -4.566932, -1.157000 
3.170778, -4.552274, -1.157000 
3.132329, 8.551638, -1.157000 
0.959809, 8.553674, -1.157000 
-1.423382, 1.956587, -1.157000 
#OKS At   400 : After 6 points 
-2.014178, -0.031094, -1.057000 
-2.672169, -4.567012, -1.057000 
3.170778, -4.552274, -1.057000 
3.132330, 8.551249, -1.057000 
0.871329, 8.553368, -1.057000 
-1.266163, 2.636419, -1.057000 
#OKS At   500 : After 6 points 
-2.043970, -0.018164, -0.957000 
-2.703632, -4.567091, -0.957000 
3.170778, -4.552274, -0.957000 
3.132331, 8.550859, -0.957000 
0.782848, 8.553061, -0.957000 
-1.108944, 3.316251, -0.957000 
#OKS At   600 : After 6 points 
-2.073761, -0.005233, -0.857000 
-2.735095, -4.567170, -0.857000 
3.170778, -4.552274, -0.857000 
3.132332, 8.550470, -0.857000 
0.694367, 8.552755, -0.857000 
-0.951726, 3.996083, -0.857000 
#OKS At   700 : After 6 points 
-2.103553, 0.007697, -0.757000 
-2.766558, -4.567250, -0.757000 
3.170778, -4.552274, -0.757000 
3.132334, 8.550081, -0.757000 
0.605887, 8.552448, -0.757000 
-0.794507, 4.675915, -0.757000 
#OKS At   800 : After 6 points 
-2.133344, 0.020628, -0.657000 
-2.798021, -4.567329, -0.657000 
3.170778, -4.552274, -0.657000 
3.132335, 8.549691, -0.657000 
0.517406, 8.552142, -0.657000 
-0.637288, 5.355747, -0.657000 
#OKS At   900 : After 8 points 
-2.158309, 0.025986, -0.557000 
-2.288638, -0.833830, -0.557000 
-2.829484, -4.567409, -0.557000 
3.170778, -4.552274, -0.557000 
3.132336, 8.549302, -0.557000 
0.428926, 8.551835, -0.557000 
-0.480069, 6.035579, -0.557000 
-1.788694, 1.368866, -0.557000 
#OKS At  1000 : After 8 points 
-2.181129, 0.027982, -0.457000 
-2.499666, -2.073488, -0.457000 
-2.860947, -4.567488, -0.457000 
3.170778, -4.552274, -0.457000 
3.132337, 8.548913, -0.457000 
0.340445, 8.551529, -0.457000 
-0.322851, 6.715411, -0.457000 
-1.277757, 3.310100, -0.457000 
#OKS At  1100 : After 8 points 
-2.203949, 0.029978, -0.357000 
-2.710694, -3.313145, -0.357000 
-2.892410, -4.567567, -0.357000 
3.170778, -4.552274, -0.357000 
3.132338, 8.548523, -0.357000 
0.251964, 8.551222, -0.357000 
-0.165632, 7.395243, -0.357000 
-0.766820, 5.251334, -0.357000 
#OKS At  1200 : After 8 points 
-2.226770, 0.031973, -0.257000 
-2.921723, -4.552803, -0.257000 
-2.923873, -4.567647, -0.257000 
3.170778, -4.552274, -0.257000 
3.132339, 8.548134, -0.257000 
0.163484, 8.550916, -0.257000 
-0.008413, 8.075075, -0.257000 
-0.255883, 7.192569, -0.257000 
#OKS At  1300 : After 5 points 
-2.249590, 0.033969, -0.157000 
-2.946701, -4.567704, -0.157000 
3.170778, -4.552274, -0.157000 
3.132340, 8.547745, -0.157000 
0.094305, 8.550591, -0.157000 
#OKS At  1400 : After 5 points 
-2.272410, 0.035964, -0.057000 
-2.969424, -4.567762, -0.057000 
3.170778, -4.552274, -0.057000 
3.132342, 8.547355, -0.057000 
0.070082, 8.550225, -0.057000 
#OKS At  1500 : After 5 points 
-2.295231, 0.037960, 0.043000 
-2.992147, -4.567819, 0.043000 
3.170778, -4.552274, 0.043000 
3.132343, 8.546966, 0.043000 
0.045860, 8.549858, 0.043000 
#OKS At  1600 : After 5 points 
-2.318051, 0.039955, 0.143000 
-3.014870, -4.567876, 0.143000 
3.170778, -4.552274, 0.143000 
3.132344, 8.546577, 0.143000 
0.021637, 8.549491, 0.143000 
#OKS At  1700 : After 5 points 
-2.340871, 0.041951, 0.243000 
-3.037593, -4.567933, 0.243000 
3.170778, -4.552274, 0.243000 
3.132345, 8.546187, 0.243000 
-0.002586, 8.549125, 0.243000 
#OKS At  1800 : After 5 points 
-2.363692, 0.043947, 0.343000 
-3.060316, -4.567991, 0.343000 
3.170778, -4.552274, 0.343000 
3.132346, 8.545798, 0.343000 
-0.026808, 8.548758, 0.343000 
#OKS At  1900 : After 5 points 
-2.386512, 0.045942, 0.443000 
-3.083039, -4.568048, 0.443000 
3.170778, -4.552274, 0.443000 
3.132347, 8.545408, 0.443000 
-0.051031, 8.548391, 0.443000 
#OKS At  2000 : After 5 points 
-2.409332, 0.047938, 0.543000 
-3.105762, -4.568105, 0.543000 
3.170778, -4.552274, 0.543000 
3.132348, 8.545019, 0.543000 
-0.075253, 8.548025, 0.543000 
#OKS At  2100 : After 5 points 
-2.432153, 0.049933, 0.643000 
-3.128485, -4.568163, 0.643000 
3.170778, -4.552274, 0.643000 
3.132350, 8.544630, 0.643000 
-0.099476, 8.547658, 0.643000 
#OKS At  2200 : After 5 points 
-2.454973, 0.051929, 0.743000 
-3.151208, -4.568220, 0.743000 
3.170778, -4.552274, 0.743000 
3.132351, 8.544240, 0.743000 
-0.123699, 8.547291, 0.743000 
#OKS At  2300 : After 5 points 
-2.477793, 0.053925, 0.843000 
-3.173931, -4.568277, 0.843000 
3.170778, -4.552274, 0.843000 
3.132352, 8.543851, 0.843000 
-0.147921, 8.546925, 0.843000 
#OKS At  2400 : After 5 points 
-2.500614, 0.055920, 0.943000 
-3.196654, -4.568335, 0.943000 
3.170778, -4.552274, 0.943000 
3.132353, 8.543462, 0.943000 
-0.172144, 8.546558, 0.943000 
#OKS At  2500 : After 5 points 
-2.523434, 0.057916, 1.043000 
-3.219377, -4.568392, 1.043000 
3.170778, -4.552274, 1.043000 
3.132354, 8.543072, 1.043000 
-0.196366, 8.546192, 1.043000 
#OKS At  2600 : After 5 points 
-2.546254, 0.059911, 1.143000 
-3.242101, -4.568449, 1.143000 
3.170778, -4.552274, 1.143000 
3.132355, 8.542683, 1.143000 
-0.220589, 8.545825, 1.143000 
#OKS At  2700 : After 5 points 
-2.569075, 0.061907, 1.243000 
-3.264824, -4.568507, 1.243000 
3.170778, -4.552274, 1.243000 
3.132356, 8.542294, 1.243000 
-0.244811, 8.545458, 1.243000 
#OKS At  2800 : After 5 points 
-2.591895, 0.063902, 1.343000 
-3.287547, -4.568564, 1.343000 
3.170778, -4.552274, 1.343000 
3.132358, 8.541904, 1.343000 
-0.269034, 8.545092, 1.343000 
#OKS At  2900 : After 5 points 
-2.614715, 0.065898, 1.443000 
-3.310270, -4.568621, 1.443000 
3.170778, -4.552274, 1.443000 
3.132359, 8.541515, 1.443000 
-0.293257, 8.544725, 1.443000 
#OKS At  3000 : After 5 points 
-2.637536, 0.067894, 1.543000 
-3.332993, -4.568679, 1.543000 
3.170778, -4.552274, 1.543000 
3.132360, 8.541126, 1.543000 
-0.317479, 8.544358, 1.543000 
#OKS At  3100 : After 5 points 
-2.660356, 0.069889, 1.643000 
-3.355716, -4.568736, 1.643000 
3.170778, -4.552274, 1.643000 
3.132361, 8.540736, 1.643000 
-0.341702, 8.543992, 1.643000 
#OKS At  3200 : After 5 points 
-2.683176, 0.071885, 1.743000 
-3.378439, -4.568793, 1.743000 
3.170778, -4.552274, 1.743000 
3.132362, 8.540347, 1.743000 
-0.365924, 8.543625, 1.743000 
#OKS At  3300 : After 5 points 
-2.705997, 0.073880, 1.843000 
-3.401162, -4.568851, 1.843000 
3.170778, -4.552274, 1.843000 
3.132363, 8.539957, 1.843000 
-0.390147, 8.543258, 1.843000 
#OKS At  3400 : After 6 points 
-3.413508, -4.500322, 1.943000 
-3.417265, -4.568891, 1.943000 
3.170778, -4.552274, 1.943000 
3.132364, 8.539568, 1.943000 
-0.414370, 8.542892, 1.943000 
-2.728817, 0.075876, 1.943000 
#OKS At  3500 : After 6 points 
-3.413650, -4.351130, 2.043000 
-3.425582, -4.568912, 2.043000 
3.170778, -4.552274, 2.043000 
3.132366, 8.539179, 2.043000 
-0.438592, 8.542525, 2.043000 
-2.751637, 0.077871, 2.043000 
#OKS At  3600 : After 6 points 
-3.413792, -4.201937, 2.143000 
-3.433898, -4.568933, 2.143000 
3.170778, -4.552274, 2.143000 
3.132367, 8.538789, 2.143000 
-0.462815, 8.542158, 2.143000 
-2.774458, 0.079867, 2.143000 
#OKS At  3700 : After 6 points 
-3.413934, -4.052745, 2.243000 
-3.442215, -4.568954, 2.243000 
3.170778, -4.552274, 2.243000 
3.132368, 8.538400, 2.243000 
-0.487037, 8.541792, 2.243000 
-2.797278, 0.081863, 2.243000 
#OKS At  3800 : After 6 points 
-3.414075, -3.903552, 2.343000 
-3.450532, -4.568975, 2.343000 
3.170778, -4.552274, 2.343000 
3.132369, 8.538011, 2.343000 
-0.511260, 8.541425, 2.343000 
-2.820098, 0.083858, 2.343000 
#OKS At  3900 : After 6 points 
-3.414217, -3.754360, 2.443000 
-3.458849, -4.568996, 2.443000 
3.170778, -4.552274, 2.443000 
3.132370, 8.537621, 2.443000 
-0.535483, 8.541058, 2.443000 
-2.842919, 0.085854, 2.443000 
#OKS At  4000 : After 6 points 
-3.414359, -3.605168, 2.543000 
-3.467166, -4.569017, 2.543000 
3.170778, -4.552274, 2.543000 
3.132371, 8.537232, 2.543000 
-0.559705, 8.540692, 2.543000 
-2.865739, 0.087849, 2.543000 
#OKS At  4100 : After 6 points 
-3.414501, -3.455975, 2.643000 
-3.475482, -4.569038, 2.643000 
3.170778, -4.552274, 2.643000 
3.132372, 8.536843, 2.643000 
-0.583928, 8.540325, 2.643000 
-2.888559, 0.089845, 2.643000 
#OKS At  4200 : After 6 points 
-3.414643, -3.306783, 2.743000 
-3.483799, -4.569059, 2.743000 
3.170778, -4.552274, 2.743000 
3.132373, 8.536453, 2.743000 
-0.608150, 8.539958, 2.743000 
-2.911380, 0.091841, 2.743000 
#OKS At  4300 : After 6 points 
-3.414785, -3.157591, 2.843000 
-3.492116, -4.569080, 2.843000 
3.170778, -4.552274, 2.843000 
3.132375, 8.536064, 2.843000 
-0.632373, 8.539592, 2.843000 
-2.934200, 0.093836, 2.843000 
#OKS At  4400 : After 6 points 
-3.414926, -3.008398, 2.943000 
-3.500433, -4.569101, 2.943000 
3.170778, -4.552274, 2.943000 
3.132376, 8.535675, 2.943000 
-0.656596, 8.539225, 2.943000 
-2.957020, 0.095832, 2.943000 
#OKS At  4500 : After 6 points 
-3.415068, -2.859206, 3.043000 
-3.508750, -4.569122, 3.043000 
3.170778, -4.552274, 3.043000 
3.132377, 8.535285, 3.043000 
-0.680818, 8.538858, 3.043000 
-2.979841, 0.097827, 3.043000 
#OKS At  4600 : After 6 points 
-3.415210, -2.710013, 3.143000 
-3.517066, -4.569143, 3.143000 
3.170778, -4.552274, 3.143000 
3.132378, 8.534896, 3.143000 
-0.705041, 8.538492, 3.143000 
-3.002661, 0.099823, 3.143000 
#OKS At  4700 : After 6 points 
-3.415352, -2.560821, 3.243000 
-3.525383, -4.569164, 3.243000 
3.170778, -4.552274, 3.243000 
3.132379, 8.534507, 3.243000 
-0.729263, 8.538125, 3.243000 
-3.025481, 0.101818, 3.243000 
#OKS At  4800 : After 6 points 
-3.415494, -2.411629, 3.343000 
-3.533700, -4.569185, 3.343000 
3.170778, -4.552274, 3.343000 
3.132380, 8.534117, 3.343000 
-0.753486, 8.537758, 3.343000 
-3.048302, 0.103814, 3.343000 
#OKS At  4900 : After 6 points 
-3.415636, -2.262436, 3.443000 
-3.542017, -4.569206, 3.443000 
3.170778, -4.552274, 3.443000 
3.132381, 8.533728, 3.443000 
-0.777709, 8.537392, 3.443000 
-3.071122, 0.105810, 3.443000 
#OKS At  5000 : After 6 points 
-3.415777, -2.113244, 3.543000 
-3.550334, -4.569227, 3.543000 
3.170778, -4.552274, 3.543000 
3.132383, 8.533338, 3.543000 
-0.801931, 8.537025, 3.543000 
-3.093942, 0.107805, 3.543000 
#OKS At  5100 : After 6 points 
-3.415919, -1.964051, 3.643000 
-3.558650, -4.569248, 3.643000 
3.170778, -4.552274, 3.643000 
3.132384, 8.532949, 3.643000 
-0.826154, 8.536658, 3.643000 
-3.116763, 0.109801, 3.643000 
#OKS At  5200 : After 6 points 
-3.416061, -1.814859, 3.743000 
-3.566967, -4.569269, 3.743000 
3.170778, -4.552274, 3.743000 
3.132385, 8.532560, 3.743000 
-0.850376, 8.536292, 3.743000 
-3.139583, 0.111796, 3.743000 
#OKS At  5300 : After 6 points 
-3.416203, -1.665667, 3.843000 
-3.575284, -4.569290, 3.843000 
3.170778, -4.552274, 3.843000 
3.132386, 8.532170, 3.843000 
-0.874599, 8.535925, 3.843000 
-3.162403, 0.113792, 3.843000 
#OKS At  5400 : After 7 points 
-3.549887, -3.953951, 3.943000 
-3.416345, -1.516474, 3.943000 
-3.185224, 0.115787, 3.943000 
-0.898822, 8.535558, 3.943000 
3.132387, 8.531781, 3.943000 
3.170778, -4.552274, 3.943000 
-3.558702, -4.569248, 3.943000 
#OKS At  5500 : After 7 points 
-3.500283, -2.896773, 4.043000 
-3.416487, -1.367282, 4.043000 
-3.208044, 0.117783, 4.043000 
-0.923044, 8.535192, 4.043000 
3.132388, 8.531392, 4.043000 
3.170778, -4.552274, 4.043000 
-3.524243, -4.569161, 4.043000 
#OKS At  5600 : After 7 points 
-3.450679, -1.839595, 4.143000 
-3.416628, -1.218090, 4.143000 
-3.230864, 0.119779, 4.143000 
-0.947267, 8.534825, 4.143000 
3.132389, 8.531002, 4.143000 
3.170778, -4.552274, 4.143000 
-3.489784, -4.569074, 4.143000 
#OKS At  5700 : After 6 points 
-3.397199, -0.921119, 4.243000 
-3.455325, -4.568987, 4.243000 
3.170778, -4.552274, 4.243000 
3.132391, 8.530613, 4.243000 
-0.971489, 8.534458, 4.243000 
-3.253685, 0.121774, 4.243000 
#OKS At  5800 : After 6 points 
-3.335309, -0.303552, 4.343000 
-3.420866, -4.568900, 4.343000 
3.170778, -4.552274, 4.343000 
3.132392, 8.530224, 4.343000 
-0.995712, 8.534092, 4.343000 
-3.276505, 0.123770, 4.343000 
#OKS At  5900 : After 5 points 
-3.283185, 0.113124, 4.443000 
-3.386407, -4.568813, 4.443000 
3.170778, -4.552274, 4.443000 
3.132393, 8.529834, 4.443000 
-0.963180, 8.533672, 4.443000 
#OKS At  6000 : After 5 points 
-3.253226, 0.073781, 4.543000 
-3.351948, -4.568726, 4.543000 
3.170778, -4.552274, 4.543000 
3.132394, 8.529445, 4.543000 
-0.926908, 8.533249, 4.543000 
#OKS At  6100 : After 5 points 
-3.223267, 0.034439, 4.643000 
-3.317489, -4.568639, 4.643000 
3.170778, -4.552274, 4.643000 
3.132395, 8.529056, 4.643000 
-0.890636, 8.532825, 4.643000 
#OKS At  6200 : After 5 points 
-3.193308, -0.004903, 4.743000 
-3.283030, -4.568553, 4.743000 
3.170778, -4.552274, 4.743000 
3.132396, 8.528666, 4.743000 
-0.854363, 8.532402, 4.743000 
#OKS At  6300 : After 5 points 
-3.163348, -0.044246, 4.843000 
-3.248571, -4.568466, 4.843000 
3.170778, -4.552274, 4.843000 
3.132397, 8.528277, 4.843000 
-0.818091, 8.531979, 4.843000 
#OKS At  6400 : After 5 points 
-3.133389, -0.083588, 4.943000 
-3.214112, -4.568379, 4.943000 
3.170778, -4.552274, 4.943000 
3.132399, 8.527887, 4.943000 
-0.781819, 8.531555, 4.943000 
#OKS At  6500 : After 5 points 
-3.103430, -0.122930, 5.043000 
-3.179653, -4.568292, 5.043000 
3.170778, -4.552274, 5.043000 
3.132400, 8.527498, 5.043000 
-0.745547, 8.531132, 5.043000 
#OKS At  6600 : After 5 points 
-3.073471, -0.162272, 5.143000 
-3.145194, -4.568205, 5.143000 
3.170778, -4.552274, 5.143000 
3.132401, 8.527109, 5.143000 
-0.709274, 8.530709, 5.143000 
#OKS At  6700 : After 5 points 
-3.043512, -0.201615, 5.243000 
-3.110735, -4.568118, 5.243000 
3.170778, -4.552274, 5.243000 
3.132402, 8.526719, 5.243000 
-0.673002, 8.530285, 5.243000 
#OKS At  6800 : After 5 points 
-3.013553, -0.240957, 5.343000 
-3.076276, -4.568031, 5.343000 
3.170778, -4.552274, 5.343000 
3.132403, 8.526330, 5.343000 
-0.636730, 8.529862, 5.343000 
#OKS At  6900 : After 4 points 
-1.776612, -4.564753, 5.443000 
-1.830944, 3.158307, 5.443000 
3.148106, 3.174622, 5.443000 
3.170778, -4.552274, 5.443000 
#OKS At  7000 : After 4 points 
-1.777151, -4.564754, 5.543000 
-1.831478, 3.157731, 5.543000 
3.148107, 3.174047, 5.543000 
3.170778, -4.552274, 5.543000 
#OKS At  7100 : After 4 points 
-1.777689, -4.564756, 5.643000 
-1.832013, 3.157154, 5.643000 
3.148109, 3.173472, 5.643000 
3.170778, -4.552274, 5.643000 
#OKS At  7200 : After 4 points 
-1.778228, -4.564757, 5.743000 
-1.832547, 3.156578, 5.743000 
3.148111, 3.172897, 5.743000 
3.170778, -4.552274, 5.743000 
#OKS At  7300 : After 4 points 
-1.778766, -4.564758, 5.843000 
-1.833082, 3.156001, 5.843000 
3.148113, 3.172323, 5.843000 
3.170778, -4.552274, 5.843000 
#OKS At  7400 : After 4 points 
-1.779305, -4.564760, 5.943000 
-1.833616, 3.155425, 5.943000 
3.148114, 3.171748, 5.943000 
3.170778, -4.552274, 5.943000 
#OKS At  7500 : After 4 points 
-1.779843, -4.564761, 6.043000 
-1.834151, 3.154848, 6.043000 
3.148116, 3.171173, 6.043000 
3.170778, -4.552274, 6.043000 
#OKS At  7600 : After 4 points 
-1.780382, -4.564762, 6.143000 
-1.834685, 3.154272, 6.143000 
3.148118, 3.170598, 6.143000 
3.170778, -4.552274, 6.143000 
#OKS At  7700 : After 4 points 
-1.780920, -4.564764, 6.243000 
-1.835220, 3.153695, 6.243000 
3.148119, 3.170024, 6.243000 
3.170778, -4.552274, 6.243000 
#OKS At  7800 : After 4 points 
-1.781459, -4.564765, 6.343000 
-1.835754, 3.153119, 6.343000 
3.148121, 3.169449, 6.343000 
3.170778, -4.552274, 6.343000 
#OKS At  7900 : After 4 points 
-1.781997, -4.564767, 6.443000 
-1.836288, 3.152542, 6.443000 
3.148123, 3.168874, 6.443000 
3.170778, -4.552274, 6.443000 
#OKS At  8000 : After 4 points 
-1.782536, -4.564768, 6.543000 
-1.836823, 3.151966, 6.543000 
3.148124, 3.168299, 6.543000 
3.170778, -4.552274, 6.543000 
#OKS At  8100 : After 4 points 
-1.783074, -4.564769, 6.643000 
-1.837357, 3.151389, 6.643000 
3.148126, 3.167725, 6.643000 
3.170778, -4.552274, 6.643000 
#OKS At  8200 : After 4 points 
-1.783613, -4.564771, 6.743000 
-1.837892, 3.150813, 6.743000 
3.148128, 3.167150, 6.743000 
3.170778, -4.552274, 6.743000 
#OKS At  8300 : After 5 points 
-1.784151, -4.564772, 6.843000 
-1.838426, 3.150236, 6.843000 
3.148129, 3.166575, 6.843000 
3.170543, -4.472420, 6.843000 
3.149273, -4.552328, 6.843000 
