#OKS At  -280 : After 4 points 
1.366397, 1.901567, -1.584000 
1.355595, 1.856010, -1.584000 
-1.679737, 1.915490, -1.584000 
-1.679721, 1.925267, -1.584000 
#OKS At  -275 : After 4 points 
1.369356, 1.901571, -1.579000 
1.345442, 1.800712, -1.579000 
-1.679828, 1.859995, -1.579000 
-1.679721, 1.925294, -1.579000 
#OKS At  -270 : After 4 points 
1.372314, 1.901574, -1.574000 
1.335288, 1.745414, -1.574000 
-1.679919, 1.804500, -1.574000 
-1.679721, 1.925321, -1.574000 
#OKS At  -265 : After 4 points 
1.375272, 1.901578, -1.569000 
1.325134, 1.690116, -1.569000 
-1.680009, 1.749005, -1.569000 
-1.679721, 1.925347, -1.569000 
#OKS At  -260 : After 4 points 
1.378231, 1.901581, -1.564000 
1.314980, 1.634818, -1.564000 
-1.680100, 1.693510, -1.564000 
-1.679721, 1.925374, -1.564000 
#OKS At  -255 : After 4 points 
1.381189, 1.901585, -1.559000 
1.304827, 1.579520, -1.559000 
-1.680191, 1.638015, -1.559000 
-1.679721, 1.925400, -1.559000 
#OKS At  -250 : After 4 points 
1.384147, 1.901588, -1.554000 
1.294673, 1.524223, -1.554000 
-1.680281, 1.582520, -1.554000 
-1.679721, 1.925427, -1.554000 
#OKS At  -245 : After 4 points 
1.387106, 1.901592, -1.549000 
1.284519, 1.468925, -1.549000 
-1.680372, 1.527024, -1.549000 
-1.679721, 1.925453, -1.549000 
#OKS At  -240 : After 4 points 
1.390064, 1.901596, -1.544000 
1.274365, 1.413627, -1.544000 
-1.680463, 1.471529, -1.544000 
-1.679721, 1.925480, -1.544000 
#OKS At  -235 : After 4 points 
1.393023, 1.901599, -1.539000 
1.264212, 1.358329, -1.539000 
-1.680553, 1.416034, -1.539000 
-1.679721, 1.925507, -1.539000 
#OKS At  -230 : After 4 points 
1.395981, 1.901603, -1.534000 
1.254058, 1.303031, -1.534000 
-1.680644, 1.360539, -1.534000 
-1.679721, 1.925533, -1.534000 
#OKS At  -225 : After 4 points 
1.398939, 1.901606, -1.529000 
1.243904, 1.247733, -1.529000 
-1.680735, 1.305044, -1.529000 
-1.679721, 1.925560, -1.529000 
#OKS At  -220 : After 4 points 
1.401898, 1.901610, -1.524000 
1.233750, 1.192435, -1.524000 
-1.680825, 1.249549, -1.524000 
-1.679721, 1.925586, -1.524000 
#OKS At  -215 : After 4 points 
1.404856, 1.901613, -1.519000 
1.223597, 1.137138, -1.519000 
-1.680916, 1.194054, -1.519000 
-1.679721, 1.925613, -1.519000 
#OKS At  -210 : After 4 points 
1.407815, 1.901617, -1.514000 
1.213443, 1.081840, -1.514000 
-1.681006, 1.138559, -1.514000 
-1.679721, 1.925640, -1.514000 
#OKS At  -205 : After 4 points 
1.410773, 1.901621, -1.509000 
1.203289, 1.026542, -1.509000 
-1.681097, 1.083064, -1.509000 
-1.679721, 1.925666, -1.509000 
#OKS At  -200 : After 4 points 
1.413731, 1.901624, -1.504000 
1.193135, 0.971244, -1.504000 
-1.681188, 1.027569, -1.504000 
-1.679721, 1.925693, -1.504000 
#OKS At  -195 : After 4 points 
1.416690, 1.901628, -1.499000 
1.182982, 0.915946, -1.499000 
-1.681278, 0.972074, -1.499000 
-1.679721, 1.925719, -1.499000 
#OKS At  -190 : After 4 points 
1.419648, 1.901631, -1.494000 
1.172828, 0.860648, -1.494000 
-1.681369, 0.916579, -1.494000 
-1.679721, 1.925746, -1.494000 
#OKS At  -185 : After 4 points 
1.422606, 1.901635, -1.489000 
1.162674, 0.805350, -1.489000 
-1.681460, 0.861084, -1.489000 
-1.679721, 1.925772, -1.489000 
#OKS At  -180 : After 4 points 
1.425565, 1.901638, -1.484000 
1.152520, 0.750053, -1.484000 
-1.681550, 0.805588, -1.484000 
-1.679721, 1.925799, -1.484000 
#OKS At  -175 : After 4 points 
1.428523, 1.901642, -1.479000 
1.142367, 0.694755, -1.479000 
-1.681641, 0.750093, -1.479000 
-1.679720, 1.925826, -1.479000 
#OKS At  -170 : After 4 points 
1.431482, 1.901645, -1.474000 
1.132213, 0.639457, -1.474000 
-1.681732, 0.694598, -1.474000 
-1.679720, 1.925852, -1.474000 
#OKS At  -165 : After 4 points 
1.434440, 1.901649, -1.469000 
1.122059, 0.584159, -1.469000 
-1.681822, 0.639103, -1.469000 
-1.679720, 1.925879, -1.469000 
#OKS At  -160 : After 4 points 
1.437398, 1.901653, -1.464000 
1.111905, 0.528861, -1.464000 
-1.681913, 0.583608, -1.464000 
-1.679720, 1.925905, -1.464000 
#OKS At  -155 : After 4 points 
1.440357, 1.901656, -1.459000 
1.101751, 0.473563, -1.459000 
-1.682004, 0.528113, -1.459000 
-1.679720, 1.925932, -1.459000 
#OKS At  -150 : After 4 points 
1.443315, 1.901660, -1.454000 
1.091598, 0.418265, -1.454000 
-1.682094, 0.472618, -1.454000 
-1.679720, 1.925959, -1.454000 
#OKS At  -145 : After 4 points 
1.446273, 1.901663, -1.449000 
1.081444, 0.362968, -1.449000 
-1.682185, 0.417123, -1.449000 
-1.679720, 1.925985, -1.449000 
#OKS At  -140 : After 4 points 
1.449232, 1.901667, -1.444000 
1.071290, 0.307670, -1.444000 
-1.682276, 0.361628, -1.444000 
-1.679720, 1.926012, -1.444000 
#OKS At  -135 : After 4 points 
1.452190, 1.901670, -1.439000 
1.061136, 0.252372, -1.439000 
-1.682366, 0.306133, -1.439000 
-1.679720, 1.926038, -1.439000 
#OKS At  -130 : After 4 points 
1.455149, 1.901674, -1.434000 
1.050983, 0.197074, -1.434000 
-1.682457, 0.250638, -1.434000 
-1.679720, 1.926065, -1.434000 
#OKS At  -125 : After 4 points 
1.458107, 1.901678, -1.429000 
1.040829, 0.141776, -1.429000 
-1.682548, 0.195143, -1.429000 
-1.679720, 1.926091, -1.429000 
#OKS At  -120 : After 4 points 
1.461065, 1.901681, -1.424000 
1.030675, 0.086478, -1.424000 
-1.682638, 0.139648, -1.424000 
-1.679720, 1.926118, -1.424000 
#OKS At  -115 : After 4 points 
1.464024, 1.901685, -1.419000 
1.020521, 0.031180, -1.419000 
-1.682729, 0.084152, -1.419000 
-1.679720, 1.926145, -1.419000 
#OKS At  -110 : After 4 points 
1.466982, 1.901688, -1.414000 
1.010368, -0.024117, -1.414000 
-1.682820, 0.028657, -1.414000 
-1.679720, 1.926171, -1.414000 
#OKS At  -105 : After 4 points 
1.469941, 1.901692, -1.409000 
1.000214, -0.079415, -1.409000 
-1.682910, -0.026838, -1.409000 
-1.679720, 1.926198, -1.409000 
#OKS At  -100 : After 4 points 
1.472899, 1.901695, -1.404000 
0.990060, -0.134713, -1.404000 
-1.683001, -0.082333, -1.404000 
-1.679720, 1.926224, -1.404000 
#OKS At   -95 : After 4 points 
1.475857, 1.901699, -1.399000 
0.979906, -0.190011, -1.399000 
-1.683091, -0.137828, -1.399000 
-1.679720, 1.926251, -1.399000 
#OKS At   -90 : After 4 points 
1.478816, 1.901703, -1.394000 
0.969753, -0.245309, -1.394000 
-1.683182, -0.193323, -1.394000 
-1.679720, 1.926277, -1.394000 
#OKS At   -85 : After 4 points 
1.481774, 1.901706, -1.389000 
0.959599, -0.300607, -1.389000 
-1.683273, -0.248818, -1.389000 
-1.679720, 1.926304, -1.389000 
#OKS At   -80 : After 4 points 
1.484732, 1.901710, -1.384000 
0.949445, -0.355905, -1.384000 
-1.683363, -0.304313, -1.384000 
-1.679720, 1.926331, -1.384000 
#OKS At   -75 : After 4 points 
1.487691, 1.901713, -1.379000 
0.939291, -0.411202, -1.379000 
-1.683454, -0.359808, -1.379000 
-1.679720, 1.926357, -1.379000 
#OKS At   -70 : After 4 points 
1.490649, 1.901717, -1.374000 
0.929138, -0.466500, -1.374000 
-1.683545, -0.415303, -1.374000 
-1.679720, 1.926384, -1.374000 
#OKS At   -65 : After 4 points 
1.493608, 1.901720, -1.369000 
0.918984, -0.521798, -1.369000 
-1.683635, -0.470798, -1.369000 
-1.679720, 1.926410, -1.369000 
#OKS At   -60 : After 4 points 
1.496566, 1.901724, -1.364000 
0.908830, -0.577096, -1.364000 
-1.683726, -0.526293, -1.364000 
-1.679719, 1.926437, -1.364000 
#OKS At   -55 : After 4 points 
1.499524, 1.901727, -1.359000 
0.898676, -0.632394, -1.359000 
-1.683817, -0.581789, -1.359000 
-1.679719, 1.926464, -1.359000 
#OKS At   -50 : After 4 points 
1.502483, 1.901731, -1.354000 
0.888523, -0.687692, -1.354000 
-1.683907, -0.637284, -1.354000 
-1.679719, 1.926490, -1.354000 
#OKS At   -45 : After 4 points 
1.505441, 1.901735, -1.349000 
0.878369, -0.742990, -1.349000 
-1.683998, -0.692779, -1.349000 
-1.679719, 1.926517, -1.349000 
#OKS At   -40 : After 4 points 
1.508399, 1.901738, -1.344000 
0.868215, -0.798287, -1.344000 
-1.684089, -0.748274, -1.344000 
-1.679719, 1.926543, -1.344000 
#OKS At   -35 : After 4 points 
1.511358, 1.901742, -1.339000 
0.858061, -0.853585, -1.339000 
-1.684179, -0.803769, -1.339000 
-1.679719, 1.926570, -1.339000 
#OKS At   -30 : After 4 points 
0.856214, -0.873849, -1.334000 
1.514316, 1.901745, -1.334000 
-1.679719, 1.926596, -1.334000 
-1.684260, -0.853302, -1.334000 
#OKS At   -25 : After 4 points 
0.859166, -0.873873, -1.329000 
1.517275, 1.901749, -1.329000 
-1.679719, 1.926623, -1.329000 
-1.684260, -0.853302, -1.329000 
#OKS At   -20 : After 4 points 
0.862118, -0.873897, -1.324000 
1.520233, 1.901752, -1.324000 
-1.679719, 1.926650, -1.324000 
-1.684260, -0.853302, -1.324000 
#OKS At   -15 : After 4 points 
0.865070, -0.873921, -1.319000 
1.523191, 1.901756, -1.319000 
-1.679719, 1.926676, -1.319000 
-1.684260, -0.853302, -1.319000 
#OKS At   -10 : After 4 points 
0.868022, -0.873945, -1.314000 
1.526150, 1.901760, -1.314000 
-1.679719, 1.926703, -1.314000 
-1.684260, -0.853302, -1.314000 
#OKS At    -5 : After 4 points 
0.870974, -0.873969, -1.309000 
1.529108, 1.901763, -1.309000 
-1.679719, 1.926729, -1.309000 
-1.684260, -0.853302, -1.309000 
#OKS At     0 : After 4 points 
0.873925, -0.873993, -1.304000 
1.532066, 1.901767, -1.304000 
-1.679719, 1.926756, -1.304000 
-1.684260, -0.853302, -1.304000 
#OKS At   100 : After 4 points 
0.932963, -0.874470, -1.204000 
1.591234, 1.901838, -1.204000 
-1.679718, 1.927288, -1.204000 
-1.684260, -0.853302, -1.204000 
#OKS At   200 : After 4 points 
0.992000, -0.874948, -1.104000 
1.650402, 1.901909, -1.104000 
-1.679717, 1.927819, -1.104000 
-1.684260, -0.853302, -1.104000 
#OKS At   300 : After 4 points 
1.051038, -0.875425, -1.004000 
1.709569, 1.901981, -1.004000 
-1.679716, 1.928351, -1.004000 
-1.684260, -0.853302, -1.004000 
#OKS At   400 : After 5 points 
1.757510, 1.854700, -0.904000 
1.766195, 1.902072, -0.904000 
-1.679715, 1.928883, -0.904000 
-1.684260, -0.853302, -0.904000 
1.110075, -0.875903, -0.904000 
#OKS At   500 : After 5 points 
1.705402, 1.385458, -0.804000 
1.800172, 1.902339, -0.804000 
-1.679715, 1.929414, -0.804000 
-1.684260, -0.853302, -0.804000 
1.169113, -0.876380, -0.804000 
#OKS At   600 : After 5 points 
1.653294, 0.916216, -0.704000 
1.834149, 1.902606, -0.704000 
-1.679714, 1.929946, -0.704000 
-1.684260, -0.853302, -0.704000 
1.228150, -0.876858, -0.704000 
#OKS At   700 : After 5 points 
1.601185, 0.446974, -0.604000 
1.868126, 1.902874, -0.604000 
-1.679713, 1.930477, -0.604000 
-1.684260, -0.853302, -0.604000 
1.287188, -0.877335, -0.604000 
#OKS At   800 : After 5 points 
1.549077, -0.022268, -0.504000 
1.902103, 1.903141, -0.504000 
-1.679712, 1.931009, -0.504000 
-1.684260, -0.853302, -0.504000 
1.346225, -0.877813, -0.504000 
#OKS At   900 : After 5 points 
1.496969, -0.491510, -0.404000 
1.936079, 1.903408, -0.404000 
-1.679711, 1.931541, -0.404000 
-1.684260, -0.853302, -0.404000 
1.405263, -0.878290, -0.404000 
#OKS At  1000 : After 4 points 
1.459900, -0.878732, -0.304000 
1.970056, 1.903675, -0.304000 
-1.679710, 1.932072, -0.304000 
-1.684260, -0.853302, -0.304000 
#OKS At  1100 : After 5 points 
1.965321, 1.692804, -0.204000 
1.993042, 1.904028, -0.204000 
-1.679709, 1.932604, -0.204000 
-1.684260, -0.853302, -0.204000 
1.493777, -0.879006, -0.204000 
#OKS At  1200 : After 5 points 
1.959932, 1.478371, -0.104000 
2.015843, 1.904382, -0.104000 
-1.679709, 1.933136, -0.104000 
-1.684260, -0.853302, -0.104000 
1.527655, -0.879280, -0.104000 
#OKS At  1300 : After 5 points 
1.954543, 1.263937, -0.004000 
2.038644, 1.904737, -0.004000 
-1.679708, 1.933667, -0.004000 
-1.684260, -0.853302, -0.004000 
1.561533, -0.879554, -0.004000 
#OKS At  1400 : After 5 points 
1.949155, 1.049504, 0.096000 
2.061444, 1.905091, 0.096000 
-1.679707, 1.934199, 0.096000 
-1.684260, -0.853302, 0.096000 
1.595410, -0.879828, 0.096000 
#OKS At  1500 : After 5 points 
1.943766, 0.835071, 0.196000 
2.084245, 1.905445, 0.196000 
-1.679706, 1.934731, 0.196000 
-1.684260, -0.853302, 0.196000 
1.629288, -0.880102, 0.196000 
#OKS At  1600 : After 5 points 
1.938377, 0.620637, 0.296000 
2.107046, 1.905799, 0.296000 
-1.679705, 1.935262, 0.296000 
-1.684260, -0.853302, 0.296000 
1.663165, -0.880376, 0.296000 
#OKS At  1700 : After 5 points 
1.932989, 0.406204, 0.396000 
2.129846, 1.906154, 0.396000 
-1.679704, 1.935794, 0.396000 
-1.684260, -0.853302, 0.396000 
1.697043, -0.880650, 0.396000 
#OKS At  1800 : After 5 points 
1.927600, 0.191771, 0.496000 
2.152647, 1.906508, 0.496000 
-1.679703, 1.936326, 0.496000 
-1.684260, -0.853302, 0.496000 
1.730920, -0.880924, 0.496000 
#OKS At  1900 : After 5 points 
1.922211, -0.022663, 0.596000 
2.175447, 1.906862, 0.596000 
-1.679702, 1.936857, 0.596000 
-1.684260, -0.853302, 0.596000 
1.764798, -0.881198, 0.596000 
#OKS At  2000 : After 6 points 
2.176876, 1.744373, 0.696000 
2.180014, 1.907358, 0.696000 
-1.679702, 1.937389, 0.696000 
-1.684260, -0.853302, 0.696000 
1.798676, -0.881472, 0.696000 
1.916823, -0.237096, 0.696000 
#OKS At  2100 : After 6 points 
2.177550, 1.576132, 0.796000 
2.183936, 1.907859, 0.796000 
-1.679701, 1.937920, 0.796000 
-1.684260, -0.853302, 0.796000 
1.832553, -0.881746, 0.796000 
1.911434, -0.451529, 0.796000 
#OKS At  2200 : After 6 points 
2.178224, 1.407891, 0.896000 
2.187858, 1.908361, 0.896000 
-1.679700, 1.938452, 0.896000 
-1.684260, -0.853302, 0.896000 
1.866431, -0.882020, 0.896000 
1.906045, -0.665963, 0.896000 
#OKS At  2300 : After 6 points 
2.178897, 1.239650, 0.996000 
2.191781, 1.908862, 0.996000 
-1.679699, 1.938984, 0.996000 
-1.684260, -0.853302, 0.996000 
1.900308, -0.882294, 0.996000 
1.900656, -0.880396, 0.996000 
#OKS At  2400 : After 5 points 
2.179571, 1.071409, 1.096000 
2.195703, 1.909363, 1.096000 
-1.679698, 1.939515, 1.096000 
-1.684260, -0.853302, 1.096000 
1.923137, -0.882479, 1.096000 
#OKS At  2500 : After 5 points 
2.180245, 0.903167, 1.196000 
2.199625, 1.909864, 1.196000 
-1.679697, 1.940047, 1.196000 
-1.684260, -0.853302, 1.196000 
1.945867, -0.882663, 1.196000 
#OKS At  2600 : After 5 points 
2.180918, 0.734926, 1.296000 
2.203547, 1.910365, 1.296000 
-1.679696, 1.940579, 1.296000 
-1.684260, -0.853302, 1.296000 
1.968597, -0.882847, 1.296000 
#OKS At  2700 : After 5 points 
2.181592, 0.566685, 1.396000 
2.207470, 1.910866, 1.396000 
-1.679696, 1.941110, 1.396000 
-1.684260, -0.853302, 1.396000 
1.991327, -0.883031, 1.396000 
#OKS At  2800 : After 5 points 
2.182266, 0.398444, 1.496000 
2.211392, 1.911367, 1.496000 
-1.679695, 1.941642, 1.496000 
-1.684260, -0.853302, 1.496000 
2.014057, -0.883214, 1.496000 
#OKS At  2900 : After 5 points 
2.182939, 0.230202, 1.596000 
2.215314, 1.911869, 1.596000 
-1.679694, 1.942174, 1.596000 
-1.684260, -0.853302, 1.596000 
2.036787, -0.883398, 1.596000 
#OKS At  3000 : After 5 points 
2.183613, 0.061961, 1.696000 
2.219237, 1.912370, 1.696000 
-1.679693, 1.942705, 1.696000 
-1.684260, -0.853302, 1.696000 
2.059517, -0.883582, 1.696000 
#OKS At  3100 : After 5 points 
2.184287, -0.106280, 1.796000 
2.223159, 1.912871, 1.796000 
-1.679692, 1.943237, 1.796000 
-1.684260, -0.853302, 1.796000 
2.082247, -0.883766, 1.796000 
#OKS At  3200 : After 5 points 
2.184961, -0.274521, 1.896000 
2.227081, 1.913372, 1.896000 
-1.679691, 1.943768, 1.896000 
-1.684260, -0.853302, 1.896000 
2.104977, -0.883950, 1.896000 
#OKS At  3300 : After 5 points 
2.185634, -0.442763, 1.996000 
2.231003, 1.913873, 1.996000 
-1.679690, 1.944300, 1.996000 
-1.684260, -0.853302, 1.996000 
2.127707, -0.884134, 1.996000 
#OKS At  3400 : After 5 points 
2.186308, -0.611004, 2.096000 
2.234926, 1.914374, 2.096000 
-1.679689, 1.944832, 2.096000 
-1.684260, -0.853302, 2.096000 
2.150438, -0.884317, 2.096000 
#OKS At  3500 : After 5 points 
2.186982, -0.779245, 2.196000 
2.238848, 1.914875, 2.196000 
-1.679689, 1.945363, 2.196000 
-1.684260, -0.853302, 2.196000 
2.173168, -0.884501, 2.196000 
#OKS At  3600 : After 4 points 
2.188865, -0.884628, 2.296000 
2.242770, 1.915376, 2.296000 
-1.679688, 1.945895, 2.296000 
-1.684260, -0.853302, 2.296000 
#OKS At  3700 : After 4 points 
2.192777, -0.884660, 2.396000 
2.246692, 1.915878, 2.396000 
-1.679687, 1.946427, 2.396000 
-1.684260, -0.853302, 2.396000 
#OKS At  3800 : After 4 points 
2.196690, -0.884692, 2.496000 
2.250615, 1.916379, 2.496000 
-1.679686, 1.946958, 2.496000 
-1.684260, -0.853302, 2.496000 
#OKS At  3900 : After 4 points 
2.200602, -0.884723, 2.596000 
2.254537, 1.916880, 2.596000 
-1.679685, 1.947490, 2.596000 
-1.684260, -0.853302, 2.596000 
