CHECKING DISTANT FROM POINTS TO AVERAGE PLANE TO REMOVE INCORRECT POINT. 

Distant of points(mm) belongs the plane 0 (56 points): 
17.25(587), 12.62(588),  8.03(617),  7.85(641),  7.81(606),  7.70(594),  7.47(610),  7.08(621),  6.79(619),  6.09(602),  5.89(613),  5.60(591),  5.60(598),  5.52(618),  5.41(634),  5.29(611),  5.26(630),  4.94(612),  4.70(595),  4.33(603),  4.28(597),  4.23(636),  4.16(589),  3.80(622),  3.78(624),  3.68(614),  3.54(607),  3.45(635),  3.22(608),  3.19(604),  2.99(620),  2.98(596),  2.94(623),  2.93(605),  2.84(601),  2.66(628),  2.14(632),  2.10(640),  1.96(637),  1.73(609),  1.69(615),  1.59(625),  1.57(592),  1.44(627),  1.43(599),  1.40(626),  1.30(616),  1.13(629),  1.10(631),  0.66(633),  0.64(600),  0.51(642),  0.42(638),  0.39(639),  0.30(590),  0.10(593), 
Distant of points(mm) belongs the plane 1 (24 points): 
 9.18(570),  8.63(568),  8.45(586),  6.11(579),  5.98(580),  5.94(585),  5.24(583),  5.13(576),  4.59(565),  4.51(573),  4.14(563),  3.51(572),  3.44(564),  2.67(577),  2.13(569),  2.07(566),  1.60(575),  1.58(584),  1.47(582),  0.88(571),  0.78(581),  0.70(567),  0.56(574),  0.51(578), 
Distant of points(mm) belongs the plane 5 (31 points): 
 9.95(139),  9.71(144),  9.39(150),  7.39(126),  7.36(123),  7.24(122),  6.70(143),  6.70(138),  5.63(121),  5.28(120),  5.05(132),  4.09(134),  3.35(127),  3.01(125),  2.87(142),  2.86(135),  2.75(145),  2.19(129),  2.11(148),  1.94(131),  1.56(140),  1.46(136),  1.11(146),  1.09(147),  1.04(124),  1.00(149),  0.78(141),  0.52(137),  0.28(128),  0.26(133),  0.19(130), 
Distant of points(mm) belongs the plane 6 (75 points): 
13.05(164), 10.03(210),  8.73(201),  8.70(173),  8.62(202),  8.56(174),  8.14(225),  7.83(175),  6.95(172),  6.90(196),  6.50(190),  6.48(211),  6.46(219),  6.33(163),  6.01(176),  5.84(180),  5.75(203),  5.04(209),  4.91(162),  4.86(194),  4.83(181),  4.72(183),  4.60(166),  4.60(182),  4.51(161),  4.37(151),  4.30(191),  4.30(167),  4.00(212),  3.98(218),  3.98(204),  3.85(177),  3.79(189),  3.75(160),  3.73(224),  3.56(220),  3.56(184),  3.50(188),  3.39(205),  3.33(165),  3.26(179),  3.19(206),  3.12(154),  3.09(158),  3.00(192),  2.93(153),  2.76(155),  2.70(197),  2.55(178),  2.45(217),  2.36(187),  2.33(200),  2.25(207),  2.20(170),  2.17(216),  2.09(195),  1.79(152),  1.77(168),  1.51(169),  1.46(159),  1.37(223),  1.35(208),  1.11(193),  1.08(198),  0.99(214),  0.88(156),  0.88(222),  0.78(157),  0.73(199),  0.61(186),  0.49(213),  0.27(185),  0.15(221),  0.11(215),  0.05(171), 
Distant of points(mm) belongs the plane 7 (25 points): 
17.36(244), 12.96(245), 12.51(234),  8.55(232),  7.47(246),  6.46(249),  6.23(242),  5.93(250),  5.81(239),  5.17(236),  5.17(243),  4.35(233),  4.30(230),  4.01(248),  3.81(240),  3.51(237),  2.90(241),  2.61(231),  2.23(238),  2.05(235),  1.43(229),  1.12(227),  0.60(226),  0.57(247),  0.48(228), 
Distant of points(mm) belongs the plane 8 (36 points): 
15.82(257), 14.64(269), 13.76(280), 13.28(285), 12.63(259), 12.55(281), 11.21(268), 10.83(251), 10.38(282),  9.67(286),  9.42(256),  8.15(264),  8.13(277),  7.44(262),  6.48(252),  6.45(274),  6.28(279),  5.59(276),  5.47(275),  4.98(265),  4.98(283),  4.77(271),  4.16(263),  4.12(266),  3.17(272),  3.07(273),  2.59(261),  2.30(284),  1.46(278),  1.32(258),  1.18(267),  1.08(260),  0.33(255),  0.30(270),  0.24(253),  0.22(254), 
Distant of points(mm) belongs the plane 9 (33 points): 
10.95(289),  7.66(303),  7.49(307),  7.40(300),  5.72(317),  5.41(313),  5.27(299),  5.26(287),  5.25(288),  5.11(311),  4.85(292),  4.74(316),  4.31(314),  3.76(306),  3.73(301),  3.40(293),  3.39(295),  3.30(302),  2.89(304),  2.49(294),  2.27(297),  2.03(298),  1.99(296),  1.91(318),  1.76(305),  1.72(308),  1.60(315),  1.24(312),  1.00(291),  0.69(319),  0.63(310),  0.25(290),  0.19(309), 
