#OKS At   -35 : After 3 points 
-4.092300, 7.247313, -1.461000 
-4.074775, 5.832541, -1.461000 
-2.818626, 7.262471, -1.461000 
#OKS At   -30 : After 3 points 
-4.092300, 7.247325, -1.456000 
-4.050483, 3.871405, -1.456000 
-1.053067, 7.283496, -1.456000 
#OKS At   -25 : After 3 points 
-4.092300, 7.247337, -1.451000 
-4.026191, 1.910270, -1.451000 
0.712492, 7.304521, -1.451000 
#OKS At   -20 : After 4 points 
2.211433, 7.322372, -1.446000 
2.213411, 7.127871, -1.446000 
-4.001899, -0.050866, -1.446000 
-4.092300, 7.247349, -1.446000 
#OKS At   -15 : After 4 points 
2.213183, 7.322405, -1.441000 
2.228249, 5.841175, -1.441000 
-3.977607, -2.012001, -1.441000 
-4.092300, 7.247361, -1.441000 
#OKS At   -10 : After 4 points 
2.214933, 7.322438, -1.436000 
2.243086, 4.554480, -1.436000 
-3.953314, -3.973137, -1.436000 
-4.092300, 7.247373, -1.436000 
#OKS At    -5 : After 5 points 
-3.945411, -4.611172, -1.431000 
-2.753547, -4.596177, -1.431000 
2.257923, 3.267785, -1.431000 
2.216683, 7.322471, -1.431000 
-4.092301, 7.247386, -1.431000 
#OKS At     0 : After 5 points 
-3.945411, -4.611172, -1.426000 
-0.986932, -4.573950, -1.426000 
2.272761, 1.981090, -1.426000 
2.218433, 7.322504, -1.426000 
-4.092301, 7.247398, -1.426000 
#OKS At   100 : After 6 points 
2.273568, -0.998679, -1.326000 
2.333506, -0.549483, -1.326000 
2.253433, 7.323164, -1.326000 
-4.092304, 7.247641, -1.326000 
-3.945411, -4.611172, -1.326000 
1.483291, -4.542870, -1.326000 
#OKS At   200 : After 6 points 
2.242065, -1.494237, -1.226000 
2.368486, -0.546805, -1.226000 
2.288434, 7.323824, -1.226000 
-4.092307, 7.247884, -1.226000 
-3.945411, -4.611172, -1.226000 
1.562509, -4.541873, -1.226000 
#OKS At   300 : After 6 points 
2.210562, -1.989796, -1.126000 
2.403466, -0.544126, -1.126000 
2.323434, 7.324484, -1.126000 
-4.092310, 7.248127, -1.126000 
-3.945411, -4.611172, -1.126000 
1.641727, -4.540876, -1.126000 
#OKS At   400 : After 6 points 
2.179059, -2.485354, -1.026000 
2.438446, -0.541447, -1.026000 
2.358434, 7.325144, -1.026000 
-4.092313, 7.248371, -1.026000 
-3.945411, -4.611172, -1.026000 
1.720945, -4.539880, -1.026000 
#OKS At   500 : After 6 points 
2.147556, -2.980912, -0.926000 
2.473425, -0.538769, -0.926000 
2.393435, 7.325803, -0.926000 
-4.092316, 7.248614, -0.926000 
-3.945411, -4.611172, -0.926000 
1.800163, -4.538883, -0.926000 
#OKS At   600 : After 6 points 
2.116053, -3.476471, -0.826000 
2.508405, -0.536090, -0.826000 
2.428435, 7.326463, -0.826000 
-4.092319, 7.248857, -0.826000 
-3.945411, -4.611172, -0.826000 
1.879381, -4.537886, -0.826000 
#OKS At   700 : After 6 points 
2.084550, -3.972029, -0.726000 
2.543385, -0.533412, -0.726000 
2.463435, 7.327123, -0.726000 
-4.092322, 7.249100, -0.726000 
-3.945411, -4.611172, -0.726000 
1.958599, -4.536890, -0.726000 
#OKS At   800 : After 6 points 
2.053047, -4.467588, -0.626000 
2.578365, -0.530733, -0.626000 
2.498436, 7.327783, -0.626000 
-4.092325, 7.249343, -0.626000 
-3.945411, -4.611172, -0.626000 
2.037817, -4.535893, -0.626000 
#OKS At   900 : After 5 points 
2.613345, -0.528055, -0.526000 
2.078368, -4.535383, -0.526000 
-3.945411, -4.611172, -0.526000 
-4.092328, 7.249587, -0.526000 
2.533436, 7.328443, -0.526000 
#OKS At  1000 : After 6 points 
2.611362, 3.108694, -0.426000 
2.562963, 7.329037, -0.426000 
-4.092331, 7.249830, -0.426000 
-3.945411, -4.611172, -0.426000 
2.112753, -4.534950, -0.426000 
2.648324, -0.525376, -0.426000 
#OKS At  1100 : After 5 points 
2.654830, -0.733937, -0.326000 
2.562360, 7.329273, -0.326000 
-4.092334, 7.250073, -0.326000 
-3.945411, -4.611172, -0.326000 
2.147137, -4.534517, -0.326000 
#OKS At  1200 : After 5 points 
2.656992, -0.974724, -0.226000 
2.561758, 7.329509, -0.226000 
-4.092337, 7.250316, -0.226000 
-3.945411, -4.611172, -0.226000 
2.181522, -4.534085, -0.226000 
#OKS At  1300 : After 5 points 
2.659153, -1.215512, -0.126000 
2.561155, 7.329745, -0.126000 
-4.092340, 7.250559, -0.126000 
-3.945411, -4.611172, -0.126000 
2.215906, -4.533652, -0.126000 
#OKS At  1400 : After 5 points 
2.661315, -1.456300, -0.026000 
2.560553, 7.329981, -0.026000 
-4.092343, 7.250803, -0.026000 
-3.945411, -4.611172, -0.026000 
2.250291, -4.533220, -0.026000 
#OKS At  1500 : After 5 points 
2.663476, -1.697087, 0.074000 
2.559950, 7.330218, 0.074000 
-4.092346, 7.251046, 0.074000 
-3.945411, -4.611172, 0.074000 
2.284675, -4.532787, 0.074000 
#OKS At  1600 : After 5 points 
2.665638, -1.937875, 0.174000 
2.559348, 7.330454, 0.174000 
-4.092349, 7.251289, 0.174000 
-3.945411, -4.611172, 0.174000 
2.319060, -4.532354, 0.174000 
#OKS At  1700 : After 5 points 
2.667799, -2.178663, 0.274000 
2.558745, 7.330690, 0.274000 
-4.092352, 7.251532, 0.274000 
-3.945411, -4.611172, 0.274000 
2.353444, -4.531922, 0.274000 
#OKS At  1800 : After 5 points 
2.669961, -2.419450, 0.374000 
2.558142, 7.330926, 0.374000 
-4.092355, 7.251775, 0.374000 
-3.945411, -4.611172, 0.374000 
2.387829, -4.531489, 0.374000 
#OKS At  1900 : After 5 points 
2.672122, -2.660238, 0.474000 
2.557540, 7.331162, 0.474000 
-4.092358, 7.252019, 0.474000 
-3.945411, -4.611172, 0.474000 
2.422213, -4.531056, 0.474000 
#OKS At  2000 : After 5 points 
2.674284, -2.901026, 0.574000 
2.556937, 7.331398, 0.574000 
-4.092361, 7.252262, 0.574000 
-3.945411, -4.611172, 0.574000 
2.456597, -4.530624, 0.574000 
#OKS At  2100 : After 5 points 
2.676446, -3.141813, 0.674000 
2.556335, 7.331634, 0.674000 
-4.092364, 7.252505, 0.674000 
-3.945411, -4.611172, 0.674000 
2.490982, -4.530191, 0.674000 
#OKS At  2200 : After 5 points 
2.678607, -3.382601, 0.774000 
2.555732, 7.331870, 0.774000 
-4.092367, 7.252748, 0.774000 
-3.945411, -4.611172, 0.774000 
2.525366, -4.529759, 0.774000 
#OKS At  2300 : After 5 points 
2.680769, -3.623389, 0.874000 
2.555130, 7.332106, 0.874000 
-4.092370, 7.252991, 0.874000 
-3.945411, -4.611172, 0.874000 
2.559751, -4.529326, 0.874000 
#OKS At  2400 : After 5 points 
2.682930, -3.864176, 0.974000 
2.554527, 7.332342, 0.974000 
-4.092373, 7.253235, 0.974000 
-3.945411, -4.611172, 0.974000 
2.594135, -4.528893, 0.974000 
#OKS At  2500 : After 5 points 
2.685092, -4.104964, 1.074000 
2.553925, 7.332578, 1.074000 
-4.092376, 7.253478, 1.074000 
-3.945411, -4.611172, 1.074000 
2.628520, -4.528461, 1.074000 
#OKS At  2600 : After 5 points 
2.687253, -4.345752, 1.174000 
2.553322, 7.332814, 1.174000 
-4.092379, 7.253721, 1.174000 
-3.945411, -4.611172, 1.174000 
2.662904, -4.528028, 1.174000 
#OKS At  2700 : After 4 points 
2.688740, -4.527703, 1.274000 
2.552720, 7.333050, 1.274000 
-4.092382, 7.253964, 1.274000 
-3.945411, -4.611172, 1.274000 
#OKS At  2800 : After 4 points 
2.688140, -4.527711, 1.374000 
2.552117, 7.333287, 1.374000 
-4.092385, 7.254208, 1.374000 
-3.945411, -4.611172, 1.374000 
#OKS At  2900 : After 4 points 
2.687541, -4.527718, 1.474000 
2.551515, 7.333523, 1.474000 
-4.092388, 7.254451, 1.474000 
-3.945411, -4.611172, 1.474000 
#OKS At  3000 : After 4 points 
2.686941, -4.527726, 1.574000 
2.550912, 7.333759, 1.574000 
-4.092391, 7.254694, 1.574000 
-3.945411, -4.611172, 1.574000 
#OKS At  3100 : After 4 points 
2.686341, -4.527733, 1.674000 
2.550309, 7.333995, 1.674000 
-4.092394, 7.254937, 1.674000 
-3.945411, -4.611172, 1.674000 
#OKS At  3200 : After 4 points 
2.685741, -4.527741, 1.774000 
2.549707, 7.334231, 1.774000 
-4.092397, 7.255180, 1.774000 
-3.945411, -4.611172, 1.774000 
#OKS At  3300 : After 4 points 
2.685142, -4.527748, 1.874000 
2.549104, 7.334467, 1.874000 
-4.092400, 7.255424, 1.874000 
-3.945411, -4.611172, 1.874000 
#OKS At  3400 : After 4 points 
2.684542, -4.527756, 1.974000 
2.548502, 7.334703, 1.974000 
-4.092403, 7.255667, 1.974000 
-3.945411, -4.611172, 1.974000 
#OKS At  3500 : After 4 points 
2.683942, -4.527763, 2.074000 
2.547899, 7.334939, 2.074000 
-4.092406, 7.255910, 2.074000 
-3.945411, -4.611172, 2.074000 
#OKS At  3600 : After 4 points 
2.683342, -4.527771, 2.174000 
2.547297, 7.335175, 2.174000 
-4.092409, 7.256153, 2.174000 
-3.945411, -4.611172, 2.174000 
#OKS At  3700 : After 4 points 
2.682743, -4.527779, 2.274000 
2.546694, 7.335411, 2.274000 
-4.092412, 7.256396, 2.274000 
-3.945411, -4.611172, 2.274000 
#OKS At  3800 : After 4 points 
2.682143, -4.527786, 2.374000 
2.546092, 7.335647, 2.374000 
-4.092415, 7.256640, 2.374000 
-3.945411, -4.611172, 2.374000 
#OKS At  3900 : After 4 points 
2.681543, -4.527794, 2.474000 
2.545489, 7.335883, 2.474000 
-4.092418, 7.256883, 2.474000 
-3.945411, -4.611172, 2.474000 
#OKS At  4000 : After 4 points 
2.680943, -4.527801, 2.574000 
2.544887, 7.336119, 2.574000 
-4.092421, 7.257126, 2.574000 
-3.945411, -4.611172, 2.574000 
#OKS At  4100 : After 4 points 
2.680344, -4.527809, 2.674000 
2.544284, 7.336355, 2.674000 
-4.092424, 7.257369, 2.674000 
-3.945411, -4.611172, 2.674000 
#OKS At  4200 : After 4 points 
2.679744, -4.527816, 2.774000 
2.543682, 7.336592, 2.774000 
-4.092427, 7.257612, 2.774000 
-3.945411, -4.611172, 2.774000 
#OKS At  4300 : After 4 points 
2.679144, -4.527824, 2.874000 
2.543079, 7.336828, 2.874000 
-4.092430, 7.257856, 2.874000 
-3.945411, -4.611172, 2.874000 
#OKS At  4400 : After 4 points 
2.678544, -4.527831, 2.974000 
2.542476, 7.337064, 2.974000 
-4.092433, 7.258099, 2.974000 
-3.945411, -4.611172, 2.974000 
#OKS At  4500 : After 4 points 
2.677945, -4.527839, 3.074000 
2.541874, 7.337300, 3.074000 
-4.092436, 7.258342, 3.074000 
-3.945411, -4.611172, 3.074000 
#OKS At  4600 : After 4 points 
2.677345, -4.527846, 3.174000 
2.541271, 7.337536, 3.174000 
-4.092439, 7.258585, 3.174000 
-3.945411, -4.611172, 3.174000 
#OKS At  4700 : After 4 points 
2.676745, -4.527854, 3.274000 
2.540669, 7.337772, 3.274000 
-4.092442, 7.258828, 3.274000 
-3.945411, -4.611172, 3.274000 
#OKS At  4800 : After 4 points 
2.676145, -4.527862, 3.374000 
2.540066, 7.338008, 3.374000 
-4.092445, 7.259072, 3.374000 
-3.945411, -4.611172, 3.374000 
#OKS At  4900 : After 4 points 
2.675546, -4.527869, 3.474000 
2.539464, 7.338244, 3.474000 
-4.092448, 7.259315, 3.474000 
-3.945411, -4.611172, 3.474000 
#OKS At  5000 : After 4 points 
2.674946, -4.527877, 3.574000 
2.538861, 7.338480, 3.574000 
-4.092451, 7.259558, 3.574000 
-3.945411, -4.611172, 3.574000 
#OKS At  5100 : After 4 points 
2.674346, -4.527884, 3.674000 
2.538259, 7.338716, 3.674000 
-4.092454, 7.259801, 3.674000 
-3.945411, -4.611172, 3.674000 
#OKS At  5200 : After 4 points 
2.673747, -4.527892, 3.774000 
2.537656, 7.338952, 3.774000 
-4.092457, 7.260045, 3.774000 
-3.945411, -4.611172, 3.774000 
#OKS At  5300 : After 4 points 
2.673147, -4.527899, 3.874000 
2.537054, 7.339188, 3.874000 
-4.092460, 7.260288, 3.874000 
-3.945411, -4.611172, 3.874000 
#OKS At  5400 : After 4 points 
2.672547, -4.527907, 3.974000 
2.536451, 7.339424, 3.974000 
-4.092463, 7.260531, 3.974000 
-3.945411, -4.611172, 3.974000 
#OKS At  5500 : After 4 points 
2.671947, -4.527914, 4.074000 
2.535849, 7.339660, 4.074000 
-4.092466, 7.260774, 4.074000 
-3.945411, -4.611172, 4.074000 
#OKS At  5600 : After 4 points 
2.671348, -4.527922, 4.174000 
2.535246, 7.339897, 4.174000 
-4.092469, 7.261017, 4.174000 
-3.945411, -4.611172, 4.174000 
#OKS At  5700 : After 4 points 
2.670748, -4.527929, 4.274000 
2.534644, 7.340133, 4.274000 
-4.092472, 7.261261, 4.274000 
-3.945411, -4.611172, 4.274000 
#OKS At  5800 : After 4 points 
2.666787, -4.527979, 4.374000 
2.503721, 7.340008, 4.374000 
-4.092475, 7.261504, 4.374000 
-3.945411, -4.611172, 4.374000 
#OKS At  5900 : After 4 points 
2.631941, -4.528418, 4.474000 
2.468872, 7.339836, 4.474000 
-4.092478, 7.261747, 4.474000 
-3.945411, -4.611172, 4.474000 
#OKS At  6000 : After 4 points 
2.597095, -4.528856, 4.574000 
2.434022, 7.339665, 4.574000 
-4.092481, 7.261990, 4.574000 
-3.945411, -4.611172, 4.574000 
#OKS At  6100 : After 4 points 
2.562249, -4.529295, 4.674000 
2.399173, 7.339493, 4.674000 
-4.092484, 7.262233, 4.674000 
-3.945411, -4.611172, 4.674000 
#OKS At  6200 : After 4 points 
2.527403, -4.529733, 4.774000 
2.364323, 7.339322, 4.774000 
-4.092488, 7.262477, 4.774000 
-3.945411, -4.611172, 4.774000 
#OKS At  6300 : After 4 points 
2.492557, -4.530171, 4.874000 
2.329473, 7.339150, 4.874000 
-4.092491, 7.262720, 4.874000 
-3.945411, -4.611172, 4.874000 
#OKS At  6400 : After 4 points 
2.457712, -4.530610, 4.974000 
2.294624, 7.338979, 4.974000 
-4.092494, 7.262963, 4.974000 
-3.945411, -4.611172, 4.974000 
#OKS At  6500 : After 4 points 
2.422866, -4.531048, 5.074000 
2.259774, 7.338807, 5.074000 
-4.092497, 7.263206, 5.074000 
-3.945411, -4.611172, 5.074000 
#OKS At  6600 : After 4 points 
2.388020, -4.531487, 5.174000 
2.224925, 7.338636, 5.174000 
-4.092500, 7.263449, 5.174000 
-3.945411, -4.611172, 5.174000 
#OKS At  6700 : After 4 points 
2.353174, -4.531925, 5.274000 
2.190075, 7.338464, 5.274000 
-4.092503, 7.263693, 5.274000 
-3.945411, -4.611172, 5.274000 
#OKS At  6800 : After 5 points 
2.249125, 0.504217, 5.374000 
1.125079, 7.326033, 5.374000 
-4.092506, 7.263936, 5.374000 
-3.945411, -4.611172, 5.374000 
2.318328, -4.532364, 5.374000 
#OKS At  6900 : After 4 points 
1.034936, -4.548511, 5.474000 
0.859723, 7.323118, 5.474000 
-4.092509, 7.264179, 5.474000 
-3.945411, -4.611172, 5.474000 
#OKS At  7000 : After 4 points 
1.034388, -4.548518, 5.574000 
0.859171, 7.323354, 5.574000 
-4.092512, 7.264422, 5.574000 
-3.945411, -4.611172, 5.574000 
#OKS At  7100 : After 4 points 
1.033839, -4.548525, 5.674000 
0.858619, 7.323591, 5.674000 
-4.092515, 7.264665, 5.674000 
-3.945411, -4.611172, 5.674000 
#OKS At  7200 : After 4 points 
1.033291, -4.548532, 5.774000 
0.858067, 7.323828, 5.774000 
-4.092518, 7.264909, 5.774000 
-3.945411, -4.611172, 5.774000 
#OKS At  7300 : After 4 points 
1.032742, -4.548539, 5.874000 
0.857515, 7.324064, 5.874000 
-4.092521, 7.265152, 5.874000 
-3.945411, -4.611172, 5.874000 
#OKS At  7400 : After 4 points 
1.032194, -4.548545, 5.974000 
0.856963, 7.324301, 5.974000 
-4.092524, 7.265395, 5.974000 
-3.945411, -4.611172, 5.974000 
#OKS At  7500 : After 4 points 
1.031645, -4.548552, 6.074000 
0.856410, 7.324538, 6.074000 
-4.092527, 7.265638, 6.074000 
-3.945411, -4.611172, 6.074000 
#OKS At  7600 : After 4 points 
1.031097, -4.548559, 6.174000 
0.855858, 7.324774, 6.174000 
-4.092530, 7.265882, 6.174000 
-3.945411, -4.611172, 6.174000 
#OKS At  7700 : After 4 points 
1.030548, -4.548566, 6.274000 
0.855306, 7.325011, 6.274000 
-4.092533, 7.266125, 6.274000 
-3.945411, -4.611172, 6.274000 
#OKS At  7800 : After 4 points 
1.030000, -4.548573, 6.374000 
0.854754, 7.325248, 6.374000 
-4.092536, 7.266368, 6.374000 
-3.945411, -4.611172, 6.374000 
#OKS At  7900 : After 4 points 
1.029451, -4.548580, 6.474000 
0.854202, 7.325484, 6.474000 
-4.092539, 7.266611, 6.474000 
-3.945411, -4.611172, 6.474000 
#OKS At  8000 : After 4 points 
1.028903, -4.548587, 6.574000 
0.853650, 7.325721, 6.574000 
-4.092542, 7.266854, 6.574000 
-3.945411, -4.611172, 6.574000 
#OKS At  8100 : After 4 points 
1.028354, -4.548594, 6.674000 
0.853098, 7.325958, 6.674000 
-4.092545, 7.267098, 6.674000 
-3.945411, -4.611172, 6.674000 
#OKS At  8200 : After 4 points 
1.027806, -4.548601, 6.774000 
0.852546, 7.326194, 6.774000 
-4.092548, 7.267341, 6.774000 
-3.945411, -4.611172, 6.774000 
#OKS At  8300 : After 4 points 
1.027257, -4.548608, 6.874000 
0.969523, -0.636802, 6.874000 
-4.007247, 0.380918, 6.874000 
-3.945411, -4.611172, 6.874000 
