CHECKING DISTANT FROM POINTS TO AVERAGE PLANE TO REMOVE INCORRECT POINT. 

Distant of points(mm) belongs the plane 0 (19 points): 
18.73(317), 10.62(313),  5.34(309),  4.21(306),  3.80(303),  3.80(302),  3.68(299),  3.62(305),  3.12(312),  2.63(300),  2.29(304),  2.24(308),  2.14(316),  1.31(301),  0.98(311),  0.59(315),  0.49(307),  0.13(310),  0.10(314), 
Distant of points(mm) belongs the plane 1 (23 points): 
23.86(298), 12.84(292),  7.99(295),  7.56(291),  6.89(279),  6.06(285),  5.70(293),  5.17(296),  5.12(278),  4.13(286),  3.72(277),  3.41(294),  2.97(281),  2.43(276),  1.72(283),  1.66(284),  1.53(297),  1.20(288),  0.73(275),  0.66(289),  0.51(290),  0.26(282),  0.08(280), 
Distant of points(mm) belongs the plane 3 (40 points): 
12.74(261), 11.84(252), 11.83(253), 11.79(263), 11.74(273), 11.19(254), 11.04(255),  9.69(274),  9.63(256),  9.04(272),  8.41(260),  7.49(251),  6.76(258),  6.50(271),  6.03(268),  5.76(245),  5.66(244),  5.57(249),  4.73(262),  3.92(236),  3.81(267),  3.67(266),  3.64(243),  3.47(250),  3.46(246),  3.05(235),  2.80(259),  2.75(242),  2.75(248),  2.38(265),  2.35(237),  2.12(270),  1.73(238),  1.68(257),  1.41(241),  1.17(269),  1.12(247),  1.00(239),  0.09(240),  0.03(264), 
Distant of points(mm) belongs the plane 4 (55 points): 
25.68(230), 17.91(222), 14.33(234), 10.66(233), 10.48(209), 10.46(215),  9.96(208),  9.77(205),  9.73(190),  9.40(223),  9.26(191),  8.95(210),  8.84(185),  8.57(207),  8.29(216),  8.28(183),  8.07(214),  7.91(202),  7.56(204),  7.44(203),  7.03(213),  6.89(224),  6.82(232),  6.67(201),  6.41(186),  6.35(206),  6.15(212),  6.09(193),  6.03(184),  6.03(217),  5.35(198),  5.05(182),  5.02(189),  5.02(200),  4.94(221),  4.88(225),  4.87(188),  4.31(211),  4.04(199),  3.89(218),  3.65(231),  3.61(226),  3.53(194),  3.47(227),  3.36(197),  2.79(195),  2.41(187),  2.33(181),  1.69(219),  1.57(229),  1.04(192),  0.64(220),  0.45(180),  0.29(196),  0.24(228), 
Distant of points(mm) belongs the plane 5 (18 points): 
 7.77(126),  5.17(112),  3.74(125),  3.64(122),  3.34(119),  2.96(128),  2.87(124),  2.84(121),  2.73(116),  2.50(120),  2.45(127),  2.00(117),  1.88(123),  1.32(114),  1.08(129),  0.82(118),  0.41(115),  0.39(113), 
Distant of points(mm) belongs the plane 6 (16 points): 
 7.59(136),  7.41(135),  7.02(133),  4.77(134),  4.46(143),  4.18(130),  2.94(144),  2.01(142),  1.86(145),  1.55(131),  1.53(132),  1.50(137),  0.89(140),  0.43(141),  0.16(139),  0.05(138), 
Distant of points(mm) belongs the plane 7 (18 points): 
22.60(158), 22.36(157),  7.88(156),  5.81(149),  5.73(160),  4.92(159),  4.52(163),  4.29(146),  4.17(148),  2.89(161),  2.63(153),  2.29(147),  1.58(152),  1.22(151),  1.20(155),  1.17(150),  0.73(162),  0.67(154), 
Distant of points(mm) belongs the plane 8 (16 points): 
 3.21(177),  2.58(169),  2.15(179),  2.11(171),  1.84(167),  1.52(173),  1.29(168),  1.19(166),  1.13(174),  1.04(178),  0.96(172),  0.85(170),  0.81(165),  0.78(164),  0.63(176),  0.26(175), 
