CHECKING DISTANT FROM POINTS TO AVERAGE PLANE TO REMOVE INCORRECT POINT. 

Distant of points(mm) belongs the plane 0 (32 points): 
15.99(464), 13.81(481), 13.56(491), 12.96(465), 12.61(474), 11.86(488), 11.13(480), 10.65(475), 10.45(490), 10.28(489),  9.00(463),  8.97(466),  8.19(482),  8.18(470),  8.07(476),  6.02(473),  5.94(478),  5.83(487),  5.57(484),  5.35(483),  5.11(472),  5.10(485),  4.98(479),  4.92(468),  3.70(467),  3.68(492),  2.63(477),  2.51(462),  1.91(493),  1.64(469),  1.53(486),  0.83(471), 
Distant of points(mm) belongs the plane 1 (19 points): 
13.78(456),  5.29(452),  5.00(449),  4.88(458),  4.67(450),  3.98(447),  3.41(445),  3.28(460),  2.98(453),  2.61(457),  2.37(451),  2.01(461),  1.69(444),  1.65(459),  1.47(454),  1.45(448),  1.37(455),  0.86(443),  0.54(446), 
Distant of points(mm) belongs the plane 5 (23 points): 
 6.75(108),  5.56(119),  4.13(117),  4.05(124),  3.55(123),  3.48(125),  3.47(115),  2.96(107),  2.91(114),  2.75(127),  2.68(116),  2.11(122),  2.00(128),  1.98(111),  1.96(121),  1.94(120),  1.87(106),  1.68(126),  1.66(109),  1.41(112),  1.40(118),  0.90(113),  0.03(110), 
Distant of points(mm) belongs the plane 6 (51 points): 
10.47(166),  9.02(179),  7.16(154),  6.99(155),  6.73(153),  5.44(167),  5.34(134),  5.06(139),  4.96(156),  4.93(133),  4.84(168),  4.66(149),  4.62(158),  4.32(140),  4.31(129),  4.30(178),  4.05(152),  3.81(165),  3.81(150),  3.51(135),  3.34(130),  3.26(147),  3.22(159),  3.11(151),  3.10(146),  3.06(148),  2.95(137),  2.95(169),  2.72(170),  2.70(176),  2.70(136),  2.61(171),  2.46(175),  2.29(138),  2.13(141),  2.04(162),  1.90(174),  1.77(160),  1.67(143),  1.56(142),  1.41(172),  1.33(144),  1.32(164),  1.28(157),  1.03(163),  0.84(177),  0.57(173),  0.49(161),  0.21(131),  0.19(132),  0.11(145), 
Distant of points(mm) belongs the plane 7 (29 points): 
 6.43(202),  5.89(203),  5.71(192),  5.62(184),  4.30(207),  3.86(188),  3.64(191),  3.56(190),  3.51(183),  3.49(201),  3.26(208),  3.23(195),  3.19(189),  2.66(205),  2.61(206),  2.51(186),  2.07(187),  2.01(194),  1.84(185),  1.76(196),  1.50(200),  1.45(198),  1.32(199),  0.77(182),  0.71(204),  0.45(181),  0.38(197),  0.16(180),  0.04(193), 
Distant of points(mm) belongs the plane 8 (22 points): 
15.88(228), 15.07(213),  8.13(230),  5.58(229),  5.37(210),  5.36(217),  4.75(227),  4.47(209),  4.14(218),  3.48(215),  2.49(222),  2.45(211),  2.27(212),  2.26(216),  1.99(219),  1.48(225),  0.86(220),  0.57(223),  0.33(221),  0.19(226),  0.15(224),  0.13(214), 
Distant of points(mm) belongs the plane 9 (28 points): 
 7.47(239),  7.23(238),  6.51(240),  5.47(257),  5.44(246),  4.81(236),  4.79(256),  4.59(242),  4.44(252),  4.16(254),  4.11(232),  3.61(250),  3.45(243),  3.23(248),  2.88(258),  2.68(251),  2.08(247),  2.00(234),  1.85(231),  1.70(253),  1.33(245),  1.07(249),  0.99(255),  0.87(241),  0.72(237),  0.31(233),  0.07(235),  0.04(244), 
