#Plane 0. 
3466.7772800601,7793.7532756805,-1459.8975783057 
-2775.3894540312,7803.7917537936,-1459.8937312580 
3445.4976395346,-4077.7802617950,-1443.8471049305 
-1869.8941758872,-4048.4225960000,-1443.8719638106 
-2783.3565639206,-163.9706460690,-1449.1212267069 
#ERRORs at Segment 4: 
,-2775.3894540297,7803.7917537945,-1459.8937312584 
 -2783.3565639206,-163.9706460691,-1449.1212267069 
#Plane 5. 
-2775.3894540297,7803.7917537945,-1459.8937312584 
-2783.4544911345,-261.9058802340,-1448.9888171667 
-3142.2208567629,7804.0528974453,-462.2813266458 
-3157.4343744031,-119.7263029367,-431.7418002968 
#ERRORs at Segment 0: 
,-2775.3894540297,7803.7917537945,-1459.8937312584 
 -2783.4544911345,-261.9058802340,-1448.9888171667 
#Plane 5. 
-2775.3894540297,7803.7917537945,-1459.8937312584 
-2783.4544911345,-261.9058802340,-1448.9888171667 
-3142.2208567629,7804.0528974453,-462.2813266458 
-3157.4343744031,-119.7263029367,-431.7418002968 
#ERRORs at Segment 3: 
,-3157.4343744031,-119.7263029364,-431.7418002976 
 -2783.4544911355,-261.9058802343,-1448.9888171667 
#Plane 6. 
-2783.3565639206,-163.9706460690,-1449.1212267069 
-1869.8941758861,-4048.4225959999,-1443.8719638107 
-2802.5689387886,-254.6389543664,-1396.9964086838 
-2514.7204610158,-4044.8611286176,-617.6802434992 
#ERRORs at Segment 1: 
,-2783.3565639206,-163.9706460693,-1449.1212267069 
 -2802.5689387886,-254.6389543664,-1396.9964086838 
#Plane 7. 
-2802.5689387888,-254.6389543677,-1396.9964086834 
-2514.7204610158,-4044.8611286176,-617.6802434992 
-3157.4343744031,-119.7263029364,-431.7418002976 
-3161.8815154729,-4041.2867659720,1245.5469672671 
#ERRORs at Segment 1: 
,-3157.4343744031,-119.7263029364,-431.7418002976 
 -2802.5689387905,-254.6389543662,-1396.9964086814 
