Point ID     ,  Hz.(º ' "),  V.(º ' "),Slope Dist.(m),Refl.Ht.(m),Inst.Ht.(m),Easting(m),  Northing(m),  Height(m)
 7777            ,    0 00 03 ,   88 19 34,          0,      0.000,      1.400,            0,            0,          0
2   ,  236 06 23 ,  119 35 54,      2.876,      0.000,      0.000,   3.46678,	   7.79375,	  -1.45990
3   ,  236 06 23 ,  119 35 54,      2.876,      0.000,      0.000,  -2.77539,	   7.80379,	  -1.45989
4   ,  236 06 23 ,  119 35 54,      2.876,      0.000,      0.000,  -2.78336,	  -0.16397,	  -1.44912
5   ,  236 06 23 ,  119 35 54,      2.876,      0.000,      0.000,  -1.86989,	  -4.04842,	  -1.44387
6   ,  236 06 23 ,  119 35 54,      2.876,      0.000,      0.000,   3.44550,	  -4.07778,	  -1.44385
7   ,  236 06 23 ,  119 35 54,      2.876,      0.000,      0.000,   3.46678,	   7.79375,	  -1.45990
8   ,  236 06 23 ,  119 35 54,      2.876,      0.000,      0.000,   3.46677,	   7.79101,	   6.85858
9   ,  236 06 23 ,  119 35 54,      2.876,      0.000,      0.000,  -1.44822,	   7.79892,	   6.85227
10   ,  236 06 23 ,  119 35 54,      2.876,      0.000,      0.000,  -1.50944,	  -4.05041,	   6.87798
11   ,  236 06 23 ,  119 35 54,      2.876,      0.000,      0.000,   3.44550,	  -4.07778,	   6.88439
12   ,  236 06 23 ,  119 35 54,      2.876,      0.000,      0.000,   3.46677,	   7.79101,	   6.85858
13   ,  236 06 23 ,  119 35 54,      2.876,      0.000,      0.000,  -2.77539,	   7.80379,	  -1.45989
14   ,  236 06 23 ,  119 35 54,      2.876,      0.000,      0.000,   3.46678,	   7.79375,	  -1.45990
15   ,  236 06 23 ,  119 35 54,      2.876,      0.000,      0.000,   3.46677,	   7.79101,	   6.85858
16   ,  236 06 23 ,  119 35 54,      2.876,      0.000,      0.000,  -1.44822,	   7.79892,	   6.85227
17   ,  236 06 23 ,  119 35 54,      2.876,      0.000,      0.000,  -1.46088,	   7.79942,	   5.38759
18   ,  236 06 23 ,  119 35 54,      2.876,      0.000,      0.000,  -2.77186,	   7.80154,	   5.35389
19   ,  236 06 23 ,  119 35 54,      2.876,      0.000,      0.000,  -3.13342,	   7.80247,	   4.28699
20   ,  236 06 23 ,  119 35 54,      2.876,      0.000,      0.000,  -3.14222,	   7.80405,	  -0.46228
21   ,  236 06 23 ,  119 35 54,      2.876,      0.000,      0.000,  -2.77539,	   7.80379,	  -1.45989
22   ,  236 06 23 ,  119 35 54,      2.876,      0.000,      0.000,   3.46678,	   7.79375,	  -1.45990
23   ,  236 06 23 ,  119 35 54,      2.876,      0.000,      0.000,   3.44550,	  -4.07778,	  -1.44385
24   ,  236 06 23 ,  119 35 54,      2.876,      0.000,      0.000,   3.44550,	  -4.07778,	   6.88439
25   ,  236 06 23 ,  119 35 54,      2.876,      0.000,      0.000,   3.46677,	   7.79101,	   6.85858
26   ,  236 06 23 ,  119 35 54,      2.876,      0.000,      0.000,   3.46678,	   7.79375,	  -1.45990
27   ,  236 06 23 ,  119 35 54,      2.876,      0.000,      0.000,  -1.86989,	  -4.04842,	  -1.44387
28   ,  236 06 23 ,  119 35 54,      2.876,      0.000,      0.000,   3.44550,	  -4.07778,	  -1.44385
29   ,  236 06 23 ,  119 35 54,      2.876,      0.000,      0.000,   3.44550,	  -4.07778,	   6.88439
30   ,  236 06 23 ,  119 35 54,      2.876,      0.000,      0.000,  -1.50944,	  -4.05041,	   6.87798
31   ,  236 06 23 ,  119 35 54,      2.876,      0.000,      0.000,  -1.52214,	  -4.05034,	   5.41008
32   ,  236 06 23 ,  119 35 54,      2.876,      0.000,      0.000,  -2.81923,	  -4.04318,	   5.37672
33   ,  236 06 23 ,  119 35 54,      2.876,      0.000,      0.000,  -3.15606,	  -4.04132,	   4.38276
34   ,  236 06 23 ,  119 35 54,      2.876,      0.000,      0.000,  -3.16188,	  -4.04129,	   1.24555
35   ,  236 06 23 ,  119 35 54,      2.876,      0.000,      0.000,  -2.51472,	  -4.04486,	  -0.61768
36   ,  236 06 23 ,  119 35 54,      2.876,      0.000,      0.000,  -1.86989,	  -4.04842,	  -1.44387
37   ,  236 06 23 ,  119 35 54,      2.876,      0.000,      0.000,  -2.77539,	   7.80379,	  -1.45989
38   ,  236 06 23 ,  119 35 54,      2.876,      0.000,      0.000,  -2.78345,	  -0.26191,	  -1.44899
39   ,  236 06 23 ,  119 35 54,      2.876,      0.000,      0.000,  -3.15743,	  -0.11973,	  -0.43174
40   ,  236 06 23 ,  119 35 54,      2.876,      0.000,      0.000,  -3.14222,	   7.80405,	  -0.46228
41   ,  236 06 23 ,  119 35 54,      2.876,      0.000,      0.000,  -2.77539,	   7.80379,	  -1.45989
42   ,  236 06 23 ,  119 35 54,      2.876,      0.000,      0.000,  -2.78336,	  -0.16397,	  -1.44912
43   ,  236 06 23 ,  119 35 54,      2.876,      0.000,      0.000,  -1.86989,	  -4.04842,	  -1.44387
44   ,  236 06 23 ,  119 35 54,      2.876,      0.000,      0.000,  -2.51472,	  -4.04486,	  -0.61768
45   ,  236 06 23 ,  119 35 54,      2.876,      0.000,      0.000,  -2.80257,	  -0.25464,	  -1.39700
46   ,  236 06 23 ,  119 35 54,      2.876,      0.000,      0.000,  -2.78336,	  -0.16397,	  -1.44912
47   ,  236 06 23 ,  119 35 54,      2.876,      0.000,      0.000,  -2.80257,	  -0.25464,	  -1.39700
48   ,  236 06 23 ,  119 35 54,      2.876,      0.000,      0.000,  -2.51472,	  -4.04486,	  -0.61768
49   ,  236 06 23 ,  119 35 54,      2.876,      0.000,      0.000,  -3.16188,	  -4.04129,	   1.24555
50   ,  236 06 23 ,  119 35 54,      2.876,      0.000,      0.000,  -3.15743,	  -0.11973,	  -0.43174
51   ,  236 06 23 ,  119 35 54,      2.876,      0.000,      0.000,  -2.80257,	  -0.25464,	  -1.39700
52   ,  236 06 23 ,  119 35 54,      2.876,      0.000,      0.000,  -3.14222,	   7.80405,	  -0.46228
53   ,  236 06 23 ,  119 35 54,      2.876,      0.000,      0.000,  -3.15743,	  -0.11973,	  -0.43174
54   ,  236 06 23 ,  119 35 54,      2.876,      0.000,      0.000,  -3.16188,	  -4.04129,	   1.24555
55   ,  236 06 23 ,  119 35 54,      2.876,      0.000,      0.000,  -3.15606,	  -4.04132,	   4.38276
56   ,  236 06 23 ,  119 35 54,      2.876,      0.000,      0.000,  -3.13342,	   7.80247,	   4.28699
57   ,  236 06 23 ,  119 35 54,      2.876,      0.000,      0.000,  -3.14222,	   7.80405,	  -0.46228
58   ,  236 06 23 ,  119 35 54,      2.876,      0.000,      0.000,  -3.13342,	   7.80247,	   4.28699
59   ,  236 06 23 ,  119 35 54,      2.876,      0.000,      0.000,  -3.15606,	  -4.04132,	   4.38276
60   ,  236 06 23 ,  119 35 54,      2.876,      0.000,      0.000,  -2.81923,	  -4.04318,	   5.37672
61   ,  236 06 23 ,  119 35 54,      2.876,      0.000,      0.000,  -2.77186,	   7.80154,	   5.35389
62   ,  236 06 23 ,  119 35 54,      2.876,      0.000,      0.000,  -3.13342,	   7.80247,	   4.28699
63   ,  236 06 23 ,  119 35 54,      2.876,      0.000,      0.000,  -2.77186,	   7.80154,	   5.35389
64   ,  236 06 23 ,  119 35 54,      2.876,      0.000,      0.000,  -2.81923,	  -4.04318,	   5.37672
65   ,  236 06 23 ,  119 35 54,      2.876,      0.000,      0.000,  -1.52214,	  -4.05034,	   5.41008
66   ,  236 06 23 ,  119 35 54,      2.876,      0.000,      0.000,  -1.46088,	   7.79942,	   5.38759
67   ,  236 06 23 ,  119 35 54,      2.876,      0.000,      0.000,  -2.77186,	   7.80154,	   5.35389
68   ,  236 06 23 ,  119 35 54,      2.876,      0.000,      0.000,  -1.46088,	   7.79942,	   5.38759
69   ,  236 06 23 ,  119 35 54,      2.876,      0.000,      0.000,  -1.52214,	  -4.05034,	   5.41008
70   ,  236 06 23 ,  119 35 54,      2.876,      0.000,      0.000,  -1.50944,	  -4.05041,	   6.87798
71   ,  236 06 23 ,  119 35 54,      2.876,      0.000,      0.000,  -1.44822,	   7.79892,	   6.85227
72   ,  236 06 23 ,  119 35 54,      2.876,      0.000,      0.000,  -1.46088,	   7.79942,	   5.38759
