CHECKING DISTANT FROM POINTS TO AVERAGE PLANE TO REMOVE INCORRECT POINT. 

Distant of points(mm) belongs the plane 0 (50 points): 
10.71(592),  7.57(567),  7.30(582),  6.89(570),  6.37(580),  6.07(559),  5.94(584),  5.59(583),  5.33(558),  5.31(563),  5.28(593),  5.17(555),  5.05(579),  4.86(589),  4.65(564),  4.63(588),  4.61(587),  4.16(581),  3.37(568),  3.19(548),  3.16(547),  3.05(574),  2.80(594),  2.69(576),  2.45(575),  2.24(573),  2.09(553),  1.94(546),  1.86(560),  1.80(591),  1.55(578),  1.49(551),  1.38(561),  1.25(590),  1.21(557),  1.00(552),  0.99(554),  0.87(586),  0.79(585),  0.76(549),  0.75(571),  0.73(577),  0.71(566),  0.69(545),  0.67(569),  0.62(565),  0.61(572),  0.38(562),  0.18(550),  0.09(556), 
Distant of points(mm) belongs the plane 1 (24 points): 
14.53(531),  8.30(532),  6.36(521),  6.00(538),  5.14(527),  4.81(524),  4.20(528),  3.16(525),  2.81(526),  2.75(536),  2.61(522),  2.47(539),  2.41(542),  2.37(537),  2.27(541),  1.69(543),  1.64(533),  1.18(534),  0.99(544),  0.90(540),  0.86(529),  0.64(530),  0.15(523),  0.08(535), 
Distant of points(mm) belongs the plane 5 (23 points): 
 8.77(142),  6.48(146),  5.95(147),  5.82(154),  5.28(143),  4.67(137),  4.54(145),  4.54(134),  4.35(144),  3.78(150),  3.62(133),  3.60(139),  3.09(153),  2.64(148),  2.58(149),  1.90(132),  1.89(141),  1.82(140),  1.10(138),  0.71(151),  0.55(152),  0.11(136),  0.01(135), 
Distant of points(mm) belongs the plane 6 (12 points): 
10.88(155),  9.72(156),  4.45(159),  3.65(165),  3.23(163),  2.35(160),  2.02(157),  1.35(161),  0.91(166),  0.42(164),  0.11(162),  0.03(158), 
Distant of points(mm) belongs the plane 7 (16 points): 
17.84(167), 10.16(180),  8.94(178),  8.82(168),  8.69(179),  6.61(181),  4.97(172),  3.89(182),  3.80(176),  3.56(173),  2.90(169),  2.72(171),  2.09(174),  1.96(177),  1.03(175),  0.62(170), 
Distant of points(mm) belongs the plane 8 (49 points): 
14.80(229), 10.47(230), 10.38(228),  9.26(188),  8.32(217),  8.19(216),  7.73(231),  7.69(194),  7.46(203),  6.78(202),  6.74(189),  6.55(197),  5.97(207),  5.56(196),  5.36(218),  5.19(222),  4.87(215),  4.28(200),  3.82(204),  3.69(205),  3.53(198),  3.52(224),  3.51(183),  3.35(223),  3.15(214),  3.04(206),  2.99(220),  2.91(192),  2.83(225),  2.77(221),  1.52(213),  1.40(227),  1.39(208),  1.24(193),  1.11(210),  1.05(190),  1.03(219),  1.00(187),  0.68(201),  0.63(211),  0.63(195),  0.63(209),  0.47(199),  0.36(186),  0.35(226),  0.26(185),  0.20(212),  0.10(191),  0.05(184), 
Distant of points(mm) belongs the plane 9 (26 points): 
 9.21(236),  8.86(240),  8.30(237),  7.67(253),  5.98(250),  5.89(244),  5.65(232),  5.36(234),  4.90(257),  4.77(235),  4.73(239),  4.57(251),  4.38(254),  3.99(249),  3.65(256),  3.62(246),  3.17(248),  2.96(252),  2.92(245),  2.89(243),  2.88(255),  1.54(238),  1.53(247),  1.29(233),  1.13(241),  1.01(242), 
Distant of points(mm) belongs the plane 10 (25 points): 
10.19(273), 10.04(267),  9.09(266),  8.88(272),  8.32(260),  7.87(271),  7.00(282),  6.47(269),  5.83(262),  5.44(270),  5.42(261),  5.24(278),  5.11(263),  4.96(274),  4.94(264),  4.49(281),  4.47(279),  3.79(275),  3.42(265),  3.36(280),  1.82(259),  1.33(268),  1.18(276),  0.81(258),  0.62(277), 
Distant of points(mm) belongs the plane 11 (28 points): 
10.32(296), 10.09(299),  9.75(309),  9.22(306),  6.89(298),  6.87(283),  6.86(294),  6.19(303),  5.64(293),  5.43(307),  5.39(302),  5.11(285),  4.70(284),  4.24(301),  4.13(295),  3.82(308),  3.46(289),  3.09(310),  2.61(291),  2.20(288),  2.02(286),  1.74(290),  1.61(297),  0.74(292),  0.74(304),  0.43(305),  0.32(287),  0.24(300), 
