   Point ID     ,  Hz.(º ' "),  V.(º ' "),Slope Dist.(m),Refl.Ht.(m),Inst.Ht.(m),Easting(m),  Northing(m),  Height(m)
ADG             ,  359 59 58 ,   90 05 31,          0,      0.000,      0.000,            0,            0,          0
2               ,    1 11 14 ,   89 23 09,      8.106,      0.000,      0.000,        0.168,        8.104,      0.087
3               ,  320 47 42 ,  125 43 14,      2.470,      0.000,      0.000,       -1.268,        1.554,     -1.442
4               ,  323 11 48 ,   18 02 40,      7.206,      0.000,      0.000,       -1.337,        1.787,      6.852
5               ,   20 50 45 ,   93 07 06,      8.638,      0.000,      0.000,        3.070,        8.061,     -0.470
6               ,   20 50 48 ,   85 58 34,      8.650,      0.000,      0.000,        3.071,        8.064,      0.607
7               ,   20 50 50 ,   78 37 39,      8.800,      0.000,      0.000,        3.070,        8.062,      1.735
8               ,   20 50 47 ,   71 55 51,      9.076,      0.000,      0.000,        3.070,        8.063,      2.815
9               ,   20 43 25 ,   63 24 52,      9.637,      0.000,      0.000,        3.050,        8.061,      4.313
10              ,   19 42 14 ,   60 40 37,      9.816,      0.000,      0.000,        2.886,        8.057,      4.807
11              ,   19 42 15 ,   64 26 36,      9.485,      0.000,      0.000,        2.885,        8.056,      4.092
12              ,   19 48 15 ,   79 13 55,      8.717,      0.000,      0.000,        2.902,        8.057,      1.629
13              ,   19 48 18 ,   86 14 06,      8.584,      0.000,      0.000,        2.902,        8.059,      0.564
14              ,   19 48 21 ,   96 20 17,      8.617,      0.000,      0.000,        2.902,        8.058,     -0.951
15              ,   12 01 17 ,   99 40 41,      8.377,      0.000,      0.000,        1.720,        8.076,     -1.408
16              ,   12 01 19 ,   91 12 09,      8.260,      0.000,      0.000,        1.720,        8.077,     -0.173
17              ,   12 01 20 ,   82 12 28,      8.333,      0.000,      0.000,        1.720,        8.075,      1.130
18              ,   12 01 23 ,   73 43 51,      8.602,      0.000,      0.000,        1.720,        8.077,      2.410
19              ,   12 01 26 ,   66 29 58,      9.003,      0.000,      0.000,        1.720,        8.075,      3.590
20              ,   12 01 09 ,   61 05 24,      9.433,      0.000,      0.000,        1.719,        8.076,      4.560
21              ,    9 25 42 ,   51 42 52,     10.439,      0.000,      0.000,        1.342,        8.083,      6.468
22              ,    9 25 42 ,   57 55 09,      9.675,      0.000,      0.000,        1.343,        8.087,      5.138
23              ,    9 25 42 ,   64 09 17,      9.100,      0.000,      0.000,        1.342,        8.079,      3.967
24              ,    9 25 44 ,   71 48 24,      8.621,      0.000,      0.000,        1.342,        8.079,      2.692
25              ,    9 25 45 ,   82 04 24,      8.267,      0.000,      0.000,        1.341,        8.077,      1.140
26              ,    9 25 45 ,   91 00 56,      8.189,      0.000,      0.000,        1.341,        8.078,     -0.145
27              ,    9 25 32 ,   99 10 22,      8.292,      0.000,      0.000,        1.341,        8.076,     -1.322
28              ,    0 51 12 ,   99 09 53,      8.213,      0.000,      0.000,        0.121,        8.107,     -1.308
29              ,    0 51 18 ,   87 49 46,      8.112,      0.000,      0.000,        0.121,        8.105,      0.307
30              ,    0 51 28 ,   74 05 11,      8.430,      0.000,      0.000,        0.121,        8.106,      2.311
31              ,    0 51 30 ,   64 08 23,      9.012,      0.000,      0.000,        0.122,        8.109,      3.931
32              ,    0 51 32 ,   55 39 05,      9.826,      0.000,      0.000,        0.122,        8.112,      5.544
33              ,    0 51 13 ,   50 25 42,     10.532,      0.000,      0.000,        0.121,        8.117,      6.709
34              ,  358 26 40 ,   50 26 01,     10.538,      0.000,      0.000,       -0.220,        8.120,      6.712
35              ,  358 26 36 ,   57 27 51,      9.628,      0.000,      0.000,       -0.220,        8.114,      5.178
36              ,  358 26 46 ,   67 29 44,      8.789,      0.000,      0.000,       -0.220,        8.117,      3.364
37              ,  358 26 44 ,   77 00 49,      8.329,      0.000,      0.000,       -0.220,        8.113,      1.872
38              ,  358 26 46 ,   87 36 55,      8.123,      0.000,      0.000,       -0.220,        8.113,      0.338
39              ,  358 26 50 ,   99 40 26,      8.231,      0.000,      0.000,       -0.220,        8.111,     -1.383
40              ,  349 42 05 ,   96 35 00,      8.326,      0.000,      0.000,       -1.479,        8.138,     -0.955
41              ,  349 42 07 ,   85 59 56,      8.290,      0.000,      0.000,       -1.478,        8.136,      0.578
42              ,  349 42 11 ,   77 28 43,      8.469,      0.000,      0.000,       -1.478,        8.135,      1.836
43              ,  349 42 15 ,   68 47 43,      8.865,      0.000,      0.000,       -1.477,        8.132,      3.206
44              ,  349 42 19 ,   61 17 32,      9.422,      0.000,      0.000,       -1.477,        8.131,      4.526
45              ,  349 41 57 ,   51 25 55,     10.570,      0.000,      0.000,       -1.478,        8.131,      6.590
46              ,  347 38 20 ,   51 26 00,     10.654,      0.000,      0.000,       -1.783,        8.137,      6.642
47              ,  347 38 25 ,   59 05 00,      9.709,      0.000,      0.000,       -1.783,        8.137,      4.989
48              ,  347 38 22 ,   69 00 23,      8.923,      0.000,      0.000,       -1.783,        8.137,      3.197
49              ,  347 38 24 ,   79 09 40,      8.485,      0.000,      0.000,       -1.784,        8.140,      1.596
50              ,  347 38 26 ,   88 28 55,      8.338,      0.000,      0.000,       -1.784,        8.142,      0.221
51              ,  347 38 26 ,   96 25 47,      8.387,      0.000,      0.000,       -1.784,        8.141,     -0.939
52              ,  339 39 47 ,   93 57 38,      8.736,      0.000,      0.000,       -3.029,        8.172,     -0.603
53              ,  339 39 55 ,   82 50 54,      8.783,      0.000,      0.000,       -3.028,        8.172,      1.093
54              ,  339 40 05 ,   72 28 02,      9.136,      0.000,      0.000,       -3.027,        8.169,      2.752
55              ,  339 40 06 ,   64 09 50,      9.686,      0.000,      0.000,       -3.029,        8.175,      4.221
56              ,  339 40 06 ,   57 33 43,     10.315,      0.000,      0.000,       -3.025,        8.163,      5.533
57              ,  339 39 33 ,   52 54 02,     10.916,      0.000,      0.000,       -3.026,        8.163,      6.584
58              ,  337 57 34 ,   52 58 40,     11.049,      0.000,      0.000,       -3.311,        8.177,      6.653
59              ,  337 57 35 ,   60 45 12,     10.111,      0.000,      0.000,       -3.311,        8.178,      4.940
60              ,  337 57 35 ,   68 20 06,      9.493,      0.000,      0.000,       -3.311,        8.178,      3.505
61              ,  337 57 39 ,   78 02 56,      9.016,      0.000,      0.000,       -3.310,        8.176,      1.867
62              ,  337 57 39 ,   87 20 12,      8.830,      0.000,      0.000,       -3.310,        8.176,      0.410
63              ,  337 57 42 ,   93 57 36,      8.837,      0.000,      0.000,       -3.308,        8.172,     -0.610
64              ,   15 50 36 ,   98 33 18,      9.222,      0.000,      0.000,        2.490,        8.773,     -1.372
65              ,   15 50 38 ,   88 14 10,      9.121,      0.000,      0.000,        2.489,        8.771,      0.281
66              ,   15 50 38 ,   79 47 25,      9.263,      0.000,      0.000,        2.489,        8.770,      1.642
67              ,   15 50 42 ,   72 43 58,      9.546,      0.000,      0.000,        2.489,        8.769,      2.834
68              ,   15 50 45 ,   62 23 24,     10.290,      0.000,      0.000,        2.490,        8.771,      4.769
69              ,   15 50 28 ,   60 03 37,     10.522,      0.000,      0.000,        2.489,        8.772,      5.252
70              ,   14 43 21 ,   60 03 45,     10.472,      0.000,      0.000,        2.306,        8.777,      5.226
71              ,   13 46 35 ,   67 25 02,      9.784,      0.000,      0.000,        2.151,        8.774,      3.757
72              ,   13 46 34 ,   76 44 17,      9.285,      0.000,      0.000,        2.152,        8.778,      2.130
73              ,   13 46 35 ,   85 07 08,      9.072,      0.000,      0.000,        2.153,        8.779,      0.772
74              ,   13 46 36 ,   93 41 45,      9.057,      0.000,      0.000,        2.152,        8.778,     -0.584
75              ,   13 46 28 ,   98 59 10,      9.147,      0.000,      0.000,        2.151,        8.775,     -1.429
76              ,    5 58 22 ,   98 58 52,      8.956,      0.000,      0.000,        0.920,        8.798,     -1.398
77              ,    5 58 27 ,   88 01 12,      8.851,      0.000,      0.000,        0.921,        8.798,      0.306
78              ,    5 58 32 ,   73 01 00,      9.252,      0.000,      0.000,        0.921,        8.801,      2.702
79              ,    5 58 38 ,   63 23 56,      9.899,      0.000,      0.000,        0.922,        8.803,      4.433
80              ,    5 58 38 ,   55 39 39,     10.726,      0.000,      0.000,        0.922,        8.809,      6.051
81              ,    5 58 12 ,   53 08 24,     11.068,      0.000,      0.000,        0.921,        8.808,      6.639
82              ,    3 46 28 ,   53 08 27,     11.051,      0.000,      0.000,        0.582,        8.823,      6.629
83              ,    3 46 25 ,   60 02 20,     10.198,      0.000,      0.000,        0.581,        8.816,      5.093
84              ,    3 46 24 ,   69 22 51,      9.431,      0.000,      0.000,        0.581,        8.807,      3.321
85              ,    3 46 24 ,   79 04 28,      8.988,      0.000,      0.000,        0.581,        8.806,      1.703
86              ,    3 46 27 ,   87 52 32,      8.830,      0.000,      0.000,        0.581,        8.805,      0.327
87              ,    3 46 29 ,   98 35 41,      8.925,      0.000,      0.000,        0.581,        8.806,     -1.334
88              ,  355 58 06 ,   96 20 12,      8.912,      0.000,      0.000,       -0.623,        8.835,     -0.984
89              ,  355 58 05 ,   89 15 33,      8.858,      0.000,      0.000,       -0.623,        8.835,      0.115
90              ,  355 58 06 ,   82 08 24,      8.939,      0.000,      0.000,       -0.623,        8.834,      1.222
91              ,  355 58 11 ,   73 28 50,      9.235,      0.000,      0.000,       -0.622,        8.832,      2.626
92              ,  355 58 21 ,   65 49 50,      9.705,      0.000,      0.000,       -0.622,        8.832,      3.974
93              ,  355 58 16 ,   57 53 18,     10.455,      0.000,      0.000,       -0.622,        8.834,      5.558
94              ,  355 43 39 ,   52 38 27,     11.149,      0.000,      0.000,       -0.660,        8.837,      6.765
95              ,  353 29 28 ,   52 52 43,     11.162,      0.000,      0.000,       -1.009,        8.843,      6.737
96              ,  353 29 24 ,   61 00 08,     10.172,      0.000,      0.000,       -1.009,        8.839,      4.931
97              ,  353 29 24 ,   71 43 01,      9.368,      0.000,      0.000,       -1.008,        8.838,      2.939
98              ,  353 29 24 ,   82 29 54,      8.975,      0.000,      0.000,       -1.009,        8.841,      1.172
99              ,  353 29 27 ,   96 37 50,      8.957,      0.000,      0.000,       -1.009,        8.840,     -1.034
100             ,  343 39 09 ,   92 55 27,      9.259,      0.000,      0.000,       -2.603,        8.873,     -0.472
101             ,  343 39 18 ,   83 28 27,      9.307,      0.000,      0.000,       -2.602,        8.873,      1.058
102             ,  343 39 27 ,   72 55 40,      9.671,      0.000,      0.000,       -2.601,        8.872,      2.839
103             ,  343 39 29 ,   66 00 52,     10.120,      0.000,      0.000,       -2.602,        8.873,      4.114
104             ,  343 39 34 ,   59 18 55,     10.757,      0.000,      0.000,       -2.603,        8.877,      5.489
105             ,  343 39 24 ,   53 58 55,     11.434,      0.000,      0.000,       -2.602,        8.875,      6.724
106             ,   21 32 12 ,   94 12 47,      8.405,      0.000,      0.000,        3.077,        7.797,     -0.617
107             ,   19 31 15 ,   99 22 26,      8.540,      0.000,      0.000,        2.816,        7.942,     -1.391
108             ,   28 42 33 ,   95 00 26,      6.352,      0.000,      0.000,        3.039,        5.550,     -0.554
109             ,   27 47 19 ,   98 30 54,      6.313,      0.000,      0.000,        2.911,        5.523,     -0.935
110             ,   26 24 16 ,  102 36 53,      6.351,      0.000,      0.000,        2.756,        5.551,     -1.387
111             ,   38 26 23 ,  107 35 56,      4.569,      0.000,      0.000,        2.708,        3.411,     -1.381
112             ,   40 23 43 ,  102 50 18,      4.493,      0.000,      0.000,        2.839,        3.336,     -0.998
113             ,   42 38 41 ,   96 57 44,      4.456,      0.000,      0.000,        2.996,        3.253,     -0.540
114             ,   57 01 25 ,   98 11 47,      3.584,      0.000,      0.000,        2.976,        1.931,     -0.511
115             ,   55 45 33 ,  104 14 30,      3.557,      0.000,      0.000,        2.850,        1.940,     -0.875
116             ,   55 00 11 ,  112 12 54,      3.535,      0.000,      0.000,        2.681,        1.877,     -1.337
117             ,   85 57 51 ,  100 12 26,      2.983,      0.000,      0.000,        2.929,        0.207,     -0.529
118             ,   85 57 45 ,  108 35 48,      2.943,      0.000,      0.000,        2.783,        0.196,     -0.939
119             ,   85 57 51 ,  117 19 42,      2.966,      0.000,      0.000,        2.628,        0.185,     -1.362
120             ,  118 46 51 ,   99 11 32,      3.331,      0.000,      0.000,        2.882,       -1.583,     -0.532
121             ,  119 26 05 ,  106 50 03,      3.283,      0.000,      0.000,        2.737,       -1.544,     -0.951
122             ,  121 37 33 ,  114 02 41,      3.331,      0.000,      0.000,        2.590,       -1.595,     -1.357
123             ,  139 51 08 ,   96 39 22,      4.434,      0.000,      0.000,        2.839,       -3.366,     -0.514
124             ,  141 28 33 ,  102 27 43,      4.428,      0.000,      0.000,        2.693,       -3.383,     -0.955
125             ,  143 37 09 ,  107 52 07,      4.503,      0.000,      0.000,        2.542,       -3.450,     -1.382
126             ,  151 27 04 ,   95 20 40,      5.858,      0.000,      0.000,        2.787,       -5.123,     -0.546
127             ,  152 18 33 ,   98 33 08,      5.822,      0.000,      0.000,        2.675,       -5.098,     -0.866
128             ,  152 18 27 ,  104 08 35,      5.572,      0.000,      0.000,        2.511,       -4.784,     -1.361
129             ,   21 38 36 ,   92 49 42,      8.489,      0.000,      0.000,        3.127,        7.881,     -0.419
130             ,   21 24 10 ,   86 41 55,      8.580,      0.000,      0.000,        3.126,        7.975,      0.494
131             ,   21 24 09 ,   78 05 41,      8.746,      0.000,      0.000,        3.123,        7.967,      1.804
132             ,   21 16 27 ,   72 02 28,      9.040,      0.000,      0.000,        3.120,        8.013,      2.787
133             ,   21 14 02 ,   63 46 09,      9.566,      0.000,      0.000,        3.108,        7.998,      4.228
134             ,   26 38 10 ,   58 16 16,      8.035,      0.000,      0.000,        3.064,        6.109,      4.226
135             ,   28 41 17 ,   65 42 32,      6.993,      0.000,      0.000,        3.060,        5.591,      2.877
136             ,   30 54 35 ,   74 16 26,      6.179,      0.000,      0.000,        3.055,        5.103,      1.675
137             ,   30 54 37 ,   86 25 13,      5.982,      0.000,      0.000,        3.067,        5.122,      0.373
138             ,   30 54 44 ,   93 25 12,      5.977,      0.000,      0.000,        3.065,        5.119,     -0.357
139             ,   43 03 27 ,   94 34 30,      4.450,      0.000,      0.000,        3.029,        3.241,     -0.355
140             ,   43 03 29 ,   85 34 29,      4.444,      0.000,      0.000,        3.025,        3.237,      0.343
141             ,   43 03 27 ,   78 01 21,      4.522,      0.000,      0.000,        3.020,        3.232,      0.938
142             ,   43 03 27 ,   74 18 37,      4.591,      0.000,      0.000,        3.018,        3.230,      1.242
143             ,   43 03 30 ,   67 34 20,      4.773,      0.000,      0.000,        3.012,        3.224,      1.821
144             ,   43 03 29 ,   56 34 32,      5.282,      0.000,      0.000,        3.010,        3.221,      2.909
145             ,   45 13 30 ,   44 51 26,      5.985,      0.000,      0.000,        2.997,        2.973,      4.243
146             ,   70 37 04 ,   36 12 55,      5.290,      0.000,      0.000,        2.949,        1.037,      4.268
147             ,   71 39 20 ,   46 28 34,      4.300,      0.000,      0.000,        2.960,        0.981,      2.961
148             ,   72 38 13 ,   60 27 20,      3.569,      0.000,      0.000,        2.964,        0.927,      1.760
149             ,   72 38 09 ,   68 18 25,      3.347,      0.000,      0.000,        2.968,        0.928,      1.237
150             ,   72 38 10 ,   75 05 52,      3.219,      0.000,      0.000,        2.969,        0.928,      0.828
151             ,   73 39 31 ,   95 06 09,      3.109,      0.000,      0.000,        2.972,        0.871,     -0.277
152             ,   98 11 53 ,   95 04 30,      2.985,      0.000,      0.000,        2.943,       -0.424,     -0.264
153             ,   98 11 50 ,   83 45 13,      2.991,      0.000,      0.000,        2.943,       -0.424,      0.325
154             ,   98 11 52 ,   73 49 42,      3.093,      0.000,      0.000,        2.941,       -0.424,      0.862
155             ,   98 11 59 ,   66 51 09,      3.229,      0.000,      0.000,        2.939,       -0.423,      1.269
156             ,   98 12 04 ,   56 59 42,      3.535,      0.000,      0.000,        2.934,       -0.423,      1.925
157             ,   98 12 03 ,   45 44 11,      4.128,      0.000,      0.000,        2.926,       -0.422,      2.881
158             ,  100 36 53 ,   34 50 44,      5.184,      0.000,      0.000,        2.911,       -0.546,      4.255
159             ,  122 28 30 ,   38 47 08,      5.466,      0.000,      0.000,        2.889,       -1.838,      4.261
160             ,  120 03 58 ,   50 21 56,      4.348,      0.000,      0.000,        2.898,       -1.678,      2.773
161             ,  120 03 56 ,   61 27 49,      3.815,      0.000,      0.000,        2.901,       -1.679,      1.823
162             ,  120 03 53 ,   69 18 12,      3.588,      0.000,      0.000,        2.905,       -1.682,      1.268
163             ,  120 03 54 ,   76 11 49,      3.457,      0.000,      0.000,        2.906,       -1.682,      0.825
164             ,  120 03 56 ,   84 45 38,      3.372,      0.000,      0.000,        2.906,       -1.682,      0.308
165             ,  120 04 02 ,   94 12 04,      3.367,      0.000,      0.000,        2.906,       -1.683,     -0.247
166             ,  140 19 25 ,   94 11 51,      4.491,      0.000,      0.000,        2.859,       -3.447,     -0.329
167             ,  138 04 26 ,   85 49 05,      4.302,      0.000,      0.000,        2.867,       -3.192,      0.314
168             ,  138 04 25 ,   78 10 18,      4.380,      0.000,      0.000,        2.865,       -3.190,      0.898
169             ,  138 04 37 ,   72 57 38,      4.484,      0.000,      0.000,        2.865,       -3.190,      1.314
170             ,  138 04 59 ,   64 35 09,      4.744,      0.000,      0.000,        2.862,       -3.188,      2.036
171             ,  138 04 50 ,   57 21 04,      5.082,      0.000,      0.000,        2.859,       -3.184,      2.742
172             ,  138 32 08 ,   45 17 06,      6.068,      0.000,      0.000,        2.855,       -3.231,      4.270
173             ,  149 19 57 ,   52 19 07,      6.985,      0.000,      0.000,        2.819,       -4.755,      4.269
174             ,  151 22 25 ,   61 40 26,      6.676,      0.000,      0.000,        2.816,       -5.159,      3.168
175             ,  151 22 23 ,   66 07 46,      6.434,      0.000,      0.000,        2.819,       -5.164,      2.604
176             ,  151 22 20 ,   71 35 08,      6.209,      0.000,      0.000,        2.822,       -5.171,      1.961
177             ,  151 22 19 ,   78 34 21,      6.008,      0.000,      0.000,        2.822,       -5.169,      1.190
178             ,  151 22 19 ,   85 56 20,      5.906,      0.000,      0.000,        2.822,       -5.171,      0.418
179             ,  151 22 21 ,   93 49 03,      5.902,      0.000,      0.000,        2.821,       -5.169,     -0.393
180             ,   20 49 11 ,   62 19 26,      9.668,      0.000,      0.000,        3.043,        8.003,      4.491
181             ,   20 08 21 ,   59 45 35,      9.740,      0.000,      0.000,        2.897,        7.900,      4.905
182             ,   22 42 34 ,   53 32 27,      8.842,      0.000,      0.000,        2.745,        6.560,      5.254
183             ,   24 12 56 ,   56 37 01,      8.571,      0.000,      0.000,        2.936,        6.527,      4.716
184             ,   27 57 30 ,   47 30 07,      7.810,      0.000,      0.000,        2.700,        5.086,      5.276
185             ,   29 45 50 ,   51 01 44,      7.505,      0.000,      0.000,        2.897,        5.065,      4.720
186             ,   34 34 33 ,   42 30 03,      7.054,      0.000,      0.000,        2.704,        3.924,      5.201
187             ,   39 05 31 ,   46 32 20,      6.468,      0.000,      0.000,        2.960,        3.644,      4.449
188             ,   42 46 37 ,   37 12 45,      6.539,      0.000,      0.000,        2.686,        2.903,      5.208
189             ,   45 17 33 ,   43 18 19,      6.063,      0.000,      0.000,        2.956,        2.926,      4.412
190             ,   62 54 03 ,   29 26 45,      6.017,      0.000,      0.000,        2.633,        1.347,      5.240
191             ,   67 52 09 ,   35 25 35,      5.427,      0.000,      0.000,        2.914,        1.185,      4.422
192             ,   72 19 41 ,   27 53 46,      5.898,      0.000,      0.000,        2.629,        0.838,      5.213
193             ,   75 11 07 ,   34 31 32,      5.329,      0.000,      0.000,        2.920,        0.772,      4.390
194             ,  109 37 38 ,   27 35 42,      5.920,      0.000,      0.000,        2.583,       -0.921,      5.246
195             ,  107 24 51 ,   34 03 27,      5.359,      0.000,      0.000,        2.863,       -0.898,      4.439
196             ,  120 40 05 ,   30 08 58,      6.002,      0.000,      0.000,        2.593,       -1.538,      5.190
197             ,  117 03 29 ,   35 53 43,      5.471,      0.000,      0.000,        2.857,       -1.459,      4.432
198             ,  139 33 10 ,   36 47 18,      6.546,      0.000,      0.000,        2.543,       -2.983,      5.242
199             ,  137 29 01 ,   43 29 00,      6.080,      0.000,      0.000,        2.827,       -3.084,      4.411
200             ,  151 25 48 ,   45 24 18,      7.405,      0.000,      0.000,        2.522,       -4.631,      5.199
201             ,  151 58 37 ,   53 03 10,      7.378,      0.000,      0.000,        2.770,       -5.205,      4.435
202             ,  144 15 04 ,   43 39 24,      6.650,      0.000,      0.000,        2.682,       -3.726,      4.811
203             ,  126 08 42 ,   35 31 51,      5.838,      0.000,      0.000,        2.740,       -2.001,      4.751
204             ,   89 05 52 ,   29 50 50,      5.544,      0.000,      0.000,        2.759,        0.043,      4.809
205             ,   54 54 25 ,   35 59 47,      5.872,      0.000,      0.000,        2.824,        1.984,      4.750
206             ,   33 16 08 ,   47 41 17,      7.078,      0.000,      0.000,        2.871,        4.376,      4.765
207             ,   25 26 53 ,   54 49 55,      8.281,      0.000,      0.000,        2.909,        6.113,      4.770
208             ,   20 58 25 ,   59 33 20,      9.488,      0.000,      0.000,        2.928,        7.638,      4.808
209             ,   16 46 20 ,   58 55 30,     10.326,      0.000,      0.000,        2.552,        8.468,      5.330
210             ,   19 47 40 ,   56 11 59,      9.595,      0.000,      0.000,        2.700,        7.502,      5.338
211             ,   22 15 41 ,   52 42 27,      8.811,      0.000,      0.000,        2.655,        6.487,      5.338
212             ,   26 35 09 ,   47 24 23,      7.886,      0.000,      0.000,        2.598,        5.192,      5.337
213             ,   31 20 26 ,   43 06 29,      7.295,      0.000,      0.000,        2.593,        4.258,      5.326
214             ,   40 24 55 ,   36 33 59,      6.654,      0.000,      0.000,        2.570,        3.018,      5.344
215             ,   62 34 42 ,   28 11 33,      6.071,      0.000,      0.000,        2.546,        1.321,      5.351
216             ,   74 09 41 ,   25 53 50,      5.950,      0.000,      0.000,        2.500,        0.709,      5.352
217             ,  109 15 39 ,   25 53 48,      5.958,      0.000,      0.000,        2.456,       -0.858,      5.359
218             ,  121 48 19 ,   28 19 35,      6.088,      0.000,      0.000,        2.455,       -1.523,      5.359
219             ,  141 02 48 ,   35 53 53,      6.612,      0.000,      0.000,        2.437,       -3.015,      5.356
220             ,  151 40 34 ,   43 42 07,      7.414,      0.000,      0.000,        2.430,       -4.509,      5.360
221             ,  158 01 08 ,   41 34 08,      7.186,      0.000,      0.000,        1.785,       -4.421,      5.376
222             ,  148 34 09 ,   33 17 02,      6.424,      0.000,      0.000,        1.838,       -3.008,      5.370
223             ,  131 12 57 ,   24 44 42,      5.913,      0.000,      0.000,        1.862,       -1.631,      5.370
224             ,  109 23 13 ,   20 24 49,      5.727,      0.000,      0.000,        1.884,       -0.663,      5.367
225             ,   67 17 57 ,   21 14 17,      5.756,      0.000,      0.000,        1.924,        0.805,      5.365
226             ,   51 59 36 ,   24 30 57,      5.893,      0.000,      0.000,        1.927,        1.506,      5.362
227             ,   40 09 07 ,   29 22 36,      6.156,      0.000,      0.000,        1.947,        2.308,      5.365
228             ,   23 33 52 ,   43 07 20,      7.315,      0.000,      0.000,        1.999,        4.583,      5.339
229             ,   17 21 22 ,   52 22 03,      8.770,      0.000,      0.000,        2.072,        6.629,      5.355
230             ,   14 04 29 ,   58 05 26,     10.129,      0.000,      0.000,        2.091,        8.340,      5.354
231             ,   10 31 24 ,   54 36 41,      9.817,      0.000,      0.000,        1.462,        7.868,      5.685
232             ,   10 31 35 ,   50 25 14,     10.362,      0.000,      0.000,        1.459,        7.852,      6.602
233             ,   13 45 18 ,   46 04 28,      8.239,      0.000,      0.000,        1.411,        5.764,      5.716
234             ,   13 45 25 ,   41 53 29,      8.842,      0.000,      0.000,        1.404,        5.734,      6.582
235             ,   18 29 46 ,   38 08 43,      7.013,      0.000,      0.000,        1.374,        4.108,      5.515
236             ,   17 06 48 ,   34 52 39,      8.145,      0.000,      0.000,        1.371,        4.452,      6.682
237             ,   24 28 41 ,   30 20 02,      6.441,      0.000,      0.000,        1.348,        2.960,      5.559
238             ,   22 58 52 ,   27 24 51,      7.448,      0.000,      0.000,        1.339,        3.157,      6.612
239             ,   39 58 33 ,   20 27 11,      5.895,      0.000,      0.000,        1.323,        1.579,      5.524
240             ,   39 46 28 ,   17 08 58,      6.975,      0.000,      0.000,        1.316,        1.581,      6.665
241             ,   78 00 46 ,   13 18 39,      5.711,      0.000,      0.000,        1.286,        0.273,      5.558
242             ,   78 00 42 ,   11 11 53,      6.760,      0.000,      0.000,        1.284,        0.273,      6.632
243             ,  130 41 58 ,   16 16 56,      5.883,      0.000,      0.000,        1.250,       -1.076,      5.647
244             ,  130 41 59 ,   13 49 57,      6.886,      0.000,      0.000,        1.248,       -1.074,      6.687
245             ,  148 56 06 ,   23 02 18,      6.092,      0.000,      0.000,        1.230,       -2.042,      5.606
246             ,  148 56 07 ,   19 38 21,      7.097,      0.000,      0.000,        1.231,       -2.043,      6.684
247             ,  161 44 23 ,   34 29 53,      6.743,      0.000,      0.000,        1.197,       -3.627,      5.557
248             ,  161 44 19 ,   30 06 46,      7.591,      0.000,      0.000,        1.193,       -3.617,      6.567
249             ,  166 35 31 ,   42 22 04,      7.453,      0.000,      0.000,        1.165,       -4.886,      5.507
250             ,  167 04 01 ,   37 35 50,      8.445,      0.000,      0.000,        1.153,       -5.022,      6.691
251             ,  160 40 36 ,   31 06 46,      6.992,      0.000,      0.000,        1.195,       -3.409,      5.986
252             ,  141 47 23 ,   18 34 43,      6.272,      0.000,      0.000,        1.236,       -1.570,      5.945
253             ,   92 47 44 ,   11 52 32,      6.195,      0.000,      0.000,        1.273,       -0.062,      6.062
254             ,   46 07 14 ,   16 58 11,      6.228,      0.000,      0.000,        1.310,        1.260,      5.957
255             ,   24 32 23 ,   27 56 53,      6.899,      0.000,      0.000,        1.343,        2.941,      6.095
256             ,   16 56 07 ,   38 02 41,      7.663,      0.000,      0.000,        1.376,        4.518,      6.035
257             ,   13 04 56 ,   45 42 46,      8.707,      0.000,      0.000,        1.411,        6.071,      6.080
258             ,   10 43 34 ,   52 16 50,      9.899,      0.000,      0.000,        1.457,        7.693,      6.056
259             ,  153 31 53 ,  104 38 23,      5.256,      0.000,      0.000,        2.267,       -4.552,     -1.328
260             ,  153 31 55 ,   93 29 44,      5.088,      0.000,      0.000,        2.263,       -4.546,     -0.310
261             ,  153 32 16 ,   81 45 48,      5.120,      0.000,      0.000,        2.258,       -4.537,      0.734
262             ,  153 32 20 ,   71 20 01,      5.344,      0.000,      0.000,        2.256,       -4.533,      1.710
263             ,  153 32 15 ,   61 17 25,      5.767,      0.000,      0.000,        2.254,       -4.528,      2.770
264             ,  153 32 19 ,   50 32 21,      6.543,      0.000,      0.000,        2.251,       -4.522,      4.158
265             ,  153 32 24 ,   44 15 11,      7.228,      0.000,      0.000,        2.247,       -4.516,      5.177
266             ,  156 32 17 ,   43 34 35,      7.133,      0.000,      0.000,        1.958,       -4.510,      5.168
267             ,  157 57 02 ,   50 33 02,      6.309,      0.000,      0.000,        1.829,       -4.515,      4.009
268             ,  157 56 59 ,   60 27 38,      5.604,      0.000,      0.000,        1.830,       -4.519,      2.763
269             ,  157 56 57 ,   71 17 12,      5.156,      0.000,      0.000,        1.833,       -4.526,      1.654
270             ,  157 56 54 ,   84 36 31,      4.913,      0.000,      0.000,        1.836,       -4.534,      0.462
271             ,  157 56 47 ,   95 25 02,      4.920,      0.000,      0.000,        1.839,       -4.540,     -0.465
272             ,  157 56 50 ,  105 10 17,      5.077,      0.000,      0.000,        1.840,       -4.541,     -1.329
273             ,  171 37 11 ,  105 25 05,      4.733,      0.000,      0.000,        0.665,       -4.514,     -1.258
274             ,  171 37 12 ,   92 33 00,      4.556,      0.000,      0.000,        0.663,       -4.503,     -0.203
275             ,  171 37 12 ,   80 03 09,      4.614,      0.000,      0.000,        0.662,       -4.496,      0.797
276             ,  171 37 12 ,   67 37 45,      4.908,      0.000,      0.000,        0.661,       -4.490,      1.868
277             ,  171 37 16 ,   57 06 34,      5.396,      0.000,      0.000,        0.660,       -4.482,      2.930
278             ,  171 37 18 ,   44 39 23,      6.432,      0.000,      0.000,        0.659,       -4.472,      4.575
279             ,  171 37 18 ,   38 00 45,      7.324,      0.000,      0.000,        0.657,       -4.462,      5.770
280             ,  171 37 15 ,   34 23 59,      7.976,      0.000,      0.000,        0.657,       -4.458,      6.581
281             ,  176 49 00 ,   33 38 36,      8.033,      0.000,      0.000,        0.247,       -4.443,      6.687
282             ,  176 48 39 ,   40 51 55,      6.817,      0.000,      0.000,        0.248,       -4.453,      5.155
283             ,  176 48 38 ,   52 29 44,      5.642,      0.000,      0.000,        0.249,       -4.469,      3.435
284             ,  176 48 39 ,   62 33 46,      5.054,      0.000,      0.000,        0.250,       -4.479,      2.329
285             ,  176 48 39 ,   77 35 02,      4.605,      0.000,      0.000,        0.250,       -4.490,      0.990
286             ,  176 48 38 ,   92 04 13,      4.504,      0.000,      0.000,        0.250,       -4.494,     -0.163
287             ,  176 48 45 ,  106 02 22,      4.688,      0.000,      0.000,        0.250,       -4.498,     -1.295
288             ,  191 14 27 ,  106 01 21,      4.737,      0.000,      0.000,       -0.888,       -4.466,     -1.308
289             ,  191 14 26 ,   88 41 55,      4.543,      0.000,      0.000,       -0.885,       -4.455,      0.103
290             ,  191 14 27 ,   71 48 56,      4.774,      0.000,      0.000,       -0.884,       -4.448,      1.490
291             ,  191 31 40 ,   59 57 13,      5.239,      0.000,      0.000,       -0.906,       -4.444,      2.623
292             ,  191 31 33 ,   50 22 11,      5.884,      0.000,      0.000,       -0.905,       -4.440,      3.753
293             ,  191 31 37 ,   41 08 41,      6.874,      0.000,      0.000,       -0.904,       -4.432,      5.176
294             ,  191 31 35 ,   34 04 41,      8.055,      0.000,      0.000,       -0.902,       -4.422,      6.672
295             ,  197 13 56 ,   34 53 35,      8.079,      0.000,      0.000,       -1.369,       -4.414,      6.626
296             ,  197 13 50 ,   42 18 13,      6.874,      0.000,      0.000,       -1.370,       -4.419,      5.084
297             ,  196 36 04 ,   54 48 30,      5.655,      0.000,      0.000,       -1.320,       -4.429,      3.259
298             ,  196 36 01 ,   67 25 25,      5.014,      0.000,      0.000,       -1.323,       -4.437,      1.925
299             ,  196 36 07 ,   80 09 06,      4.707,      0.000,      0.000,       -1.325,       -4.445,      0.805
300             ,  196 36 05 ,   94 31 12,      4.655,      0.000,      0.000,       -1.326,       -4.447,     -0.367
301             ,  196 36 15 ,  106 20 11,      4.844,      0.000,      0.000,       -1.328,       -4.454,     -1.362
302             ,  209 33 13 ,  103 46 37,      5.233,      0.000,      0.000,       -2.507,       -4.421,     -1.246
303             ,  209 33 14 ,   89 14 33,      5.080,      0.000,      0.000,       -2.505,       -4.419,      0.067
304             ,  209 33 15 ,   78 01 30,      5.192,      0.000,      0.000,       -2.505,       -4.418,      1.077
305             ,  209 33 22 ,   64 03 06,      5.639,      0.000,      0.000,       -2.501,       -4.411,      2.467
306             ,  209 33 22 ,   47 07 24,      6.907,      0.000,      0.000,       -2.497,       -4.403,      4.700
307             ,  209 51 11 ,   37 18 57,      8.359,      0.000,      0.000,       -2.523,       -4.395,      6.648
308             ,  213 43 01 ,   38 15 13,      8.530,      0.000,      0.000,       -2.931,       -4.393,      6.698
309             ,  213 42 59 ,   49 43 34,      6.936,      0.000,      0.000,       -2.937,       -4.402,      4.484
310             ,  213 43 06 ,   69 21 13,      5.666,      0.000,      0.000,       -2.943,       -4.410,      1.998
311             ,  213 42 49 ,  102 59 49,      5.440,      0.000,      0.000,       -2.942,       -4.409,     -1.224
312             ,  216 02 58 ,  102 15 25,      6.469,      0.000,      0.000,       -3.720,       -5.111,     -1.373
313             ,  216 02 57 ,   95 53 24,      6.357,      0.000,      0.000,       -3.721,       -5.113,     -0.652
314             ,  216 03 01 ,   70 26 20,      6.698,      0.000,      0.000,       -3.714,       -5.103,      2.242
315             ,  215 53 56 ,   51 41 16,      8.013,      0.000,      0.000,       -3.686,       -5.093,      4.967
316             ,  215 53 54 ,   43 23 16,      9.138,      0.000,      0.000,       -3.681,       -5.085,      6.641
317             ,  202 40 36 ,  100 44 29,      5.674,      0.000,      0.000,       -2.149,       -5.143,     -1.057
318             ,  202 31 59 ,   83 49 03,      5.592,      0.000,      0.000,       -2.130,       -5.135,      0.602
319             ,  202 28 18 ,   60 21 54,      6.382,      0.000,      0.000,       -2.120,       -5.126,      3.156
320             ,  202 28 19 ,   39 22 53,      8.712,      0.000,      0.000,       -2.113,       -5.108,      6.734
321             ,  199 46 08 ,   38 47 44,      8.675,      0.000,      0.000,       -1.838,       -5.115,      6.761
322             ,  198 42 01 ,   56 20 40,      6.508,      0.000,      0.000,       -1.737,       -5.131,      3.607
323             ,  198 42 04 ,   82 40 42,      5.479,      0.000,      0.000,       -1.742,       -5.148,      0.698
324             ,  198 33 57 ,  103 00 13,      5.584,      0.000,      0.000,       -1.732,       -5.158,     -1.256
325             ,  185 42 25 ,   94 26 36,      5.218,      0.000,      0.000,       -0.517,       -5.177,     -0.404
326             ,  185 42 34 ,   67 48 22,      5.607,      0.000,      0.000,       -0.516,       -5.166,      2.118
327             ,  185 42 34 ,   50 14 42,      6.739,      0.000,      0.000,       -0.515,       -5.155,      4.309
328             ,  185 42 36 ,   38 23 20,      8.325,      0.000,      0.000,       -0.514,       -5.144,      6.525
329             ,  181 49 25 ,   37 16 12,      8.500,      0.000,      0.000,       -0.164,       -5.145,      6.764
330             ,  181 49 45 ,   53 58 24,      6.390,      0.000,      0.000,       -0.165,       -5.166,      3.759
331             ,  181 49 44 ,   83 22 43,      5.224,      0.000,      0.000,       -0.166,       -5.187,      0.602
332             ,  181 49 45 ,  103 56 50,      5.358,      0.000,      0.000,       -0.166,       -5.197,     -1.291
333             ,  168 36 51 ,  103 50 02,      5.498,      0.000,      0.000,        1.054,       -5.234,     -1.315
334             ,  168 36 52 ,   80 10 10,      5.404,      0.000,      0.000,        1.051,       -5.220,      0.923
335             ,  168 36 49 ,   61 24 49,      6.051,      0.000,      0.000,        1.049,       -5.209,      2.895
336             ,  168 36 48 ,   43 14 46,      7.729,      0.000,      0.000,        1.045,       -5.191,      5.630
337             ,  168 36 50 ,   38 34 04,      8.483,      0.000,      0.000,        1.044,       -5.185,      6.633
338             ,  164 44 21 ,   55 59 45,      6.522,      0.000,      0.000,        1.423,       -5.216,      3.648
339             ,  164 44 18 ,   73 14 01,      5.659,      0.000,      0.000,        1.426,       -5.228,      1.633
340             ,  164 44 16 ,   91 33 34,      5.431,      0.000,      0.000,        1.429,       -5.238,     -0.148
341             ,  164 44 20 ,  103 44 44,      5.594,      0.000,      0.000,        1.430,       -5.242,     -1.329
342             ,  152 24 22 ,   94 13 26,      5.963,      0.000,      0.000,        2.755,       -5.271,     -0.439
343             ,  152 23 58 ,   84 35 51,      5.965,      0.000,      0.000,        2.751,       -5.263,      0.562
344             ,  152 23 58 ,   60 58 23,      6.774,      0.000,      0.000,        2.744,       -5.249,      3.287
345             ,  219 37 04 ,   83 48 49,      5.407,      0.000,      0.000,       -3.428,       -4.141,      0.583
346             ,  219 37 06 ,   71 00 25,      5.685,      0.000,      0.000,       -3.428,       -4.141,      1.850
347             ,  219 37 10 ,   55 13 52,      6.533,      0.000,      0.000,       -3.422,       -4.134,      3.726
348             ,  219 37 05 ,   38 58 02,      8.510,      0.000,      0.000,       -3.413,       -4.123,      6.617
349             ,  222 03 56 ,   37 18 29,      8.362,      0.000,      0.000,       -3.396,       -3.763,      6.651
350             ,  222 03 42 ,   57 19 22,      6.047,      0.000,      0.000,       -3.410,       -3.779,      3.265
351             ,  222 03 42 ,   84 17 44,      5.122,      0.000,      0.000,       -3.414,       -3.784,      0.509
352             ,  222 27 06 ,   94 18 02,      5.073,      0.000,      0.000,       -3.414,       -3.733,     -0.380
353             ,  232 53 19 ,   97 18 47,      4.281,      0.000,      0.000,       -3.386,       -2.562,     -0.545
354             ,  232 53 22 ,   68 12 48,      4.568,      0.000,      0.000,       -3.383,       -2.559,      1.695
355             ,  232 53 20 ,   44 58 12,      5.978,      0.000,      0.000,       -3.369,       -2.549,      4.229
356             ,  232 53 16 ,   32 20 57,      7.861,      0.000,      0.000,       -3.354,       -2.538,      6.641
357             ,  237 24 41 ,   30 41 07,      7.793,      0.000,      0.000,       -3.351,       -2.142,      6.702
358             ,  237 24 31 ,   43 12 18,      5.831,      0.000,      0.000,       -3.363,       -2.150,      4.250
359             ,  237 24 15 ,   69 55 03,      4.262,      0.000,      0.000,       -3.373,       -2.157,      1.464
360             ,  237 24 11 ,  108 29 14,      4.231,      0.000,      0.000,       -3.381,       -2.162,     -1.342
361             ,  254 31 37 ,  110 38 18,      3.719,      0.000,      0.000,       -3.354,       -0.929,     -1.311
362             ,  254 31 36 ,   63 40 31,      3.864,      0.000,      0.000,       -3.338,       -0.924,      1.714
363             ,  254 31 34 ,   40 28 10,      5.318,      0.000,      0.000,       -3.327,       -0.921,      4.046
364             ,  254 31 31 ,   27 21 26,      7.490,      0.000,      0.000,       -3.317,       -0.918,      6.653
365             ,  261 06 49 ,   26 32 05,      7.502,      0.000,      0.000,       -3.311,       -0.518,      6.712
366             ,  261 06 34 ,   42 58 31,      4.927,      0.000,      0.000,       -3.318,       -0.519,      3.605
367             ,  261 06 30 ,   80 14 44,      3.422,      0.000,      0.000,       -3.332,       -0.521,      0.580
368             ,  261 20 31 ,  111 05 51,      3.622,      0.000,      0.000,       -3.340,       -0.509,     -1.304
369             ,  281 05 21 ,  111 53 39,      3.634,      0.000,      0.000,       -3.309,        0.648,     -1.355
370             ,  281 05 40 ,   67 55 37,      3.627,      0.000,      0.000,       -3.298,        0.647,      1.363
371             ,  281 05 41 ,   39 37 23,      5.249,      0.000,      0.000,       -3.285,        0.644,      4.043
372             ,  281 05 42 ,   26 28 28,      7.490,      0.000,      0.000,       -3.276,        0.643,      6.704
373             ,  288 23 39 ,   27 20 34,      7.490,      0.000,      0.000,       -3.265,        1.086,      6.653
374             ,  288 23 33 ,   50 26 54,      4.486,      0.000,      0.000,       -3.282,        1.091,      2.856
375             ,  288 23 28 ,   84 00 12,      3.492,      0.000,      0.000,       -3.295,        1.096,      0.365
376             ,  288 23 19 ,  111 30 59,      3.739,      0.000,      0.000,       -3.301,        1.097,     -1.371
377             ,  304 17 55 ,  109 12 00,      4.193,      0.000,      0.000,       -3.271,        2.231,     -1.379
378             ,  304 17 34 ,   73 50 43,      4.112,      0.000,      0.000,       -3.263,        2.226,      1.144
379             ,  304 17 34 ,   43 14 46,      5.763,      0.000,      0.000,       -3.262,        2.225,      4.198
380             ,  304 17 37 ,   30 27 28,      7.762,      0.000,      0.000,       -3.251,        2.217,      6.691
381             ,  309 46 25 ,   32 20 41,      7.871,      0.000,      0.000,       -3.237,        2.694,      6.650
382             ,  309 46 15 ,   52 06 03,      5.348,      0.000,      0.000,       -3.244,        2.700,      3.285
383             ,  309 46 15 ,   88 23 03,      4.235,      0.000,      0.000,       -3.254,        2.708,      0.119
384             ,  309 38 16 ,  108 15 06,      4.450,      0.000,      0.000,       -3.255,        2.696,     -1.394
385             ,  319 41 13 ,  105 26 53,      5.173,      0.000,      0.000,       -3.226,        3.802,     -1.378
386             ,  319 41 45 ,   79 02 44,      5.079,      0.000,      0.000,       -3.225,        3.802,      0.965
387             ,  319 41 47 ,   52 06 27,      6.318,      0.000,      0.000,       -3.225,        3.802,      3.880
388             ,  320 11 30 ,   36 47 36,      8.376,      0.000,      0.000,       -3.212,        3.854,      6.707
389             ,  329 32 45 ,  102 08 24,      6.436,      0.000,      0.000,       -3.189,        5.424,     -1.353
390             ,  329 32 57 ,   71 37 54,      6.623,      0.000,      0.000,       -3.186,        5.419,      2.087
391             ,  329 32 54 ,   54 39 30,      7.694,      0.000,      0.000,       -3.181,        5.410,      4.450
392             ,  329 32 53 ,   43 08 16,      9.174,      0.000,      0.000,       -3.179,        5.407,      6.694
393             ,  331 20 34 ,   44 52 25,      9.393,      0.000,      0.000,       -3.178,        5.815,      6.656
394             ,  331 20 33 ,   62 24 30,      7.468,      0.000,      0.000,       -3.174,        5.808,      3.459
395             ,  331 20 38 ,   85 29 43,      6.642,      0.000,      0.000,       -3.175,        5.810,      0.522
396             ,  331 20 53 ,  101 10 15,      6.755,      0.000,      0.000,       -3.178,        5.816,     -1.309
397             ,  335 43 04 ,  100 04 13,      7.796,      0.000,      0.000,       -3.156,        6.997,     -1.363
398             ,  335 42 45 ,   82 45 50,      7.717,      0.000,      0.000,       -3.149,        6.978,      0.972
399             ,  336 10 02 ,   65 01 47,      8.567,      0.000,      0.000,       -3.138,        7.104,      3.617
400             ,  336 10 04 ,   49 17 58,     10.215,      0.000,      0.000,       -3.129,        7.084,      6.661
401             ,  337 12 02 ,   49 59 40,     10.492,      0.000,      0.000,       -3.114,        7.409,      6.745
402             ,  337 12 01 ,   60 37 33,      9.246,      0.000,      0.000,       -3.122,        7.427,      4.535
403             ,  337 11 58 ,   76 47 44,      8.299,      0.000,      0.000,       -3.131,        7.448,      1.896
404             ,  337 11 59 ,   94 36 47,      8.105,      0.000,      0.000,       -3.131,        7.448,     -0.652
405             ,  310 58 16 ,  104 50 46,      5.410,      0.000,      0.000,       -3.948,        3.429,     -1.386
406             ,  310 58 18 ,   89 35 24,      5.227,      0.000,      0.000,       -3.947,        3.427,      0.037
407             ,  310 58 15 ,   63 59 12,      5.813,      0.000,      0.000,       -3.944,        3.425,      2.549
408             ,  310 58 12 ,   48 34 57,      6.958,      0.000,      0.000,       -3.940,        3.421,      4.603
409             ,  310 58 11 ,   37 40 55,      8.519,      0.000,      0.000,       -3.932,        3.414,      6.742
410             ,  295 06 13 ,   32 57 21,      8.046,      0.000,      0.000,       -3.963,        1.857,      6.751
411             ,  295 06 13 ,   45 19 29,      6.177,      0.000,      0.000,       -3.978,        1.864,      4.343
412             ,  295 06 10 ,   73 36 54,      4.580,      0.000,      0.000,       -3.979,        1.864,      1.292
413             ,  294 52 50 ,   95 39 44,      4.415,      0.000,      0.000,       -3.986,        1.848,     -0.436
414             ,  289 54 29 ,  107 12 12,      4.452,      0.000,      0.000,       -3.999,        1.448,     -1.317
415             ,  290 48 09 ,   71 51 46,      4.488,      0.000,      0.000,       -3.987,        1.515,      1.397
416             ,  290 48 28 ,   47 21 00,      5.785,      0.000,      0.000,       -3.977,        1.511,      3.919
417             ,  290 16 14 ,   32 05 41,      7.966,      0.000,      0.000,       -3.970,        1.466,      6.748
418             ,  274 04 17 ,  107 57 06,      4.248,      0.000,      0.000,       -4.031,        0.287,     -1.309
419             ,  274 00 54 ,   65 37 45,      4.419,      0.000,      0.000,       -4.015,        0.282,      1.823
420             ,  274 00 46 ,   44 07 25,      5.764,      0.000,      0.000,       -4.003,        0.281,      4.137
421             ,  274 00 29 ,   30 46 06,      7.830,      0.000,      0.000,       -3.996,        0.280,      6.727
422             ,  268 04 21 ,   30 48 49,      7.820,      0.000,      0.000,       -4.004,       -0.135,      6.716
423             ,  268 04 22 ,   47 57 00,      5.410,      0.000,      0.000,       -4.015,       -0.135,      3.624
424             ,  268 04 20 ,   72 11 05,      4.232,      0.000,      0.000,       -4.027,       -0.136,      1.295
425             ,  268 04 19 ,  106 25 00,      4.211,      0.000,      0.000,       -4.037,       -0.136,     -1.190
426             ,  252 21 56 ,  106 25 03,      4.456,      0.000,      0.000,       -4.074,       -1.295,     -1.260
427             ,  251 56 29 ,   82 10 43,      4.315,      0.000,      0.000,       -4.064,       -1.325,      0.587
428             ,  251 56 30 ,   53 29 16,      5.301,      0.000,      0.000,       -4.050,       -1.321,      3.154
429             ,  251 56 31 ,   32 20 23,      7.932,      0.000,      0.000,       -4.034,       -1.315,      6.702
430             ,  247 18 32 ,   32 59 11,      8.042,      0.000,      0.000,       -4.039,       -1.689,      6.745
431             ,  247 18 30 ,   48 22 24,      5.881,      0.000,      0.000,       -4.056,       -1.696,      3.907
432             ,  247 18 35 ,   83 53 29,      4.438,      0.000,      0.000,       -4.072,       -1.702,      0.472
433             ,  247 18 33 ,  105 56 09,      4.592,      0.000,      0.000,       -4.074,       -1.703,     -1.261
434             ,  231 28 32 ,   97 16 18,      5.296,      0.000,      0.000,       -4.110,       -3.272,     -0.670
435             ,  231 28 33 ,   72 22 48,      5.506,      0.000,      0.000,       -4.105,       -3.268,      1.667
436             ,  231 28 32 ,   48 06 53,      7.034,      0.000,      0.000,       -4.097,       -3.262,      4.696
437             ,  231 28 34 ,   37 44 33,      8.532,      0.000,      0.000,       -4.086,       -3.253,      6.747
438             ,  217 11 09 ,  102 20 24,      6.449,      0.000,      0.000,       -3.808,       -5.019,     -1.378
439             ,  218 51 30 ,   82 56 56,      6.086,      0.000,      0.000,       -3.790,       -4.704,      0.747
440             ,  218 51 03 ,   66 20 18,      6.597,      0.000,      0.000,       -3.790,       -4.705,      2.647
441             ,  218 48 42 ,   52 50 13,      7.583,      0.000,      0.000,       -3.788,       -4.709,      4.581
442             ,  218 48 25 ,   41 56 34,      9.027,      0.000,      0.000,       -3.781,       -4.702,      6.714
443             ,  343 27 38 ,   53 06 37,     11.416,      0.000,      0.000,       -2.599,        8.753,      6.853
444             ,  353 10 38 ,   52 06 33,     11.146,      0.000,      0.000,       -1.045,        8.734,      6.845
445             ,    6 21 38 ,   52 04 59,     11.136,      0.000,      0.000,        0.973,        8.731,      6.843
446             ,   11 41 42 ,   42 55 09,      9.341,      0.000,      0.000,        1.289,        6.229,      6.841
447             ,  349 56 04 ,   42 26 43,      9.288,      0.000,      0.000,       -1.096,        6.172,      6.854
448             ,  332 40 06 ,   46 35 39,      9.981,      0.000,      0.000,       -3.329,        6.442,      6.859
449             ,  311 56 23 ,   36 54 01,      8.576,      0.000,      0.000,       -3.830,        3.442,      6.858
450             ,  338 20 54 ,   28 48 32,      7.828,      0.000,      0.000,       -1.392,        3.506,      6.859
451             ,   21 03 59 ,   26 52 33,      7.672,      0.000,      0.000,        1.247,        3.236,      6.843
452             ,   52 45 51 ,   12 37 33,      7.013,      0.000,      0.000,        1.220,        0.928,      6.843
453             ,  306 21 25 ,   12 40 09,      7.025,      0.000,      0.000,       -1.241,        0.913,      6.854
454             ,  268 21 04 ,   29 27 37,      7.890,      0.000,      0.000,       -3.879,       -0.112,      6.869
455             ,  246 50 45 ,   31 52 13,      8.091,      0.000,      0.000,       -3.928,       -1.680,      6.871
456             ,  209 02 36 ,   20 17 09,      7.299,      0.000,      0.000,       -1.229,       -2.213,      6.847
457             ,  152 35 51 ,   20 17 27,      7.308,      0.000,      0.000,        1.166,       -2.250,      6.855
458             ,  167 55 13 ,   36 56 05,      8.584,      0.000,      0.000,        1.079,       -5.044,      6.861
459             ,  184 36 18 ,   36 22 47,      8.524,      0.000,      0.000,       -0.406,       -5.040,      6.863
460             ,  200 56 28 ,   38 10 17,      8.738,      0.000,      0.000,       -1.930,       -5.044,      6.870
461             ,  216 13 06 ,   40 50 43,      9.087,      0.000,      0.000,       -3.511,       -4.795,      6.874
462             ,  343 43 52 ,   99 24 01,      9.040,      0.000,      0.000,       -2.499,        8.562,     -1.477
463             ,  353 19 10 ,   99 39 57,      8.836,      0.000,      0.000,       -1.013,        8.651,     -1.484
464             ,    6 25 18 ,   99 51 24,      8.710,      0.000,      0.000,        0.960,        8.528,     -1.491
465             ,   17 08 56 ,   99 34 24,      8.946,      0.000,      0.000,        2.601,        8.430,     -1.488
466             ,   23 51 33 ,  102 43 17,      6.625,      0.000,      0.000,        2.614,        5.910,     -1.459
467             ,    7 27 13 ,  104 08 03,      6.023,      0.000,      0.000,        0.758,        5.791,     -1.471
468             ,  353 15 15 ,  104 08 01,      6.030,      0.000,      0.000,       -0.687,        5.807,     -1.472
469             ,  332 13 25 ,  101 13 36,      7.534,      0.000,      0.000,       -3.444,        6.539,     -1.467
470             ,  323 46 00 ,  103 18 55,      6.323,      0.000,      0.000,       -3.637,        4.963,     -1.456
471             ,  339 28 06 ,  106 11 56,      5.245,      0.000,      0.000,       -1.767,        4.717,     -1.463
472             ,  358 38 07 ,  107 35 21,      4.860,      0.000,      0.000,       -0.110,        4.631,     -1.469
473             ,   29 31 44 ,  105 42 37,      5.383,      0.000,      0.000,        2.554,        4.509,     -1.458
474             ,   53 28 16 ,  114 41 52,      3.456,      0.000,      0.000,        2.523,        1.869,     -1.444
475             ,    4 57 07 ,  130 36 19,      2.220,      0.000,      0.000,        0.145,        1.679,     -1.445
476             ,  305 26 35 ,  117 14 49,      3.161,      0.000,      0.000,       -2.289,        1.630,     -1.447
477             ,  297 09 33 ,  109 01 11,      4.459,      0.000,      0.000,       -3.751,        1.924,     -1.453
478             ,  273 49 51 ,  110 33 56,      4.114,      0.000,      0.000,       -3.843,        0.257,     -1.445
479             ,  274 20 32 ,  124 00 32,      2.585,      0.000,      0.000,       -2.137,        0.162,     -1.446
480             ,   89 45 40 ,  140 58 10,      1.853,      0.000,      0.000,        1.167,        0.005,     -1.440
481             ,   94 30 15 ,  119 29 51,      2.918,      0.000,      0.000,        2.532,       -0.199,     -1.437
482             ,  126 34 24 ,  114 58 01,      3.407,      0.000,      0.000,        2.480,       -1.840,     -1.438
483             ,  160 13 05 ,  123 44 53,      2.592,      0.000,      0.000,        0.729,       -2.028,     -1.440
484             ,  214 05 04 ,  123 09 53,      2.633,      0.000,      0.000,       -1.235,       -1.825,     -1.440
485             ,  240 43 23 ,  110 14 17,      4.190,      0.000,      0.000,       -3.429,       -1.923,     -1.450
486             ,  218 48 18 ,  106 09 27,      5.178,      0.000,      0.000,       -3.117,       -3.876,     -1.441
487             ,  203 16 14 ,  108 03 19,      4.661,      0.000,      0.000,       -1.751,       -4.071,     -1.445
488             ,  177 49 36 ,  109 01 39,      4.449,      0.000,      0.000,        0.159,       -4.203,     -1.451
489             ,  149 48 25 ,  106 49 55,      5.006,      0.000,      0.000,        2.410,       -4.141,     -1.450
490             ,  164 05 26 ,  104 57 18,      5.609,      0.000,      0.000,        1.485,       -5.211,     -1.447
491             ,  182 29 07 ,  106 51 32,      5.005,      0.000,      0.000,       -0.208,       -4.785,     -1.451
492             ,  202 12 40 ,  104 44 06,      5.660,      0.000,      0.000,       -2.069,       -5.068,     -1.440
493             ,  215 43 33 ,  102 50 18,      6.454,      0.000,      0.000,       -3.674,       -5.109,     -1.434
494             ,    1 10 50 ,   89 22 56,      8.106,      0.000,      0.000,        0.167,        8.104,      0.087
495             ,  319 44 56 ,  125 53 52,      2.463,      0.000,      0.000,       -1.289,        1.523,     -1.444
