#OKS At   -20 : After 3 points 
3.665062, -4.837569, -1.455000 
2.068621, -4.843908, -1.455000 
3.658150, -1.160271, -1.455000 
#OKS At   -15 : After 3 points 
3.665062, -4.837569, -1.450000 
-0.553569, -4.854319, -1.450000 
3.646796, 4.879771, -1.450000 
#OKS At   -10 : After 5 points 
-2.603037, -4.862456, -1.445000 
-2.607049, -3.546781, -1.445000 
2.565985, 8.441416, -1.445000 
3.640097, 8.443150, -1.445000 
3.665062, -4.837569, -1.445000 
#OKS At    -5 : After 5 points 
-2.604797, -4.862463, -1.440000 
-2.627168, 2.472955, -1.440000 
-0.053544, 8.437174, -1.440000 
3.640097, 8.443139, -1.440000 
3.665062, -4.837569, -1.440000 
#OKS At     0 : After 4 points 
-2.606558, -4.862470, -1.435000 
-2.647105, 8.432974, -1.435000 
3.640097, 8.443128, -1.435000 
3.665062, -4.837569, -1.435000 
#OKS At   100 : After 4 points 
-2.641766, -4.862609, -1.335000 
-2.682312, 8.432698, -1.335000 
3.640098, 8.442909, -1.335000 
3.665062, -4.837569, -1.335000 
#OKS At   200 : After 4 points 
-2.676973, -4.862749, -1.235000 
-2.717519, 8.432421, -1.235000 
3.640098, 8.442689, -1.235000 
3.665062, -4.837569, -1.235000 
#OKS At   300 : After 4 points 
-2.712181, -4.862889, -1.135000 
-2.752727, 8.432144, -1.135000 
3.640098, 8.442469, -1.135000 
3.665062, -4.837569, -1.135000 
#OKS At   400 : After 4 points 
-2.747389, -4.863029, -1.035000 
-2.787934, 8.431868, -1.035000 
3.640099, 8.442249, -1.035000 
3.665062, -4.837569, -1.035000 
#OKS At   500 : After 4 points 
-2.782597, -4.863169, -0.935000 
-2.823141, 8.431591, -0.935000 
3.640099, 8.442029, -0.935000 
3.665062, -4.837569, -0.935000 
#OKS At   600 : After 4 points 
-2.817804, -4.863308, -0.835000 
-2.858349, 8.431314, -0.835000 
3.640100, 8.441810, -0.835000 
3.665062, -4.837569, -0.835000 
#OKS At   700 : After 4 points 
-2.853012, -4.863448, -0.735000 
-2.893556, 8.431038, -0.735000 
3.640100, 8.441590, -0.735000 
3.665062, -4.837569, -0.735000 
#OKS At   800 : After 4 points 
-2.888220, -4.863588, -0.635000 
-2.928764, 8.430761, -0.635000 
3.640100, 8.441370, -0.635000 
3.665062, -4.837569, -0.635000 
#OKS At   900 : After 4 points 
-2.923428, -4.863728, -0.535000 
-2.963971, 8.430485, -0.535000 
3.640101, 8.441150, -0.535000 
3.665062, -4.837569, -0.535000 
#OKS At  1000 : After 5 points 
-2.977899, 1.452769, -0.435000 
-2.993244, 8.430218, -0.435000 
3.640101, 8.440930, -0.435000 
3.665062, -4.837569, -0.435000 
-2.958636, -4.863867, -0.435000 
#OKS At  1100 : After 4 points 
-2.963274, -4.863886, -0.335000 
-2.992509, 8.429999, -0.335000 
3.640102, 8.440711, -0.335000 
3.665062, -4.837569, -0.335000 
#OKS At  1200 : After 4 points 
-2.962539, -4.863883, -0.235000 
-2.991774, 8.429780, -0.235000 
3.640102, 8.440491, -0.235000 
3.665062, -4.837569, -0.235000 
#OKS At  1300 : After 4 points 
-2.961805, -4.863880, -0.135000 
-2.991039, 8.429562, -0.135000 
3.640103, 8.440271, -0.135000 
3.665062, -4.837569, -0.135000 
#OKS At  1400 : After 4 points 
-2.961071, -4.863877, -0.035000 
-2.990304, 8.429343, -0.035000 
3.640103, 8.440051, -0.035000 
3.665062, -4.837569, -0.035000 
#OKS At  1500 : After 4 points 
-2.960336, -4.863874, 0.065000 
-2.989569, 8.429125, 0.065000 
3.640103, 8.439832, 0.065000 
3.665062, -4.837569, 0.065000 
#OKS At  1600 : After 4 points 
-2.959602, -4.863871, 0.165000 
-2.988834, 8.428906, 0.165000 
3.640104, 8.439612, 0.165000 
3.665062, -4.837569, 0.165000 
#OKS At  1700 : After 4 points 
-2.958868, -4.863868, 0.265000 
-2.988099, 8.428687, 0.265000 
3.640104, 8.439392, 0.265000 
3.665062, -4.837569, 0.265000 
#OKS At  1800 : After 4 points 
-2.958133, -4.863865, 0.365000 
-2.987365, 8.428469, 0.365000 
3.640105, 8.439172, 0.365000 
3.665062, -4.837569, 0.365000 
#OKS At  1900 : After 4 points 
-2.957399, -4.863862, 0.465000 
-2.986630, 8.428250, 0.465000 
3.640105, 8.438952, 0.465000 
3.665062, -4.837569, 0.465000 
#OKS At  2000 : After 4 points 
-2.956664, -4.863860, 0.565000 
-2.985895, 8.428032, 0.565000 
3.640105, 8.438733, 0.565000 
3.665062, -4.837569, 0.565000 
#OKS At  2100 : After 4 points 
-2.955930, -4.863857, 0.665000 
-2.985160, 8.427813, 0.665000 
3.640106, 8.438513, 0.665000 
3.665062, -4.837569, 0.665000 
#OKS At  2200 : After 4 points 
-2.955196, -4.863854, 0.765000 
-2.984425, 8.427594, 0.765000 
3.640106, 8.438293, 0.765000 
3.665062, -4.837569, 0.765000 
#OKS At  2300 : After 4 points 
-2.954461, -4.863851, 0.865000 
-2.983690, 8.427376, 0.865000 
3.640107, 8.438073, 0.865000 
3.665062, -4.837569, 0.865000 
#OKS At  2400 : After 4 points 
-2.953727, -4.863848, 0.965000 
-2.982955, 8.427157, 0.965000 
3.640107, 8.437853, 0.965000 
3.665062, -4.837569, 0.965000 
#OKS At  2500 : After 4 points 
-2.952992, -4.863845, 1.065000 
-2.982221, 8.426939, 1.065000 
3.640107, 8.437634, 1.065000 
3.665062, -4.837569, 1.065000 
#OKS At  2600 : After 4 points 
-2.952258, -4.863842, 1.165000 
-2.981486, 8.426720, 1.165000 
3.640108, 8.437414, 1.165000 
3.665062, -4.837569, 1.165000 
#OKS At  2700 : After 4 points 
-2.951524, -4.863839, 1.265000 
-2.980751, 8.426501, 1.265000 
3.640108, 8.437194, 1.265000 
3.665062, -4.837569, 1.265000 
#OKS At  2800 : After 4 points 
-2.950789, -4.863836, 1.365000 
-2.980016, 8.426283, 1.365000 
3.640109, 8.436974, 1.365000 
3.665062, -4.837569, 1.365000 
#OKS At  2900 : After 4 points 
-2.950055, -4.863833, 1.465000 
-2.979281, 8.426064, 1.465000 
3.640109, 8.436755, 1.465000 
3.665062, -4.837569, 1.465000 
#OKS At  3000 : After 4 points 
-2.949321, -4.863830, 1.565000 
-2.978546, 8.425846, 1.565000 
3.640110, 8.436535, 1.565000 
3.665062, -4.837569, 1.565000 
#OKS At  3100 : After 4 points 
-2.948586, -4.863828, 1.665000 
-2.977811, 8.425627, 1.665000 
3.640110, 8.436315, 1.665000 
3.665062, -4.837569, 1.665000 
#OKS At  3200 : After 4 points 
-2.947852, -4.863825, 1.765000 
-2.977076, 8.425408, 1.765000 
3.640110, 8.436095, 1.765000 
3.665062, -4.837569, 1.765000 
#OKS At  3300 : After 4 points 
-2.947117, -4.863822, 1.865000 
-2.976342, 8.425190, 1.865000 
3.640111, 8.435875, 1.865000 
3.665062, -4.837569, 1.865000 
#OKS At  3400 : After 4 points 
-2.946383, -4.863819, 1.965000 
-2.975607, 8.424971, 1.965000 
3.640111, 8.435656, 1.965000 
3.665062, -4.837569, 1.965000 
#OKS At  3500 : After 4 points 
-2.945649, -4.863816, 2.065000 
-2.974872, 8.424753, 2.065000 
3.640112, 8.435436, 2.065000 
3.665062, -4.837569, 2.065000 
#OKS At  3600 : After 4 points 
-2.944914, -4.863813, 2.165000 
-2.974137, 8.424534, 2.165000 
3.640112, 8.435216, 2.165000 
3.665062, -4.837569, 2.165000 
#OKS At  3700 : After 4 points 
-2.944180, -4.863810, 2.265000 
-2.973402, 8.424315, 2.265000 
3.640112, 8.434996, 2.265000 
3.665062, -4.837569, 2.265000 
#OKS At  3800 : After 4 points 
-2.943446, -4.863807, 2.365000 
-2.972667, 8.424097, 2.365000 
3.640113, 8.434776, 2.365000 
3.665062, -4.837569, 2.365000 
#OKS At  3900 : After 4 points 
-2.942711, -4.863804, 2.465000 
-2.971932, 8.423878, 2.465000 
3.640113, 8.434557, 2.465000 
3.665062, -4.837569, 2.465000 
#OKS At  4000 : After 4 points 
-2.941977, -4.863801, 2.565000 
-2.971198, 8.423660, 2.565000 
3.640114, 8.434337, 2.565000 
3.665062, -4.837569, 2.565000 
#OKS At  4100 : After 4 points 
-2.941242, -4.863798, 2.665000 
-2.970463, 8.423441, 2.665000 
3.640114, 8.434117, 2.665000 
3.665062, -4.837569, 2.665000 
#OKS At  4200 : After 4 points 
-2.940508, -4.863795, 2.765000 
-2.969728, 8.423222, 2.765000 
3.640115, 8.433897, 2.765000 
3.665062, -4.837569, 2.765000 
#OKS At  4300 : After 4 points 
-2.939774, -4.863793, 2.865000 
-2.968993, 8.423004, 2.865000 
3.640115, 8.433678, 2.865000 
3.665062, -4.837569, 2.865000 
#OKS At  4400 : After 4 points 
-2.939039, -4.863790, 2.965000 
-2.968258, 8.422785, 2.965000 
3.640115, 8.433458, 2.965000 
3.665062, -4.837569, 2.965000 
#OKS At  4500 : After 4 points 
-2.938305, -4.863787, 3.065000 
-2.967523, 8.422567, 3.065000 
3.640116, 8.433238, 3.065000 
3.665062, -4.837569, 3.065000 
#OKS At  4600 : After 4 points 
-2.937571, -4.863784, 3.165000 
-2.966788, 8.422348, 3.165000 
3.640116, 8.433018, 3.165000 
3.665062, -4.837569, 3.165000 
#OKS At  4700 : After 4 points 
-2.936836, -4.863781, 3.265000 
-2.966053, 8.422129, 3.265000 
3.640117, 8.432798, 3.265000 
3.665062, -4.837569, 3.265000 
#OKS At  4800 : After 4 points 
-2.936102, -4.863778, 3.365000 
-2.965319, 8.421911, 3.365000 
3.640117, 8.432579, 3.365000 
3.665062, -4.837569, 3.365000 
#OKS At  4900 : After 4 points 
-2.935367, -4.863775, 3.465000 
-2.964584, 8.421692, 3.465000 
3.640117, 8.432359, 3.465000 
3.665062, -4.837569, 3.465000 
#OKS At  5000 : After 4 points 
-2.934633, -4.863772, 3.565000 
-2.963849, 8.421474, 3.565000 
3.640118, 8.432139, 3.565000 
3.665062, -4.837569, 3.565000 
#OKS At  5100 : After 4 points 
-2.933899, -4.863769, 3.665000 
-2.963114, 8.421255, 3.665000 
3.640118, 8.431919, 3.665000 
3.665062, -4.837569, 3.665000 
#OKS At  5200 : After 4 points 
-2.933164, -4.863766, 3.765000 
-2.962379, 8.421036, 3.765000 
3.640119, 8.431699, 3.765000 
3.665062, -4.837569, 3.765000 
#OKS At  5300 : After 4 points 
-2.932430, -4.863763, 3.865000 
-2.961644, 8.420818, 3.865000 
3.640119, 8.431480, 3.865000 
3.665062, -4.837569, 3.865000 
#OKS At  5400 : After 4 points 
-2.931696, -4.863760, 3.965000 
-2.960909, 8.420599, 3.965000 
3.640119, 8.431260, 3.965000 
3.665062, -4.837569, 3.965000 
#OKS At  5500 : After 4 points 
-2.930961, -4.863758, 4.065000 
-2.960175, 8.420381, 4.065000 
3.640120, 8.431040, 4.065000 
3.665062, -4.837569, 4.065000 
#OKS At  5600 : After 4 points 
-2.930227, -4.863755, 4.165000 
-2.959440, 8.420162, 4.165000 
3.640120, 8.430820, 4.165000 
3.665062, -4.837569, 4.165000 
#OKS At  5700 : After 4 points 
-2.929492, -4.863752, 4.265000 
-2.958705, 8.419943, 4.265000 
3.640121, 8.430601, 4.265000 
3.665062, -4.837569, 4.265000 
#OKS At  5800 : After 4 points 
-2.917970, -4.863706, 4.365000 
-2.947916, 8.419741, 4.365000 
3.640121, 8.430381, 4.365000 
3.665062, -4.837569, 4.365000 
#OKS At  5900 : After 4 points 
-2.883350, -4.863569, 4.465000 
-2.913296, 8.419577, 4.465000 
3.640122, 8.430161, 4.465000 
3.665062, -4.837569, 4.465000 
#OKS At  6000 : After 4 points 
-2.848731, -4.863431, 4.565000 
-2.878676, 8.419413, 4.565000 
3.640122, 8.429941, 4.565000 
3.665062, -4.837569, 4.565000 
#OKS At  6100 : After 4 points 
-2.814111, -4.863294, 4.665000 
-2.844056, 8.419249, 4.665000 
3.640122, 8.429721, 4.665000 
3.665062, -4.837569, 4.665000 
#OKS At  6200 : After 4 points 
-2.779492, -4.863156, 4.765000 
-2.809436, 8.419085, 4.765000 
3.640123, 8.429502, 4.765000 
3.665062, -4.837569, 4.765000 
#OKS At  6300 : After 4 points 
-2.744873, -4.863019, 4.865000 
-2.774816, 8.418922, 4.865000 
3.640123, 8.429282, 4.865000 
3.665062, -4.837569, 4.865000 
#OKS At  6400 : After 4 points 
-2.710253, -4.862881, 4.965000 
-2.740196, 8.418758, 4.965000 
3.640124, 8.429062, 4.965000 
3.665062, -4.837569, 4.965000 
#OKS At  6500 : After 4 points 
-2.675634, -4.862744, 5.065000 
-2.705576, 8.418594, 5.065000 
3.640124, 8.428842, 5.065000 
3.665062, -4.837569, 5.065000 
#OKS At  6600 : After 4 points 
-2.641015, -4.862606, 5.165000 
-2.670956, 8.418430, 5.165000 
3.640124, 8.428622, 5.165000 
3.665062, -4.837569, 5.165000 
#OKS At  6700 : After 4 points 
-2.606395, -4.862469, 5.265000 
-2.636336, 8.418266, 5.265000 
3.640125, 8.428403, 5.265000 
3.665062, -4.837569, 5.265000 
#OKS At  6800 : After 5 points 
-2.583203, 0.206260, 5.365000 
-2.218640, -4.860929, 5.365000 
3.665062, -4.837569, 5.365000 
3.640125, 8.428183, 5.365000 
-2.601716, 8.418102, 5.365000 
#OKS At  6900 : After 4 points 
-1.271216, -4.857168, 5.465000 
-1.302483, 8.419981, 5.465000 
3.640126, 8.427963, 5.465000 
3.665062, -4.837569, 5.465000 
#OKS At  7000 : After 4 points 
-1.270273, -4.857164, 5.565000 
-1.301540, 8.419762, 5.565000 
3.640126, 8.427743, 5.565000 
3.665062, -4.837569, 5.565000 
#OKS At  7100 : After 4 points 
-1.269330, -4.857160, 5.665000 
-1.300596, 8.419544, 5.665000 
3.640127, 8.427524, 5.665000 
3.665062, -4.837569, 5.665000 
#OKS At  7200 : After 4 points 
-1.268387, -4.857157, 5.765000 
-1.299653, 8.419326, 5.765000 
3.640127, 8.427304, 5.765000 
3.665062, -4.837569, 5.765000 
#OKS At  7300 : After 4 points 
-1.267444, -4.857153, 5.865000 
-1.298709, 8.419108, 5.865000 
3.640127, 8.427084, 5.865000 
3.665062, -4.837569, 5.865000 
#OKS At  7400 : After 4 points 
-1.266501, -4.857149, 5.965000 
-1.297766, 8.418889, 5.965000 
3.640128, 8.426864, 5.965000 
3.665062, -4.837569, 5.965000 
#OKS At  7500 : After 4 points 
-1.265558, -4.857145, 6.065000 
-1.296822, 8.418671, 6.065000 
3.640128, 8.426644, 6.065000 
3.665062, -4.837569, 6.065000 
#OKS At  7600 : After 4 points 
-1.264615, -4.857142, 6.165000 
-1.295879, 8.418453, 6.165000 
3.640129, 8.426425, 6.165000 
3.665062, -4.837569, 6.165000 
#OKS At  7700 : After 4 points 
-1.263672, -4.857138, 6.265000 
-1.294935, 8.418235, 6.265000 
3.640129, 8.426205, 6.265000 
3.665062, -4.837569, 6.265000 
#OKS At  7800 : After 4 points 
-1.262729, -4.857134, 6.365000 
-1.293992, 8.418016, 6.365000 
3.640129, 8.425985, 6.365000 
3.665062, -4.837569, 6.365000 
#OKS At  7900 : After 4 points 
-1.261786, -4.857130, 6.465000 
-1.293048, 8.417798, 6.465000 
3.640130, 8.425765, 6.465000 
3.665062, -4.837569, 6.465000 
#OKS At  8000 : After 4 points 
-1.260843, -4.857127, 6.565000 
-1.292105, 8.417580, 6.565000 
3.640130, 8.425545, 6.565000 
3.665062, -4.837569, 6.565000 
#OKS At  8100 : After 4 points 
-1.259900, -4.857123, 6.665000 
-1.291161, 8.417361, 6.665000 
3.640131, 8.425326, 6.665000 
3.665062, -4.837569, 6.665000 
#OKS At  8200 : After 4 points 
-1.258957, -4.857119, 6.765000 
-1.290218, 8.417143, 6.765000 
3.640131, 8.425106, 6.765000 
3.665062, -4.837569, 6.765000 
#OKS At  8300 : After 4 points 
-1.289274, 8.416925, 6.865000 
-1.262082, -3.129853, 6.865000 
3.649093, 3.657526, 6.865000 
3.640131, 8.424886, 6.865000 
