CHECKING DISTANT FROM POINTS TO AVERAGE PLANE TO REMOVE INCORRECT POINT. 

Distant of points(mm) belongs the plane 0 (33 points): 
13.10(445),  9.89(473),  9.77(450),  9.18(460),  8.96(474),  8.50(465),  8.29(475),  6.68(466),  5.87(469),  5.16(470),  4.84(457),  4.61(477),  3.98(449),  3.59(464),  3.12(463),  2.84(453),  2.73(446),  2.69(462),  2.62(472),  2.54(451),  2.50(476),  1.93(448),  1.88(461),  1.67(456),  1.62(455),  1.49(459),  1.42(458),  1.23(454),  1.06(471),  0.96(447),  0.82(452),  0.69(468),  0.03(467), 
Distant of points(mm) belongs the plane 1 (15 points): 
 7.01(438),  6.79(430),  5.97(436),  5.02(441),  3.85(437),  3.63(433),  3.49(432),  3.19(444),  3.16(435),  2.75(431),  1.47(442),  1.12(439),  1.05(440),  0.99(434),  0.27(443), 
Distant of points(mm) belongs the plane 2 (51 points): 
23.17(59), 14.27(58), 13.43(38), 10.97(15),  9.97(37),  9.60(11),  8.95(36),  8.65(13),  8.60(35),  8.29(14),  7.61(39),  7.35(22),  6.77(41),  5.87(53),  5.85(54),  5.42(42),  5.30(16),  5.18(10),  5.04(34),  4.40(52),  4.33(43),  4.21(46),  4.15(21),  4.03(33),  3.97(26),  3.95(45),  3.29(31),  3.19(19),  2.97(12),  2.94(9),  2.92(40),  2.50(25),  2.20(57),  2.15(55),  2.14(32),  1.90(51),  1.83(27),  1.82(20),  1.65(30),  1.54(17),  1.30(56),  1.27(49),  1.02(48),  0.81(47),  0.65(28),  0.65(23),  0.43(18),  0.27(44),  0.14(50),  0.06(29),  0.01(24), 
Distant of points(mm) belongs the plane 3 (44 points): 
15.31(99), 14.14(60), 13.22(100), 10.81(77), 10.43(76),  9.58(98),  9.51(70),  9.04(63),  8.78(78),  7.89(74),  7.65(75),  7.48(64),  6.99(97),  6.54(101),  6.36(66),  6.29(86),  6.28(73),  5.93(65),  5.73(87),  5.49(79),  5.12(67),  5.00(84),  4.87(61),  4.66(85),  4.53(88),  4.32(69),  4.01(83),  3.74(93),  3.73(102),  3.65(89),  3.43(82),  3.16(71),  2.98(62),  2.97(94),  2.52(90),  2.49(80),  2.34(68),  2.32(103),  1.97(92),  1.90(72),  1.67(81),  1.62(96),  1.54(91),  0.43(95), 
Distant of points(mm) belongs the plane 4 (8 points): 
 4.15(321),  2.74(326),  2.57(325),  2.49(319),  2.18(323),  2.17(324),  1.01(322),  0.81(320), 
Distant of points(mm) belongs the plane 5 (66 points): 
14.46(355), 10.69(371),  9.95(335),  8.01(339),  7.93(378),  7.66(329),  7.07(356),  6.82(379),  6.16(366),  6.13(331),  5.81(353),  5.77(330),  5.57(345),  5.18(327),  5.05(344),  4.99(385),  4.87(374),  4.71(343),  4.61(363),  4.58(362),  4.56(377),  4.47(342),  4.46(360),  4.36(352),  4.34(338),  4.19(361),  3.81(370),  3.58(392),  3.49(351),  3.39(368),  3.22(384),  3.15(372),  3.04(354),  2.97(358),  2.56(389),  2.54(340),  2.52(365),  2.37(346),  2.36(350),  2.34(373),  2.34(336),  2.02(369),  1.96(364),  1.81(387),  1.80(382),  1.77(359),  1.69(390),  1.42(357),  1.38(333),  1.38(367),  1.31(348),  1.27(334),  1.20(383),  1.12(341),  1.00(391),  0.95(349),  0.83(380),  0.70(375),  0.66(388),  0.50(381),  0.47(337),  0.34(328),  0.34(376),  0.33(332),  0.31(386),  0.11(347), 
Distant of points(mm) belongs the plane 6 (37 points): 
 5.86(397),  4.77(409),  4.67(410),  4.56(403),  4.44(398),  3.42(429),  3.11(393),  3.10(404),  3.03(418),  2.75(411),  2.63(423),  2.33(394),  2.32(415),  2.21(414),  2.03(400),  2.00(406),  1.92(417),  1.87(427),  1.74(421),  1.66(425),  1.51(424),  1.51(416),  1.38(401),  1.24(426),  1.00(408),  1.00(402),  0.94(420),  0.93(422),  0.93(395),  0.77(419),  0.64(405),  0.55(399),  0.43(413),  0.42(407),  0.35(412),  0.31(396),  0.10(428), 
Distant of points(mm) belongs the plane 7 (33 points): 
11.92(266),  6.48(263),  4.35(286),  4.27(280),  3.94(254),  3.07(269),  3.06(256),  2.87(270),  2.84(283),  2.66(264),  2.15(268),  1.70(277),  1.52(275),  1.49(257),  1.27(271),  1.26(284),  1.25(265),  1.08(258),  1.00(285),  0.89(278),  0.81(281),  0.80(273),  0.70(259),  0.64(276),  0.63(282),  0.60(279),  0.48(261),  0.46(255),  0.34(260),  0.23(262),  0.21(272),  0.11(274),  0.07(267), 
Distant of points(mm) belongs the plane 8 (32 points): 
10.97(289),  9.04(316),  8.47(298),  7.88(306),  7.49(290),  7.21(291),  6.99(315),  6.88(317),  6.74(308),  6.44(309),  6.44(307),  6.26(310),  5.84(297),  5.24(292),  4.94(318),  4.45(288),  4.35(299),  3.66(312),  3.56(311),  2.98(295),  2.57(300),  2.38(304),  2.15(313),  1.39(294),  1.27(293),  1.06(301),  1.06(296),  0.86(302),  0.59(303),  0.54(305),  0.31(287),  0.04(314), 
Distant of points(mm) belongs the plane 9 (13 points): 
14.10(114), 13.58(108),  9.80(104),  8.02(115),  5.71(110),  5.62(107),  4.35(113),  3.56(109),  2.75(116),  2.73(106),  2.51(112),  2.42(111),  2.04(105), 
Distant of points(mm) belongs the plane 10 (10 points): 
 2.50(120),  2.29(117),  1.99(123),  1.72(118),  1.60(126),  1.54(121),  1.53(124),  0.82(122),  0.77(125),  0.43(119), 
Distant of points(mm) belongs the plane 11 (19 points): 
 7.44(137),  6.49(142),  5.68(130),  4.65(144),  4.34(135),  4.22(133),  4.14(141),  3.88(127),  2.85(145),  1.81(139),  1.44(140),  1.13(136),  0.76(132),  0.72(129),  0.71(134),  0.70(131),  0.67(128),  0.31(143),  0.11(138), 
Distant of points(mm) belongs the plane 12 (48 points): 
25.83(146), 18.09(147), 11.72(151), 11.37(169), 10.24(186), 10.11(187),  9.42(168),  8.06(162),  7.95(164),  7.85(189),  7.50(193),  7.03(153),  7.03(177),  6.89(154),  6.83(167),  6.73(171),  6.68(188),  6.66(191),  6.60(163),  6.50(190),  6.28(152),  5.74(170),  5.51(172),  5.33(173),  4.97(192),  4.86(155),  4.69(176),  4.60(159),  4.25(148),  3.94(175),  3.80(183),  3.75(178),  3.61(182),  3.16(185),  2.74(179),  2.29(181),  2.16(158),  1.97(184),  1.89(166),  1.83(149),  1.66(160),  1.57(161),  1.28(165),  1.22(157),  1.15(174),  0.98(180),  0.48(156),  0.36(150), 
Distant of points(mm) belongs the plane 13 (22 points): 
11.92(195),  9.17(201),  8.26(203),  7.90(213),  6.29(204),  5.61(206),  4.66(202),  4.43(194),  3.87(214),  3.84(208),  3.60(211),  3.20(200),  3.18(210),  3.17(209),  3.00(199),  1.88(196),  1.23(207),  1.11(197),  0.88(198),  0.42(215),  0.40(212),  0.13(205), 
Distant of points(mm) belongs the plane 14 (22 points): 
11.99(226), 11.36(227),  9.19(216),  8.53(219),  7.00(232),  6.46(220),  5.60(221),  5.57(231),  4.83(224),  4.55(236),  4.18(217),  4.08(223),  3.48(234),  3.41(235),  2.19(228),  1.94(222),  1.37(225),  1.24(218),  0.54(229),  0.41(237),  0.41(233),  0.38(230), 
Distant of points(mm) belongs the plane 15 (16 points): 
17.45(243), 12.16(238),  5.33(253),  4.77(244),  3.74(247),  3.44(250),  3.03(252),  2.97(242),  2.49(241),  2.17(240),  2.05(245),  1.72(251),  1.25(249),  1.09(239),  0.55(248),  0.10(246), 
