#OKS At   -20 : After 3 points 
-3.107614, -4.569102, -1.459000 
-2.921232, -4.569538, -1.459000 
-3.107333, -4.497345, -1.459000 
#OKS At   -15 : After 4 points 
2.659753, -4.582586, -1.454000 
2.601125, -4.194252, -1.454000 
-3.097531, -1.986595, -1.454000 
-3.107614, -4.569102, -1.454000 
#OKS At   -10 : After 4 points 
2.661298, -4.582589, -1.449000 
2.196209, -1.501983, -1.449000 
-3.087729, 0.524155, -1.449000 
-3.107614, -4.569102, -1.449000 
#OKS At    -5 : After 6 points 
1.983350, -0.081726, -1.444000 
2.662844, -4.582593, -1.444000 
-3.107614, -4.569102, -1.444000 
-3.077926, 3.034905, -1.444000 
1.490751, 1.291619, -1.444000 
1.979104, -0.066369, -1.444000 
#OKS At     0 : After 6 points 
1.984995, -0.082144, -1.439000 
2.664390, -4.582596, -1.439000 
-3.107614, -4.569102, -1.439000 
-3.068124, 5.545654, -1.439000 
0.449626, 4.198398, -1.439000 
1.971762, -0.034279, -1.439000 
#OKS At   100 : After 6 points 
2.017891, -0.090498, -1.339000 
2.695302, -4.582669, -1.339000 
-3.107614, -4.569102, -1.339000 
-3.056428, 8.541328, -1.339000 
-1.023996, 8.529640, -1.339000 
1.824920, 0.607523, -1.339000 
#OKS At   200 : After 6 points 
2.050787, -0.098851, -1.239000 
2.726214, -4.582741, -1.239000 
-3.107614, -4.569102, -1.239000 
-3.056430, 8.540898, -1.239000 
-0.939708, 8.528725, -1.239000 
1.678077, 1.249326, -1.239000 
#OKS At   300 : After 6 points 
2.083684, -0.107205, -1.139000 
2.757127, -4.582813, -1.139000 
-3.107614, -4.569102, -1.139000 
-3.056431, 8.540468, -1.139000 
-0.855419, 8.527811, -1.139000 
1.531235, 1.891129, -1.139000 
#OKS At   400 : After 6 points 
2.116580, -0.115559, -1.039000 
2.788039, -4.582885, -1.039000 
-3.107614, -4.569102, -1.039000 
-3.056433, 8.540039, -1.039000 
-0.771131, 8.526896, -1.039000 
1.384392, 2.532932, -1.039000 
#OKS At   500 : After 6 points 
2.149476, -0.123913, -0.939000 
2.818952, -4.582958, -0.939000 
-3.107614, -4.569102, -0.939000 
-3.056435, 8.539609, -0.939000 
-0.686842, 8.525982, -0.939000 
1.237550, 3.174734, -0.939000 
#OKS At   600 : After 6 points 
2.182373, -0.132267, -0.839000 
2.849864, -4.583030, -0.839000 
-3.107614, -4.569102, -0.839000 
-3.056436, 8.539179, -0.839000 
-0.602553, 8.525067, -0.839000 
1.090707, 3.816537, -0.839000 
#OKS At   700 : After 6 points 
2.215269, -0.140621, -0.739000 
2.880777, -4.583102, -0.739000 
-3.107614, -4.569102, -0.739000 
-3.056438, 8.538749, -0.739000 
-0.518265, 8.524153, -0.739000 
0.943865, 4.458340, -0.739000 
#OKS At   800 : After 7 points 
2.695146, -3.134571, -0.639000 
2.908214, -4.583166, -0.639000 
-3.107614, -4.569102, -0.639000 
-3.056440, 8.538320, -0.639000 
-0.433976, 8.523238, -0.639000 
0.797022, 5.100142, -0.639000 
2.248165, -0.148975, -0.639000 
#OKS At   900 : After 7 points 
2.280256, -0.156553, -0.539000 
2.931311, -4.583220, -0.539000 
-3.107614, -4.569102, -0.539000 
-3.056441, 8.537890, -0.539000 
-0.349688, 8.522324, -0.539000 
0.650180, 5.741945, -0.539000 
2.234138, 0.012406, -0.539000 
#OKS At  1000 : After 7 points 
2.303774, -0.155882, -0.439000 
2.954408, -4.583274, -0.439000 
-3.107614, -4.569102, -0.439000 
-3.056443, 8.537460, -0.439000 
-0.265399, 8.521409, -0.439000 
0.503337, 6.383748, -0.439000 
1.721145, 1.978659, -0.439000 
#OKS At  1100 : After 7 points 
2.327292, -0.155211, -0.339000 
2.977505, -4.583328, -0.339000 
-3.107614, -4.569102, -0.339000 
-3.056445, 8.537030, -0.339000 
-0.181111, 8.520495, -0.339000 
0.356495, 7.025550, -0.339000 
1.208152, 3.944912, -0.339000 
#OKS At  1200 : After 7 points 
2.350809, -0.154540, -0.239000 
3.000602, -4.583382, -0.239000 
-3.107614, -4.569102, -0.239000 
-3.056446, 8.536601, -0.239000 
-0.096822, 8.519580, -0.239000 
0.209652, 7.667353, -0.239000 
0.695159, 5.911165, -0.239000 
#OKS At  1300 : After 7 points 
2.374327, -0.153869, -0.139000 
3.023699, -4.583436, -0.139000 
-3.107614, -4.569102, -0.139000 
-3.056448, 8.536171, -0.139000 
-0.012533, 8.518666, -0.139000 
0.062809, 8.309156, -0.139000 
0.182165, 7.877418, -0.139000 
#OKS At  1400 : After 5 points 
2.397845, -0.153199, -0.039000 
3.046796, -4.583490, -0.039000 
-3.107614, -4.569102, -0.039000 
-3.056450, 8.535741, -0.039000 
0.031569, 8.517982, -0.039000 
#OKS At  1500 : After 5 points 
2.421363, -0.152528, 0.061000 
3.069893, -4.583544, 0.061000 
-3.107614, -4.569102, 0.061000 
-3.056451, 8.535311, 0.061000 
0.056238, 8.517411, 0.061000 
#OKS At  1600 : After 5 points 
2.444881, -0.151857, 0.161000 
3.092990, -4.583598, 0.161000 
-3.107614, -4.569102, 0.161000 
-3.056453, 8.534882, 0.161000 
0.080906, 8.516839, 0.161000 
#OKS At  1700 : After 5 points 
2.468399, -0.151186, 0.261000 
3.116087, -4.583652, 0.261000 
-3.107614, -4.569102, 0.261000 
-3.056455, 8.534452, 0.261000 
0.105574, 8.516267, 0.261000 
#OKS At  1800 : After 5 points 
2.491917, -0.150515, 0.361000 
3.139184, -4.583706, 0.361000 
-3.107614, -4.569102, 0.361000 
-3.056457, 8.534022, 0.361000 
0.130242, 8.515696, 0.361000 
#OKS At  1900 : After 5 points 
2.515435, -0.149844, 0.461000 
3.162281, -4.583760, 0.461000 
-3.107614, -4.569102, 0.461000 
-3.056458, 8.533592, 0.461000 
0.154910, 8.515124, 0.461000 
#OKS At  2000 : After 5 points 
2.538953, -0.149173, 0.561000 
3.185378, -4.583814, 0.561000 
-3.107614, -4.569102, 0.561000 
-3.056460, 8.533163, 0.561000 
0.179578, 8.514552, 0.561000 
#OKS At  2100 : After 5 points 
2.562471, -0.148502, 0.661000 
3.208475, -4.583868, 0.661000 
-3.107614, -4.569102, 0.661000 
-3.056462, 8.532733, 0.661000 
0.204246, 8.513981, 0.661000 
#OKS At  2200 : After 5 points 
2.585989, -0.147832, 0.761000 
3.231572, -4.583922, 0.761000 
-3.107614, -4.569102, 0.761000 
-3.056463, 8.532303, 0.761000 
0.228914, 8.513409, 0.761000 
#OKS At  2300 : After 5 points 
2.609507, -0.147161, 0.861000 
3.254669, -4.583976, 0.861000 
-3.107614, -4.569102, 0.861000 
-3.056465, 8.531873, 0.861000 
0.253582, 8.512838, 0.861000 
#OKS At  2400 : After 5 points 
2.633025, -0.146490, 0.961000 
3.277766, -4.584030, 0.961000 
-3.107614, -4.569102, 0.961000 
-3.056467, 8.531444, 0.961000 
0.278250, 8.512266, 0.961000 
#OKS At  2500 : After 5 points 
2.656543, -0.145819, 1.061000 
3.300863, -4.584084, 1.061000 
-3.107614, -4.569102, 1.061000 
-3.056468, 8.531014, 1.061000 
0.302919, 8.511694, 1.061000 
#OKS At  2600 : After 5 points 
2.680060, -0.145148, 1.161000 
3.323960, -4.584138, 1.161000 
-3.107614, -4.569102, 1.161000 
-3.056470, 8.530584, 1.161000 
0.327587, 8.511123, 1.161000 
#OKS At  2700 : After 5 points 
2.703578, -0.144477, 1.261000 
3.347057, -4.584192, 1.261000 
-3.107614, -4.569102, 1.261000 
-3.056472, 8.530154, 1.261000 
0.352255, 8.510551, 1.261000 
#OKS At  2800 : After 5 points 
2.727096, -0.143806, 1.361000 
3.370154, -4.584246, 1.361000 
-3.107614, -4.569102, 1.361000 
-3.056473, 8.529725, 1.361000 
0.376923, 8.509979, 1.361000 
#OKS At  2900 : After 5 points 
2.750614, -0.143136, 1.461000 
3.393251, -4.584300, 1.461000 
-3.107614, -4.569102, 1.461000 
-3.056475, 8.529295, 1.461000 
0.401591, 8.509408, 1.461000 
#OKS At  3000 : After 5 points 
2.774132, -0.142465, 1.561000 
3.416348, -4.584354, 1.561000 
-3.107614, -4.569102, 1.561000 
-3.056477, 8.528865, 1.561000 
0.426259, 8.508836, 1.561000 
#OKS At  3100 : After 5 points 
2.797650, -0.141794, 1.661000 
3.439445, -4.584408, 1.661000 
-3.107614, -4.569102, 1.661000 
-3.056478, 8.528435, 1.661000 
0.450927, 8.508265, 1.661000 
#OKS At  3200 : After 5 points 
2.821168, -0.141123, 1.761000 
3.462542, -4.584462, 1.761000 
-3.107614, -4.569102, 1.761000 
-3.056480, 8.528006, 1.761000 
0.475595, 8.507693, 1.761000 
#OKS At  3300 : After 6 points 
3.481373, -4.555231, 1.861000 
3.482872, -4.584510, 1.861000 
-3.107614, -4.569102, 1.861000 
-3.056482, 8.527576, 1.861000 
0.500263, 8.507121, 1.861000 
2.844686, -0.140452, 1.861000 
#OKS At  3400 : After 6 points 
3.482368, -4.403536, 1.961000 
3.491633, -4.584530, 1.961000 
-3.107614, -4.569102, 1.961000 
-3.056483, 8.527146, 1.961000 
0.524931, 8.506550, 1.961000 
2.868204, -0.139781, 1.961000 
#OKS At  3500 : After 6 points 
3.483362, -4.251841, 2.061000 
3.500395, -4.584551, 2.061000 
-3.107614, -4.569102, 2.061000 
-3.056485, 8.526716, 2.061000 
0.549600, 8.505978, 2.061000 
2.891722, -0.139110, 2.061000 
#OKS At  3600 : After 6 points 
3.484357, -4.100146, 2.161000 
3.509156, -4.584571, 2.161000 
-3.107614, -4.569102, 2.161000 
-3.056487, 8.526287, 2.161000 
0.574268, 8.505406, 2.161000 
2.915240, -0.138439, 2.161000 
#OKS At  3700 : After 6 points 
3.485351, -3.948451, 2.261000 
3.517918, -4.584592, 2.261000 
-3.107614, -4.569102, 2.261000 
-3.056488, 8.525857, 2.261000 
0.598936, 8.504835, 2.261000 
2.938758, -0.137769, 2.261000 
#OKS At  3800 : After 6 points 
3.486346, -3.796756, 2.361000 
3.526679, -4.584612, 2.361000 
-3.107614, -4.569102, 2.361000 
-3.056490, 8.525427, 2.361000 
0.623604, 8.504263, 2.361000 
2.962276, -0.137098, 2.361000 
#OKS At  3900 : After 6 points 
3.487340, -3.645061, 2.461000 
3.535441, -4.584633, 2.461000 
-3.107614, -4.569102, 2.461000 
-3.056492, 8.524997, 2.461000 
0.648272, 8.503692, 2.461000 
2.985794, -0.136427, 2.461000 
#OKS At  4000 : After 6 points 
3.488335, -3.493366, 2.561000 
3.544202, -4.584653, 2.561000 
-3.107614, -4.569102, 2.561000 
-3.056493, 8.524568, 2.561000 
0.672940, 8.503120, 2.561000 
3.009311, -0.135756, 2.561000 
#OKS At  4100 : After 6 points 
3.489329, -3.341671, 2.661000 
3.552964, -4.584674, 2.661000 
-3.107614, -4.569102, 2.661000 
-3.056495, 8.524138, 2.661000 
0.697608, 8.502548, 2.661000 
3.032829, -0.135085, 2.661000 
#OKS At  4200 : After 6 points 
3.490324, -3.189976, 2.761000 
3.561725, -4.584694, 2.761000 
-3.107614, -4.569102, 2.761000 
-3.056497, 8.523708, 2.761000 
0.722276, 8.501977, 2.761000 
3.056347, -0.134414, 2.761000 
#OKS At  4300 : After 6 points 
3.491318, -3.038281, 2.861000 
3.570487, -4.584715, 2.861000 
-3.107614, -4.569102, 2.861000 
-3.056498, 8.523278, 2.861000 
0.746944, 8.501405, 2.861000 
3.079865, -0.133743, 2.861000 
#OKS At  4400 : After 6 points 
3.492313, -2.886586, 2.961000 
3.579248, -4.584735, 2.961000 
-3.107614, -4.569102, 2.961000 
-3.056500, 8.522849, 2.961000 
0.771612, 8.500833, 2.961000 
3.103383, -0.133072, 2.961000 
#OKS At  4500 : After 6 points 
3.493307, -2.734891, 3.061000 
3.588010, -4.584756, 3.061000 
-3.107614, -4.569102, 3.061000 
-3.056502, 8.522419, 3.061000 
0.796281, 8.500262, 3.061000 
3.126901, -0.132402, 3.061000 
#OKS At  4600 : After 6 points 
3.494302, -2.583196, 3.161000 
3.596771, -4.584776, 3.161000 
-3.107614, -4.569102, 3.161000 
-3.056504, 8.521989, 3.161000 
0.820949, 8.499690, 3.161000 
3.150419, -0.131731, 3.161000 
#OKS At  4700 : After 6 points 
3.495296, -2.431501, 3.261000 
3.605533, -4.584797, 3.261000 
-3.107614, -4.569102, 3.261000 
-3.056505, 8.521559, 3.261000 
0.845617, 8.499119, 3.261000 
3.173937, -0.131060, 3.261000 
#OKS At  4800 : After 6 points 
3.496291, -2.279806, 3.361000 
3.614294, -4.584817, 3.361000 
-3.107614, -4.569102, 3.361000 
-3.056507, 8.521130, 3.361000 
0.870285, 8.498547, 3.361000 
3.197455, -0.130389, 3.361000 
#OKS At  4900 : After 6 points 
3.497286, -2.128111, 3.461000 
3.623056, -4.584838, 3.461000 
-3.107614, -4.569102, 3.461000 
-3.056509, 8.520700, 3.461000 
0.894953, 8.497975, 3.461000 
3.220973, -0.129718, 3.461000 
#OKS At  5000 : After 6 points 
3.498280, -1.976416, 3.561000 
3.631817, -4.584858, 3.561000 
-3.107614, -4.569102, 3.561000 
-3.056510, 8.520270, 3.561000 
0.919621, 8.497404, 3.561000 
3.244491, -0.129047, 3.561000 
#OKS At  5100 : After 6 points 
3.499275, -1.824722, 3.661000 
3.640579, -4.584879, 3.661000 
-3.107614, -4.569102, 3.661000 
-3.056512, 8.519840, 3.661000 
0.944289, 8.496832, 3.661000 
3.268009, -0.128376, 3.661000 
#OKS At  5200 : After 6 points 
3.500269, -1.673027, 3.761000 
3.649340, -4.584899, 3.761000 
-3.107614, -4.569102, 3.761000 
-3.056514, 8.519411, 3.761000 
0.968957, 8.496260, 3.761000 
3.291527, -0.127706, 3.761000 
#OKS At  5300 : After 6 points 
3.501264, -1.521332, 3.861000 
3.658102, -4.584920, 3.861000 
-3.107614, -4.569102, 3.861000 
-3.056515, 8.518981, 3.861000 
0.993625, 8.495689, 3.861000 
3.315045, -0.127035, 3.861000 
#OKS At  5400 : After 7 points 
3.624145, -3.750509, 3.961000 
3.502258, -1.369637, 3.961000 
3.338562, -0.126364, 3.961000 
1.018294, 8.495117, 3.961000 
-3.056517, 8.518551, 3.961000 
-3.107614, -4.569102, 3.961000 
3.629625, -4.584853, 3.961000 
#OKS At  5500 : After 7 points 
3.584525, -2.805471, 4.061000 
3.503253, -1.217942, 4.061000 
3.362080, -0.125693, 4.061000 
1.042962, 8.494546, 4.061000 
-3.056519, 8.518121, 4.061000 
-3.107614, -4.569102, 4.061000 
3.596212, -4.584775, 4.061000 
#OKS At  5600 : After 7 points 
3.544905, -1.860433, 4.161000 
3.504247, -1.066247, 4.161000 
3.385598, -0.125022, 4.161000 
1.067630, 8.493974, 4.161000 
-3.056520, 8.517692, 4.161000 
-3.107614, -4.569102, 4.161000 
3.562799, -4.584697, 4.161000 
#OKS At  5700 : After 7 points 
3.505285, -0.915396, 4.261000 
3.505242, -0.914552, 4.261000 
3.409116, -0.124351, 4.261000 
1.092298, 8.493402, 4.261000 
-3.056522, 8.517262, 4.261000 
-3.107614, -4.569102, 4.261000 
3.529386, -4.584619, 4.261000 
#OKS At  5800 : After 6 points 
3.428069, -0.125935, 4.361000 
3.495973, -4.584541, 4.361000 
-3.107614, -4.569102, 4.361000 
-3.056524, 8.516832, 4.361000 
1.116966, 8.492831, 4.361000 
3.240828, 0.590262, 4.361000 
#OKS At  5900 : After 5 points 
3.398615, -0.151424, 4.461000 
3.462559, -4.584462, 4.461000 
-3.107614, -4.569102, 4.461000 
-3.056525, 8.516402, 4.461000 
1.139014, 8.492274, 4.461000 
#OKS At  6000 : After 5 points 
3.369161, -0.176912, 4.561000 
3.429146, -4.584384, 4.561000 
-3.107614, -4.569102, 4.561000 
-3.056527, 8.515973, 4.561000 
1.106925, 8.492029, 4.561000 
#OKS At  6100 : After 5 points 
3.339707, -0.202401, 4.661000 
3.395733, -4.584306, 4.661000 
-3.107614, -4.569102, 4.661000 
-3.056529, 8.515543, 4.661000 
1.074835, 8.491784, 4.661000 
#OKS At  6200 : After 5 points 
3.310254, -0.227890, 4.761000 
3.362320, -4.584228, 4.761000 
-3.107614, -4.569102, 4.761000 
-3.056530, 8.515113, 4.761000 
1.042746, 8.491538, 4.761000 
#OKS At  6300 : After 5 points 
3.280800, -0.253378, 4.861000 
3.328907, -4.584150, 4.861000 
-3.107614, -4.569102, 4.861000 
-3.056532, 8.514683, 4.861000 
1.010656, 8.491293, 4.861000 
#OKS At  6400 : After 5 points 
3.251346, -0.278867, 4.961000 
3.295493, -4.584072, 4.961000 
-3.107614, -4.569102, 4.961000 
-3.056534, 8.514254, 4.961000 
0.978567, 8.491048, 4.961000 
#OKS At  6500 : After 5 points 
3.221892, -0.304356, 5.061000 
3.262080, -4.583994, 5.061000 
-3.107614, -4.569102, 5.061000 
-3.056535, 8.513824, 5.061000 
0.946477, 8.490803, 5.061000 
#OKS At  6600 : After 5 points 
3.192438, -0.329844, 5.161000 
3.228667, -4.583916, 5.161000 
-3.107614, -4.569102, 5.161000 
-3.056537, 8.513394, 5.161000 
0.914387, 8.490558, 5.161000 
#OKS At  6700 : After 5 points 
3.162985, -0.355333, 5.261000 
3.195254, -4.583838, 5.261000 
-3.107614, -4.569102, 5.261000 
-3.056539, 8.512964, 5.261000 
0.882298, 8.490312, 5.261000 
#OKS At  6800 : After 5 points 
3.133531, -0.380822, 5.361000 
3.161841, -4.583759, 5.361000 
-3.107614, -4.569102, 5.361000 
-3.056540, 8.512535, 5.361000 
0.850208, 8.490067, 5.361000 
#OKS At  6900 : After 6 points 
1.875304, -4.580752, 5.461000 
1.927388, 3.134917, 5.461000 
-2.571065, 3.152338, 5.461000 
-1.704633, 8.504330, 5.461000 
-3.056542, 8.512105, 5.461000 
-3.107614, -4.569102, 5.461000 
#OKS At  7000 : After 4 points 
1.874678, -4.580750, 5.561000 
1.926763, 3.135069, 5.561000 
-3.077459, 3.154449, 5.561000 
-3.107614, -4.569102, 5.561000 
#OKS At  7100 : After 4 points 
1.874052, -4.580749, 5.661000 
1.926138, 3.135222, 5.661000 
-3.077459, 3.154599, 5.661000 
-3.107614, -4.569102, 5.661000 
#OKS At  7200 : After 4 points 
1.873426, -4.580747, 5.761000 
1.925513, 3.135374, 5.761000 
-3.077458, 3.154749, 5.761000 
-3.107614, -4.569102, 5.761000 
#OKS At  7300 : After 4 points 
1.872800, -4.580746, 5.861000 
1.924888, 3.135527, 5.861000 
-3.077458, 3.154899, 5.861000 
-3.107614, -4.569102, 5.861000 
#OKS At  7400 : After 4 points 
1.872174, -4.580744, 5.961000 
1.924263, 3.135679, 5.961000 
-3.077457, 3.155049, 5.961000 
-3.107614, -4.569102, 5.961000 
#OKS At  7500 : After 4 points 
1.871548, -4.580743, 6.061000 
1.923638, 3.135831, 6.061000 
-3.077456, 3.155199, 6.061000 
-3.107614, -4.569102, 6.061000 
#OKS At  7600 : After 4 points 
1.870922, -4.580741, 6.161000 
1.923013, 3.135984, 6.161000 
-3.077456, 3.155349, 6.161000 
-3.107614, -4.569102, 6.161000 
#OKS At  7700 : After 4 points 
1.870296, -4.580740, 6.261000 
1.922388, 3.136136, 6.261000 
-3.077455, 3.155499, 6.261000 
-3.107614, -4.569102, 6.261000 
#OKS At  7800 : After 4 points 
1.869670, -4.580738, 6.361000 
1.921763, 3.136288, 6.361000 
-3.077455, 3.155649, 6.361000 
-3.107614, -4.569102, 6.361000 
#OKS At  7900 : After 4 points 
1.869044, -4.580737, 6.461000 
1.921138, 3.136441, 6.461000 
-3.077454, 3.155799, 6.461000 
-3.107614, -4.569102, 6.461000 
#OKS At  8000 : After 4 points 
1.868418, -4.580735, 6.561000 
1.920513, 3.136593, 6.561000 
-3.077453, 3.155949, 6.561000 
-3.107614, -4.569102, 6.561000 
#OKS At  8100 : After 4 points 
1.867792, -4.580734, 6.661000 
1.919888, 3.136746, 6.661000 
-3.077453, 3.156099, 6.661000 
-3.107614, -4.569102, 6.661000 
#OKS At  8200 : After 4 points 
1.867166, -4.580733, 6.761000 
1.919263, 3.136898, 6.761000 
-3.077452, 3.156249, 6.761000 
-3.107614, -4.569102, 6.761000 
#OKS At  8300 : After 4 points 
1.866540, -4.580731, 6.861000 
1.918638, 3.137050, 6.861000 
-3.077452, 3.156399, 6.861000 
-3.107614, -4.569102, 6.861000 
