#Plane 0. 
3111.1762087752,8552.8681883509,-1467.8042981937 
1227.5603208161,8554.6013012415,-1459.6096782263 
3149.4099384318,-4552.3280999506,-1486.4273518394 
-2544.8454820088,-4566.6906352915,-1461.6822539767 
-1893.5204161996, -83.9016383959,-1458.2016238703 
#ERRORs at Segment 3: 
,-2544.8454820094,-4566.6906352924,-1461.6822539766 
 -1893.5204161996, -83.9016383959,-1458.2016238703 
#Plane 0. 
3111.1762087752,8552.8681883509,-1467.8042981937 
1227.5603208161,8554.6013012415,-1459.6096782263 
3149.4099384318,-4552.3280999506,-1486.4273518394 
-2544.8454820088,-4566.6906352915,-1461.6822539767 
-1893.5204161996, -83.9016383959,-1458.2016238703 
#ERRORs at Segment 4: 
,1227.5603208156,8554.6013012411,-1459.6096782268 
 -1893.5204161995, -83.9016383959,-1458.2016238703 
#Plane 1. 
3111.2545725506,8526.0078045577,5430.8476752382 
-617.8004013961,8529.6408432487,5395.2058562705 
3126.8668549550,3174.6589495551,5424.3834105977 
-1830.5983656285,3158.6878142423,5376.9749003923 
-1776.2155088315,-4564.7519313959,5367.9496806424 
3149.4099384331,-4552.3280999476,5415.0494481682 
-3071.9539819790,-4568.0201531809,5355.5595828749 
-3008.0141546136,-248.2409540602,5361.5094190461 
#ERRORs at Segment 4: 
,3149.4099384331,-4552.3280999476,5415.0494481682 
 -1776.2155088319,-4564.7519313959,5367.9496806430 
#Plane 3. 
1227.5603208161,8554.6013012415,-1459.6096782263 
3111.1762087752,8552.8681883509,-1467.8042981937 
 112.3443206601,8551.1109200281,-294.7678589749 
-997.2160836461,8534.0691311110,4349.1806724210 
-617.8004013952,8529.6408432444,5395.2058562706 
3111.2545725506,8526.0078045577,5430.8476752382 
#ERRORs at Segment 1: 
,1227.5603208160,8554.6013012416,-1459.6096782264 
  112.3443206601,8551.1109200281,-294.7678589749 
#Plane 3. 
1227.5603208161,8554.6013012415,-1459.6096782263 
3111.1762087752,8552.8681883509,-1467.8042981937 
 112.3443206601,8551.1109200281,-294.7678589749 
-997.2160836461,8534.0691311110,4349.1806724210 
-617.8004013952,8529.6408432444,5395.2058562706 
3111.2545725506,8526.0078045577,5430.8476752382 
#ERRORs at Segment 2: 
,-997.2160836461,8534.0691311110,4349.1806724210 
  112.3443206601,8551.1109200277,-294.7678589750 
#Plane 6. 
-2544.8454820088,-4566.6906352915,-1461.6822539767 
3149.4099384327,-4552.3280999518,-1486.4273518391 
-2924.2509102664,-4567.6476039331,-255.8070380529 
-3413.4467508373,-4568.8814952890,1897.0411201896 
-3406.1998722852,-4568.8632165955,4385.5754507236 
-3751.3314840156,-4569.7337369019,3384.0008716734 
-3071.9539819797,-4568.0201531809,5355.5595828752 
-1776.2155088319,-4564.7519313959,5367.9496806430 
-1784.2412578853,-4564.7721746225,6857.9548562909 
3149.4099384332,-4552.3280999476,6843.0018534810 
3149.4099384328,-4552.3280999500,5415.0494481681 
#ERRORs at Segment 2: 
,-2924.2509102663,-4567.6476039331,-255.8070380530 
 -3413.4467508373,-4568.8814952890,1897.0411201896 
#Plane 6. 
-2544.8454820088,-4566.6906352915,-1461.6822539767 
3149.4099384327,-4552.3280999518,-1486.4273518391 
-2924.2509102664,-4567.6476039331,-255.8070380529 
-3413.4467508373,-4568.8814952890,1897.0411201896 
-3406.1998722852,-4568.8632165955,4385.5754507236 
-3751.3314840156,-4569.7337369019,3384.0008716734 
-3071.9539819797,-4568.0201531809,5355.5595828752 
-1776.2155088319,-4564.7519313959,5367.9496806430 
-1784.2412578853,-4564.7721746225,6857.9548562909 
3149.4099384332,-4552.3280999476,6843.0018534810 
3149.4099384328,-4552.3280999500,5415.0494481681 
#ERRORs at Segment 4: 
,-3751.3314840156,-4569.7337369019,3384.0008716734 
 -3406.1998722854,-4568.8632165956,4385.5754507249 
#Plane 6. 
-2544.8454820088,-4566.6906352915,-1461.6822539767 
3149.4099384327,-4552.3280999518,-1486.4273518391 
-2924.2509102664,-4567.6476039331,-255.8070380529 
-3413.4467508373,-4568.8814952890,1897.0411201896 
-3406.1998722852,-4568.8632165955,4385.5754507236 
-3751.3314840156,-4569.7337369019,3384.0008716734 
-3071.9539819797,-4568.0201531809,5355.5595828752 
-1776.2155088319,-4564.7519313959,5367.9496806430 
-1784.2412578853,-4564.7721746225,6857.9548562909 
3149.4099384332,-4552.3280999476,6843.0018534810 
3149.4099384328,-4552.3280999500,5415.0494481681 
#ERRORs at Segment 5: 
,-3071.9539819797,-4568.0201531809,5355.5595828752 
 -1776.2155088319,-4564.7519313959,5367.9496806430 
#Plane 7. 
1227.5603208156,8554.6013012411,-1459.6096782268 
-1902.0480545681,-107.5043694117,-1458.1977766842 
 172.2064176955,8551.2982752479,-357.2937499280 
#ERRORs at Segment 0: 
,1227.5603208156,8554.6013012411,-1459.6096782268 
 -1902.0480545681,-107.5043694117,-1458.1977766842 
#Plane 7. 
1227.5603208156,8554.6013012411,-1459.6096782268 
-1902.0480545681,-107.5043694117,-1458.1977766842 
 172.2064176955,8551.2982752479,-357.2937499280 
#ERRORs at Segment 1: 
,1227.5603208160,8554.6013012416,-1459.6096782264 
  172.2064176955,8551.2982752479,-357.2937499280 
#Plane 7. 
1227.5603208156,8554.6013012411,-1459.6096782268 
-1902.0480545681,-107.5043694117,-1458.1977766842 
 172.2064176955,8551.2982752479,-357.2937499280 
#ERRORs at Segment 2: 
,-1902.0480545680,-107.5043694115,-1458.1977766842 
  172.2064176950,8551.2982752478,-357.2937499261 
#Plane 8. 
3220.9708294363,21278.1115492856,1260.8283572717 
-1892.9464793484, -69.5106012235,-1453.3671443085 
-2114.1295840435,  62.2501376956,-689.1453734278 
#ERRORs at Segment 0: 
,3220.9708294363,21278.1115492856,1260.8283572717 
 -1892.9464793484, -69.5106012235,-1453.3671443085 
#Plane 8. 
3220.9708294363,21278.1115492856,1260.8283572717 
-1892.9464793484, -69.5106012235,-1453.3671443085 
-2114.1295840435,  62.2501376956,-689.1453734278 
#ERRORs at Segment 1: 
,3220.9708294661,21278.1115494158,1260.8283572864 
 -2114.1295840435,  62.2501376956,-689.1453734278 
#Plane 8. 
3220.9708294363,21278.1115492856,1260.8283572717 
-1892.9464793484, -69.5106012235,-1453.3671443085 
-2114.1295840435,  62.2501376956,-689.1453734278 
#ERRORs at Segment 2: 
,-1892.9464793470, -69.5106012238,-1453.3671443100 
 -2114.1295840443,  62.2501376963,-689.1453734234 
#Plane 9. 
-2544.8454820094,-4566.6906352924,-1461.6822539766 
-1891.5503184258, -70.3423066789,-1458.1910958222 
-2150.7944659371,  84.0917333155,-562.4625465058 
-2924.2509102712,-4567.6476039331,-255.8070380539 
#ERRORs at Segment 0: 
,-2544.8454820094,-4566.6906352924,-1461.6822539766 
 -1891.5503184258, -70.3423066789,-1458.1910958222 
#Plane 9. 
-2544.8454820094,-4566.6906352924,-1461.6822539766 
-1891.5503184258, -70.3423066789,-1458.1910958222 
-2150.7944659371,  84.0917333155,-562.4625465058 
-2924.2509102712,-4567.6476039331,-255.8070380539 
#ERRORs at Segment 1: 
,-1891.5503184249, -70.3423066789,-1458.1910958222 
 -2150.7944659371,  84.0917333155,-562.4625465058 
#Plane 9. 
-2544.8454820094,-4566.6906352924,-1461.6822539766 
-1891.5503184258, -70.3423066789,-1458.1910958222 
-2150.7944659371,  84.0917333155,-562.4625465058 
-2924.2509102712,-4567.6476039331,-255.8070380539 
#ERRORs at Segment 2: 
,-2924.2509102712,-4567.6476039331,-255.8070380539 
 -2150.7944659361,  84.0917333155,-562.4625465098 
#Plane 10. 
  20.1873905752,8549.6954775303,  90.9452923421 
-2137.3847400742, -30.2276282722,-697.6451091120 
-997.2160836461,8534.0691311110,4349.1806724210 
-3209.2928542002, 412.5888796315,4316.3526015832 
#ERRORs at Segment 0: 
,  20.1873905752,8549.6954775303,  90.9452923421 
 -2137.3847400742, -30.2276282722,-697.6451091120 
#Plane 10. 
  20.1873905752,8549.6954775303,  90.9452923421 
-2137.3847400742, -30.2276282722,-697.6451091120 
-997.2160836461,8534.0691311110,4349.1806724210 
-3209.2928542002, 412.5888796315,4316.3526015832 
#ERRORs at Segment 1: 
,-997.2160836461,8534.0691311110,4349.1806724210 
   20.1873905767,8549.6954775303,  90.9452923397 
#Plane 10. 
  20.1873905752,8549.6954775303,  90.9452923421 
-2137.3847400742, -30.2276282722,-697.6451091120 
-997.2160836461,8534.0691311110,4349.1806724210 
-3209.2928542002, 412.5888796315,4316.3526015832 
#ERRORs at Segment 2: 
,-997.2160836487,8534.0691311074,4349.1806724213 
 -3209.2928542002, 412.5888796315,4316.3526015832 
#Plane 10. 
  20.1873905752,8549.6954775303,  90.9452923421 
-2137.3847400742, -30.2276282722,-697.6451091120 
-997.2160836461,8534.0691311110,4349.1806724210 
-3209.2928542002, 412.5888796315,4316.3526015832 
#ERRORs at Segment 3: 
,-2137.3847400753, -30.2276282719,-697.6451091085 
 -3209.2928541989, 412.5888796308,4316.3526015868 
#Plane 11. 
-2924.2509102712,-4567.6476039331,-255.8070380539 
-2167.7190065865, -17.6962239573,-555.7524031571 
-3266.3615823551, 436.1645710353,4583.2994308505 
-3416.7318298057,-1115.9692102436,4211.4437332231 
-3751.3314840169,-4569.7337369013,3384.0008716753 
-3413.4467508358,-4568.8814952894,1897.0411201979 
#ERRORs at Segment 0: 
,-2924.2509102712,-4567.6476039331,-255.8070380539 
 -2167.7190065865, -17.6962239573,-555.7524031571 
#Plane 11. 
-2924.2509102712,-4567.6476039331,-255.8070380539 
-2167.7190065865, -17.6962239573,-555.7524031571 
-3266.3615823551, 436.1645710353,4583.2994308505 
-3416.7318298057,-1115.9692102436,4211.4437332231 
-3751.3314840169,-4569.7337369013,3384.0008716753 
-3413.4467508358,-4568.8814952894,1897.0411201979 
#ERRORs at Segment 1: 
,-2167.7190065874, -17.6962239568,-555.7524031540 
 -3266.3615823551, 436.1645710353,4583.2994308505 
#Plane 11. 
-2924.2509102712,-4567.6476039331,-255.8070380539 
-2167.7190065865, -17.6962239573,-555.7524031571 
-3266.3615823551, 436.1645710353,4583.2994308505 
-3416.7318298057,-1115.9692102436,4211.4437332231 
-3751.3314840169,-4569.7337369013,3384.0008716753 
-3413.4467508358,-4568.8814952894,1897.0411201979 
#ERRORs at Segment 4: 
,-2924.2509102663,-4567.6476039331,-255.8070380530 
 -3751.3314840157,-4569.7337369007,3384.0008716716 
#Plane 12. 
-997.2160836487,8534.0691311074,4349.1806724213 
-3367.8330187289,-169.4798950274,4313.9998045098 
-617.8004013952,8529.6408432444,5395.2058562706 
-3008.0141546137,-248.2409540605,5361.5094190460 
#ERRORs at Segment 0: 
,-997.2160836487,8534.0691311074,4349.1806724213 
 -3367.8330187289,-169.4798950274,4313.9998045098 
#Plane 12. 
-997.2160836487,8534.0691311074,4349.1806724213 
-3367.8330187289,-169.4798950274,4313.9998045098 
-617.8004013952,8529.6408432444,5395.2058562706 
-3008.0141546137,-248.2409540605,5361.5094190460 
#ERRORs at Segment 3: 
,-3008.0141546199,-248.2409540602,5361.5094190461 
 -3367.8330187311,-169.4798950277,4313.9998045181 
#Plane 13. 
-3751.3314840169,-4569.7337369013,3384.0008716753 
-3416.7318298057,-1115.9692102436,4211.4437332231 
-3008.0141546199,-248.2409540602,5361.5094190461 
-3325.9249396069,-178.6531903245,4436.0031795145 
-3071.9539819790,-4568.0201531809,5355.5595828749 
-3406.1998722837,-4568.8632165948,4385.5754507193 
#ERRORs at Segment 1: 
,-3008.0141546199,-248.2409540602,5361.5094190461 
 -3325.9249396069,-178.6531903245,4436.0031795145 
#Plane 13. 
-3751.3314840169,-4569.7337369013,3384.0008716753 
-3416.7318298057,-1115.9692102436,4211.4437332231 
-3008.0141546199,-248.2409540602,5361.5094190461 
-3325.9249396069,-178.6531903245,4436.0031795145 
-3071.9539819790,-4568.0201531809,5355.5595828749 
-3406.1998722837,-4568.8632165948,4385.5754507193 
#ERRORs at Segment 3: 
,-3751.3314840156,-4569.7337369019,3384.0008716734 
 -3071.9539819805,-4568.0201531818,5355.5595828754 
