CHECKING DISTANT FROM POINTS TO AVERAGE PLANE TO REMOVE INCORRECT POINT. 

Distant of points(mm) belongs the plane 0 (15 points): 
10.82(215),  8.83(214),  8.48(219),  7.15(218),  5.11(220),  4.90(221),  4.83(222),  3.11(228),  2.52(216),  2.30(217),  2.13(223),  1.75(225),  0.74(226),  0.71(224),  0.23(227), 
Distant of points(mm) belongs the plane 1 (43 points): 
10.76(41), 10.04(40),  9.55(17),  7.36(9),  7.22(11),  7.07(4),  6.43(23),  6.21(10),  6.20(39),  6.01(6),  5.99(42),  5.76(29),  5.65(14),  5.62(36),  5.61(34),  5.49(5),  5.47(35),  4.70(18),  4.63(31),  4.26(8),  4.04(26),  3.84(44),  3.77(24),  3.74(19),  3.41(43),  3.35(7),  2.83(33),  2.76(32),  2.69(21),  2.53(37),  2.38(45),  2.38(38),  2.24(46),  2.16(27),  2.04(22),  1.84(25),  1.82(28),  1.52(16),  0.62(13),  0.39(15),  0.30(12),  0.27(30),  0.05(20), 
Distant of points(mm) belongs the plane 2 (24 points): 
 8.80(208),  8.79(198),  7.15(205),  6.93(207),  6.04(202),  5.97(206),  5.24(201),  5.09(197),  4.54(213),  3.43(190),  3.24(204),  2.53(192),  2.53(203),  2.12(212),  1.67(191),  1.44(194),  1.05(200),  1.02(196),  0.90(193),  0.80(199),  0.59(209),  0.56(210),  0.29(195),  0.03(211), 
Distant of points(mm) belongs the plane 3 (33 points): 
11.28(184), 10.81(163), 10.04(189),  8.75(162),  7.73(164),  7.19(157),  6.67(185),  6.44(158),  5.85(159),  5.63(178),  4.74(186),  4.53(165),  3.78(188),  3.51(173),  3.49(179),  3.40(172),  3.37(183),  2.98(161),  2.78(174),  2.65(160),  2.51(166),  2.29(168),  2.02(187),  1.73(177),  1.57(169),  1.39(180),  1.34(170),  1.20(175),  1.01(171),  1.01(167),  0.86(182),  0.42(176),  0.16(181), 
Distant of points(mm) belongs the plane 4 (36 points): 
19.53(154), 18.53(133), 18.49(155), 17.63(121), 14.77(149), 14.14(148), 13.65(127), 13.39(156), 13.31(143), 12.62(128), 12.25(123), 11.50(126), 10.57(150),  9.82(147),  8.93(134),  7.52(132),  7.20(129),  6.58(137),  6.26(130),  5.63(151),  5.11(152),  4.87(122),  4.47(144),  3.09(140),  3.01(153),  2.89(124),  2.58(131),  2.58(146),  2.28(138),  2.28(135),  2.24(142),  1.82(139),  1.72(125),  0.90(141),  0.83(136),  0.78(145), 
Distant of points(mm) belongs the plane 5 (15 points): 
19.99(54), 14.49(51), 14.39(56), 12.64(58),  9.70(65),  8.64(59),  7.81(61),  6.64(53),  6.15(63),  5.66(66),  5.44(55),  5.15(60),  4.90(62),  4.32(57),  0.20(64), 
Distant of points(mm) belongs the plane 6 (15 points): 
20.93(82), 18.97(67), 18.38(75), 17.73(77), 15.12(83), 13.60(79), 12.89(81),  6.92(78),  6.26(72),  6.13(69),  5.76(76),  2.02(68),  1.40(80),  0.88(70),  0.56(71), 
Distant of points(mm) belongs the plane 7 (10 points): 
18.18(91), 10.48(89),  9.58(86),  9.29(85),  8.99(87),  8.14(84),  7.44(88),  2.66(93),  2.35(90),  1.71(94), 
Distant of points(mm) belongs the plane 8 (24 points): 
14.45(97),  8.85(118),  8.31(100),  7.31(98),  7.04(111),  6.56(108),  6.34(101),  5.67(117),  5.11(120),  5.10(107),  4.53(115),  4.09(112),  3.74(106),  2.94(114),  2.57(119),  2.22(105),  1.96(103),  1.93(110),  1.70(99),  1.47(113),  1.45(109),  1.33(104),  0.45(116),  0.32(102), 
