#Plane 0. 
-3035.4126087010,8541.6111846645,-1433.0029259987 
-1102.0039997303,8530.4859454893,-1431.5469788900 
-3086.1784950626,-4569.1520765314,-1459.1117896617 
2659.5298353271,-4582.5849403063,-1454.7459710458 
1982.6491459292, -81.4457471125,-1446.3131633930 
#ERRORs at Segment 3: 
,2659.5298353271,-4582.5849403064,-1454.7459710454 
 1982.6491459292, -81.4457471125,-1446.3131633930 
#Plane 0. 
-3035.4126087010,8541.6111846645,-1433.0029259987 
-1102.0039997303,8530.4859454893,-1431.5469788900 
-3086.1784950626,-4569.1520765314,-1459.1117896617 
2659.5298353271,-4582.5849403063,-1454.7459710458 
1982.6491459292, -81.4457471125,-1446.3131633930 
#ERRORs at Segment 4: 
,-1102.0039997305,8530.4859454901,-1431.5469788890 
 1982.6491459292, -81.4457471125,-1446.3131633931 
#Plane 1. 
-3035.5276144779,8511.9098707791,5478.3144733951 
 828.7323537352,8489.9025886138,5428.0594132914 
-3056.2729775911,3154.2265120828,5467.3202919914 
1927.7999154387,3134.8278656692,5402.5208525604 
1875.8141803673,-4580.7526952587,5386.9754546487 
-3086.1784950610,-4569.1520765304,5451.4716089767 
3158.7707332397,-4583.7521131917,5370.2995405050 
3128.1133282005,-385.5502004992,5379.5239678163 
#ERRORs at Segment 4: 
,-3086.1784950610,-4569.1520765304,5451.4716089767 
 1875.8141803670,-4580.7526952591,5386.9754546464 
#Plane 3. 
-1102.0039997303,8530.4859454893,-1431.5469788900 
-3035.4126087010,8541.6111846645,-1433.0029259987 
  -9.0158560355,8519.1672506375,-260.4361037216 
1140.5358799380,8492.2853305719,4456.3705089358 
 828.7323537362,8489.9025886107,5428.0594132914 
-3035.5276144779,8511.9098707791,5478.3144733951 
#ERRORs at Segment 1: 
,-1102.0039997305,8530.4859454900,-1431.5469788899 
   -9.0158560355,8519.1672506375,-260.4361037216 
#Plane 3. 
-1102.0039997303,8530.4859454893,-1431.5469788900 
-3035.4126087010,8541.6111846645,-1433.0029259987 
  -9.0158560355,8519.1672506375,-260.4361037216 
1140.5358799380,8492.2853305719,4456.3705089358 
 828.7323537362,8489.9025886107,5428.0594132914 
-3035.5276144779,8511.9098707791,5478.3144733951 
#ERRORs at Segment 2: 
,1140.5358799380,8492.2853305719,4456.3705089358 
   -9.0158560355,8519.1672506374,-260.4361037217 
#Plane 6. 
2659.5298353271,-4582.5849403063,-1454.7459710458 
-3086.1784950618,-4569.1520765316,-1459.1117896623 
2897.9500391327,-4583.1423417500,-683.4881820989 
3481.2036886858,-4584.5059276417,1841.6707918510 
3487.0143637916,-4584.5195123929,4387.9000330473 
3831.3134256833,-4585.3244475075,3357.4482669257 
3158.7707332406,-4583.7521131923,5370.2995405036 
1875.8141803670,-4580.7526952591,5386.9754546464 
1866.5540587319,-4580.7310460637,6867.7966001075 
-3086.1784950608,-4569.1520765309,6865.9667578057 
-3086.1784950616,-4569.1520765314,5451.4716089763 
#ERRORs at Segment 2: 
,2897.9500391327,-4583.1423417504,-683.4881820986 
 3481.2036886858,-4584.5059276417,1841.6707918510 
#Plane 6. 
2659.5298353271,-4582.5849403063,-1454.7459710458 
-3086.1784950618,-4569.1520765316,-1459.1117896623 
2897.9500391327,-4583.1423417500,-683.4881820989 
3481.2036886858,-4584.5059276417,1841.6707918510 
3487.0143637916,-4584.5195123929,4387.9000330473 
3831.3134256833,-4585.3244475075,3357.4482669257 
3158.7707332406,-4583.7521131923,5370.2995405036 
1875.8141803670,-4580.7526952591,5386.9754546464 
1866.5540587319,-4580.7310460637,6867.7966001075 
-3086.1784950608,-4569.1520765309,6865.9667578057 
-3086.1784950616,-4569.1520765314,5451.4716089763 
#ERRORs at Segment 4: 
,3831.3134256833,-4585.3244475075,3357.4482669257 
 3487.0143637921,-4584.5195123926,4387.9000330484 
#Plane 6. 
2659.5298353271,-4582.5849403063,-1454.7459710458 
-3086.1784950618,-4569.1520765316,-1459.1117896623 
2897.9500391327,-4583.1423417500,-683.4881820989 
3481.2036886858,-4584.5059276417,1841.6707918510 
3487.0143637916,-4584.5195123929,4387.9000330473 
3831.3134256833,-4585.3244475075,3357.4482669257 
3158.7707332406,-4583.7521131923,5370.2995405036 
1875.8141803670,-4580.7526952591,5386.9754546464 
1866.5540587319,-4580.7310460637,6867.7966001075 
-3086.1784950608,-4569.1520765309,6865.9667578057 
-3086.1784950616,-4569.1520765314,5451.4716089763 
#ERRORs at Segment 5: 
,3158.7707332406,-4583.7521131923,5370.2995405036 
 1875.8141803670,-4580.7526952591,5386.9754546464 
#Plane 7. 
-1102.0039997305,8530.4859454901,-1431.5469788890 
1982.1823558981, -80.1425328861,-1446.3109288768 
 -64.1186316468,8519.7378803431,-319.4774209972 
#ERRORs at Segment 0: 
,-1102.0039997305,8530.4859454901,-1431.5469788890 
 1982.1823558981, -80.1425328861,-1446.3109288768 
#Plane 7. 
-1102.0039997305,8530.4859454901,-1431.5469788890 
1982.1823558981, -80.1425328861,-1446.3109288768 
 -64.1186316468,8519.7378803431,-319.4774209972 
#ERRORs at Segment 1: 
,-1102.0039997305,8530.4859454900,-1431.5469788899 
  -64.1186316468,8519.7378803431,-319.4774209972 
#Plane 7. 
-1102.0039997305,8530.4859454901,-1431.5469788890 
1982.1823558981, -80.1425328861,-1446.3109288768 
 -64.1186316468,8519.7378803431,-319.4774209972 
#ERRORs at Segment 2: 
,1982.1823558981, -80.1425328860,-1446.3109288768 
  -64.1186316463,8519.7378803432,-319.4774209955 
#Plane 8. 
-7384.0852430070,39282.9725509542,3711.3976577246 
1982.6877272590, -82.2664302475,-1446.5892209691 
-7384.0852420930,39282.9725474866,3711.3976573603 
2210.1154208360, -63.8269412830,-701.6232411367 
#ERRORs at Segment 0: 
,-7384.0852430070,39282.9725509542,3711.3976577246 
 1982.6877272590, -82.2664302475,-1446.5892209691 
#Plane 8. 
-7384.0852430070,39282.9725509542,3711.3976577246 
1982.6877272590, -82.2664302475,-1446.5892209691 
-7384.0852420930,39282.9725474866,3711.3976573603 
2210.1154208360, -63.8269412830,-701.6232411367 
#ERRORs at Segment 1: 
,-7384.0852420930,39282.9725474866,3711.3976573603 
 2210.1154208360, -63.8269412830,-701.6232411367 
#Plane 8. 
-7384.0852430070,39282.9725509542,3711.3976577246 
1982.6877272590, -82.2664302475,-1446.5892209691 
-7384.0852420930,39282.9725474866,3711.3976573603 
2210.1154208360, -63.8269412830,-701.6232411367 
#ERRORs at Segment 2: 
,1982.6877272633, -82.2664302473,-1446.5892209644 
 2210.1154208313, -63.8269412827,-701.6232411565 
#Plane 9. 
2659.5298353271,-4582.5849403064,-1454.7459710454 
1982.7715382740, -82.2596349787,-1446.3146881981 
2309.5443416183, -55.7653967151,-375.9321952099 
2897.9500391422,-4583.1423417502,-683.4881820976 
#ERRORs at Segment 0: 
,2659.5298353271,-4582.5849403064,-1454.7459710454 
 1982.7715382740, -82.2596349787,-1446.3146881981 
#Plane 9. 
2659.5298353271,-4582.5849403064,-1454.7459710454 
1982.7715382740, -82.2596349787,-1446.3146881981 
2309.5443416183, -55.7653967151,-375.9321952099 
2897.9500391422,-4583.1423417502,-683.4881820976 
#ERRORs at Segment 1: 
,1982.7715382769, -82.2596349788,-1446.3146881981 
 2309.5443416183, -55.7653967151,-375.9321952099 
#Plane 9. 
2659.5298353271,-4582.5849403064,-1454.7459710454 
1982.7715382740, -82.2596349787,-1446.3146881981 
2309.5443416183, -55.7653967151,-375.9321952099 
2897.9500391422,-4583.1423417502,-683.4881820976 
#ERRORs at Segment 2: 
,2897.9500391422,-4583.1423417502,-683.4881820976 
 2309.5443416207, -55.7653967157,-375.9321952004 
#Plane 10. 
 117.9891203841,8516.1972776322, 260.6869512969 
2260.0326883450,-268.5427675104,-724.5835639871 
1140.5358799380,8492.2853305719,4456.3705089358 
3344.4968917983, 179.1832574150,4254.5608578262 
#ERRORs at Segment 0: 
, 117.9891203841,8516.1972776322, 260.6869512969 
 2260.0326883450,-268.5427675104,-724.5835639871 
#Plane 10. 
 117.9891203841,8516.1972776322, 260.6869512969 
2260.0326883450,-268.5427675104,-724.5835639871 
1140.5358799380,8492.2853305719,4456.3705089358 
3344.4968917983, 179.1832574150,4254.5608578262 
#ERRORs at Segment 1: 
,1140.5358799380,8492.2853305719,4456.3705089358 
  117.9891203691,8516.1972776324, 260.6869512911 
#Plane 10. 
 117.9891203841,8516.1972776322, 260.6869512969 
2260.0326883450,-268.5427675104,-724.5835639871 
1140.5358799380,8492.2853305719,4456.3705089358 
3344.4968917983, 179.1832574150,4254.5608578262 
#ERRORs at Segment 2: 
,1140.5358799410,8492.2853305690,4456.3705089295 
 3344.4968917983, 179.1832574150,4254.5608578262 
#Plane 10. 
 117.9891203841,8516.1972776322, 260.6869512969 
2260.0326883450,-268.5427675104,-724.5835639871 
1140.5358799380,8492.2853305719,4456.3705089358 
3344.4968917983, 179.1832574150,4254.5608578262 
#ERRORs at Segment 3: 
,2260.0326883422,-268.5427675076,-724.5835639949 
 3344.4968918006, 179.1832574132,4254.5608578202 
#Plane 11. 
2897.9500391422,-4583.1423417502,-683.4881820976 
2333.2685686099,-238.3069981346,-388.3327006268 
3405.9053260427, 204.5360114019,4536.5078892056 
3505.2819963376,-914.3904594233,4261.0758524391 
3831.3134256838,-4585.3244475066,3357.4482669278 
3481.2036886821,-4584.5059276423,1841.6707918551 
#ERRORs at Segment 0: 
,2897.9500391422,-4583.1423417502,-683.4881820976 
 2333.2685686099,-238.3069981346,-388.3327006268 
#Plane 11. 
2897.9500391422,-4583.1423417502,-683.4881820976 
2333.2685686099,-238.3069981346,-388.3327006268 
3405.9053260427, 204.5360114019,4536.5078892056 
3505.2819963376,-914.3904594233,4261.0758524391 
3831.3134256838,-4585.3244475066,3357.4482669278 
3481.2036886821,-4584.5059276423,1841.6707918551 
#ERRORs at Segment 1: 
,2333.2685686077,-238.3069981311,-388.3327006306 
 3405.9053260427, 204.5360114019,4536.5078892056 
#Plane 11. 
2897.9500391422,-4583.1423417502,-683.4881820976 
2333.2685686099,-238.3069981346,-388.3327006268 
3405.9053260427, 204.5360114019,4536.5078892056 
3505.2819963376,-914.3904594233,4261.0758524391 
3831.3134256838,-4585.3244475066,3357.4482669278 
3481.2036886821,-4584.5059276423,1841.6707918551 
#ERRORs at Segment 4: 
,2897.9500391327,-4583.1423417504,-683.4881820986 
 3831.3134256833,-4585.3244475054,3357.4482669236 
#Plane 12. 
1140.5358799410,8492.2853305690,4456.3705089295 
3509.4067456269,-442.8388384256,4239.4605906773 
 828.7323537362,8489.9025886107,5428.0594132914 
3128.1133282005,-385.5502004996,5379.5239678164 
#ERRORs at Segment 0: 
,1140.5358799410,8492.2853305690,4456.3705089295 
 3509.4067456269,-442.8388384256,4239.4605906773 
#Plane 12. 
1140.5358799410,8492.2853305690,4456.3705089295 
3509.4067456269,-442.8388384256,4239.4605906773 
 828.7323537362,8489.9025886107,5428.0594132914 
3128.1133282005,-385.5502004996,5379.5239678164 
#ERRORs at Segment 3: 
,3128.1133281947,-385.5502004991,5379.5239678163 
 3509.4067456252,-442.8388384258,4239.4605906689 
#Plane 13. 
3831.3134256838,-4585.3244475066,3357.4482669278 
3505.2819963376,-914.3904594233,4261.0758524391 
3128.1133281947,-385.5502004991,5379.5239678163 
3462.7792638248,-435.8331446473,4378.8762793201 
3158.7707332397,-4583.7521131917,5370.2995405050 
3487.0143637949,-4584.5195123915,4387.9000330444 
#ERRORs at Segment 1: 
,3128.1133281947,-385.5502004991,5379.5239678163 
 3462.7792638248,-435.8331446473,4378.8762793201 
#Plane 13. 
3831.3134256838,-4585.3244475066,3357.4482669278 
3505.2819963376,-914.3904594233,4261.0758524391 
3128.1133281947,-385.5502004991,5379.5239678163 
3462.7792638248,-435.8331446473,4378.8762793201 
3158.7707332397,-4583.7521131917,5370.2995405050 
3487.0143637949,-4584.5195123915,4387.9000330444 
#ERRORs at Segment 3: 
,3831.3134256833,-4585.3244475075,3357.4482669257 
 3158.7707332416,-4583.7521131931,5370.2995405039 
