Point ID     ,  Hz.(º ' "),  V.(º ' "),Slope Dist.(m),Refl.Ht.(m),Inst.Ht.(m),Easting(m),  Northing(m),  Height(m)
 7777            ,    0 00 03 ,   88 19 34,          0,      0.000,      1.400,            0,            0,          0
2   ,  236 06 23 ,  119 35 54,      2.876,      0.000,      0.000,  -3.08618,	  -4.56915,	  -1.45911
3   ,  236 06 23 ,  119 35 54,      2.876,      0.000,      0.000,  -3.03541,	   8.54161,	  -1.43300
4   ,  236 06 23 ,  119 35 54,      2.876,      0.000,      0.000,  -1.10200,	   8.53049,	  -1.43155
5   ,  236 06 23 ,  119 35 54,      2.876,      0.000,      0.000,   1.98265,	  -0.08145,	  -1.44631
6   ,  236 06 23 ,  119 35 54,      2.876,      0.000,      0.000,   2.65953,	  -4.58258,	  -1.45475
7   ,  236 06 23 ,  119 35 54,      2.876,      0.000,      0.000,  -3.08618,	  -4.56915,	  -1.45911
8   ,  236 06 23 ,  119 35 54,      2.876,      0.000,      0.000,  -3.03553,	   8.51191,	   5.47831
9   ,  236 06 23 ,  119 35 54,      2.876,      0.000,      0.000,   0.82873,	   8.48990,	   5.42806
10   ,  236 06 23 ,  119 35 54,      2.876,      0.000,      0.000,  -3.05627,	   3.15423,	   5.46732
11   ,  236 06 23 ,  119 35 54,      2.876,      0.000,      0.000,   1.92780,	   3.13483,	   5.40252
12   ,  236 06 23 ,  119 35 54,      2.876,      0.000,      0.000,   1.87581,	  -4.58075,	   5.38698
13   ,  236 06 23 ,  119 35 54,      2.876,      0.000,      0.000,  -3.08618,	  -4.56915,	   5.45147
14   ,  236 06 23 ,  119 35 54,      2.876,      0.000,      0.000,   3.15877,	  -4.58375,	   5.37030
15   ,  236 06 23 ,  119 35 54,      2.876,      0.000,      0.000,   3.12811,	  -0.38555,	   5.37952
16   ,  236 06 23 ,  119 35 54,      2.876,      0.000,      0.000,  -3.05626,	   3.15635,	   6.88193
17   ,  236 06 23 ,  119 35 54,      2.876,      0.000,      0.000,   1.91855,	   3.13709,	   6.88375
18   ,  236 06 23 ,  119 35 54,      2.876,      0.000,      0.000,   1.86655,	  -4.58073,	   6.86780
19   ,  236 06 23 ,  119 35 54,      2.876,      0.000,      0.000,  -3.08618,	  -4.56915,	   6.86597
20   ,  236 06 23 ,  119 35 54,      2.876,      0.000,      0.000,  -3.05626,	   3.15635,	   6.88193
21   ,  236 06 23 ,  119 35 54,      2.876,      0.000,      0.000,  -1.10200,	   8.53049,	  -1.43155
22   ,  236 06 23 ,  119 35 54,      2.876,      0.000,      0.000,  -3.03541,	   8.54161,	  -1.43300
23   ,  236 06 23 ,  119 35 54,      2.876,      0.000,      0.000,  -3.03553,	   8.51191,	   5.47831
24   ,  236 06 23 ,  119 35 54,      2.876,      0.000,      0.000,   0.82873,	   8.48990,	   5.42806
25   ,  236 06 23 ,  119 35 54,      2.876,      0.000,      0.000,   1.14054,	   8.49229,	   4.45637
26   ,  236 06 23 ,  119 35 54,      2.876,      0.000,      0.000,  -0.00902,	   8.51917,	  -0.26044
27   ,  236 06 23 ,  119 35 54,      2.876,      0.000,      0.000,  -1.10200,	   8.53049,	  -1.43155
28   ,  236 06 23 ,  119 35 54,      2.876,      0.000,      0.000,  -3.05627,	   3.15423,	   5.46732
29   ,  236 06 23 ,  119 35 54,      2.876,      0.000,      0.000,   1.92780,	   3.13483,	   5.40252
30   ,  236 06 23 ,  119 35 54,      2.876,      0.000,      0.000,   1.91855,	   3.13709,	   6.88375
31   ,  236 06 23 ,  119 35 54,      2.876,      0.000,      0.000,  -3.05626,	   3.15635,	   6.88193
32   ,  236 06 23 ,  119 35 54,      2.876,      0.000,      0.000,  -3.05627,	   3.15423,	   5.46732
33   ,  236 06 23 ,  119 35 54,      2.876,      0.000,      0.000,  -3.03541,	   8.54161,	  -1.43300
34   ,  236 06 23 ,  119 35 54,      2.876,      0.000,      0.000,  -3.08618,	  -4.56915,	  -1.45911
35   ,  236 06 23 ,  119 35 54,      2.876,      0.000,      0.000,  -3.03553,	   8.51191,	   5.47831
36   ,  236 06 23 ,  119 35 54,      2.876,      0.000,      0.000,  -3.05627,	   3.15423,	   5.46732
37   ,  236 06 23 ,  119 35 54,      2.876,      0.000,      0.000,  -3.05626,	   3.15635,	   6.88193
38   ,  236 06 23 ,  119 35 54,      2.876,      0.000,      0.000,  -3.08618,	  -4.56915,	   6.86597
39   ,  236 06 23 ,  119 35 54,      2.876,      0.000,      0.000,  -3.08618,	  -4.56915,	   5.45147
40   ,  236 06 23 ,  119 35 54,      2.876,      0.000,      0.000,   2.65953,	  -4.58258,	  -1.45475
41   ,  236 06 23 ,  119 35 54,      2.876,      0.000,      0.000,  -3.08618,	  -4.56915,	  -1.45911
42   ,  236 06 23 ,  119 35 54,      2.876,      0.000,      0.000,   2.89795,	  -4.58314,	  -0.68349
43   ,  236 06 23 ,  119 35 54,      2.876,      0.000,      0.000,   3.48120,	  -4.58451,	   1.84167
44   ,  236 06 23 ,  119 35 54,      2.876,      0.000,      0.000,   3.48701,	  -4.58452,	   4.38790
45   ,  236 06 23 ,  119 35 54,      2.876,      0.000,      0.000,   3.83131,	  -4.58532,	   3.35745
46   ,  236 06 23 ,  119 35 54,      2.876,      0.000,      0.000,   3.15877,	  -4.58375,	   5.37030
47   ,  236 06 23 ,  119 35 54,      2.876,      0.000,      0.000,   1.87581,	  -4.58075,	   5.38698
48   ,  236 06 23 ,  119 35 54,      2.876,      0.000,      0.000,   1.86655,	  -4.58073,	   6.86780
49   ,  236 06 23 ,  119 35 54,      2.876,      0.000,      0.000,  -3.08618,	  -4.56915,	   6.86597
50   ,  236 06 23 ,  119 35 54,      2.876,      0.000,      0.000,  -3.08618,	  -4.56915,	   5.45147
51   ,  236 06 23 ,  119 35 54,      2.876,      0.000,      0.000,  -1.10200,	   8.53049,	  -1.43155
52   ,  236 06 23 ,  119 35 54,      2.876,      0.000,      0.000,   1.98218,	  -0.08014,	  -1.44631
53   ,  236 06 23 ,  119 35 54,      2.876,      0.000,      0.000,  -0.06412,	   8.51974,	  -0.31948
54   ,  236 06 23 ,  119 35 54,      2.876,      0.000,      0.000,  -1.10200,	   8.53049,	  -1.43155
55   ,  236 06 23 ,  119 35 54,      2.876,      0.000,      0.000,  -7.38409,	  39.28297,	   3.71140
56   ,  236 06 23 ,  119 35 54,      2.876,      0.000,      0.000,   1.98269,	  -0.08227,	  -1.44659
57   ,  236 06 23 ,  119 35 54,      2.876,      0.000,      0.000,   2.21012,	  -0.06383,	  -0.70162
58   ,  236 06 23 ,  119 35 54,      2.876,      0.000,      0.000,  -7.38409,	  39.28297,	   3.71140
59   ,  236 06 23 ,  119 35 54,      2.876,      0.000,      0.000,   2.65953,	  -4.58258,	  -1.45475
60   ,  236 06 23 ,  119 35 54,      2.876,      0.000,      0.000,   1.98277,	  -0.08226,	  -1.44631
61   ,  236 06 23 ,  119 35 54,      2.876,      0.000,      0.000,   2.30954,	  -0.05577,	  -0.37593
62   ,  236 06 23 ,  119 35 54,      2.876,      0.000,      0.000,   2.89795,	  -4.58314,	  -0.68349
63   ,  236 06 23 ,  119 35 54,      2.876,      0.000,      0.000,   2.65953,	  -4.58258,	  -1.45475
64   ,  236 06 23 ,  119 35 54,      2.876,      0.000,      0.000,   0.11799,	   8.51620,	   0.26069
65   ,  236 06 23 ,  119 35 54,      2.876,      0.000,      0.000,   2.26003,	  -0.26854,	  -0.72458
66   ,  236 06 23 ,  119 35 54,      2.876,      0.000,      0.000,   3.34450,	   0.17918,	   4.25456
67   ,  236 06 23 ,  119 35 54,      2.876,      0.000,      0.000,   1.14054,	   8.49229,	   4.45637
68   ,  236 06 23 ,  119 35 54,      2.876,      0.000,      0.000,   0.11799,	   8.51620,	   0.26069
69   ,  236 06 23 ,  119 35 54,      2.876,      0.000,      0.000,   2.89795,	  -4.58314,	  -0.68349
70   ,  236 06 23 ,  119 35 54,      2.876,      0.000,      0.000,   2.33327,	  -0.23831,	  -0.38833
71   ,  236 06 23 ,  119 35 54,      2.876,      0.000,      0.000,   3.40591,	   0.20454,	   4.53651
72   ,  236 06 23 ,  119 35 54,      2.876,      0.000,      0.000,   3.50528,	  -0.91439,	   4.26108
73   ,  236 06 23 ,  119 35 54,      2.876,      0.000,      0.000,   3.83131,	  -4.58532,	   3.35745
74   ,  236 06 23 ,  119 35 54,      2.876,      0.000,      0.000,   3.48120,	  -4.58451,	   1.84167
75   ,  236 06 23 ,  119 35 54,      2.876,      0.000,      0.000,   1.14054,	   8.49229,	   4.45637
76   ,  236 06 23 ,  119 35 54,      2.876,      0.000,      0.000,   3.50941,	  -0.44284,	   4.23946
77   ,  236 06 23 ,  119 35 54,      2.876,      0.000,      0.000,   3.12811,	  -0.38555,	   5.37952
78   ,  236 06 23 ,  119 35 54,      2.876,      0.000,      0.000,   0.82873,	   8.48990,	   5.42806
79   ,  236 06 23 ,  119 35 54,      2.876,      0.000,      0.000,   1.14054,	   8.49229,	   4.45637
80   ,  236 06 23 ,  119 35 54,      2.876,      0.000,      0.000,   3.83131,	  -4.58532,	   3.35745
81   ,  236 06 23 ,  119 35 54,      2.876,      0.000,      0.000,   3.50528,	  -0.91439,	   4.26108
82   ,  236 06 23 ,  119 35 54,      2.876,      0.000,      0.000,   3.12811,	  -0.38555,	   5.37952
83   ,  236 06 23 ,  119 35 54,      2.876,      0.000,      0.000,   3.46278,	  -0.43583,	   4.37888
84   ,  236 06 23 ,  119 35 54,      2.876,      0.000,      0.000,   3.15877,	  -4.58375,	   5.37030
85   ,  236 06 23 ,  119 35 54,      2.876,      0.000,      0.000,   3.48701,	  -4.58452,	   4.38790
86   ,  236 06 23 ,  119 35 54,      2.876,      0.000,      0.000,   1.92780,	   3.13483,	   5.40252
87   ,  236 06 23 ,  119 35 54,      2.876,      0.000,      0.000,   1.87581,	  -4.58075,	   5.38698
88   ,  236 06 23 ,  119 35 54,      2.876,      0.000,      0.000,   1.86655,	  -4.58073,	   6.86780
89   ,  236 06 23 ,  119 35 54,      2.876,      0.000,      0.000,   1.91855,	   3.13709,	   6.88375
90   ,  236 06 23 ,  119 35 54,      2.876,      0.000,      0.000,   1.92780,	   3.13483,	   5.40252
91   ,  236 06 23 ,  119 35 54,      2.876,      0.000,      0.000,   3.50528,	  -0.91439,	   4.26108
92   ,  236 06 23 ,  119 35 54,      2.876,      0.000,      0.000,   3.48120,	  -4.58451,	   1.84167
93   ,  236 06 23 ,  119 35 54,      2.876,      0.000,      0.000,   3.48701,	  -4.58452,	   4.38790
94   ,  236 06 23 ,  119 35 54,      2.876,      0.000,      0.000,   3.50528,	  -0.91439,	   4.26108
