CHECKING DISTANT FROM POINTS TO AVERAGE PLANE TO REMOVE INCORRECT POINT. 

Distant of points(mm) belongs the plane 0 (42 points): 
 8.71(489),  8.35(525),  8.26(499),  7.24(491),  5.96(526),  5.63(506),  5.61(505),  5.42(500),  4.89(494),  4.71(516),  4.64(508),  4.17(492),  4.11(490),  3.91(528),  3.87(497),  3.76(517),  3.76(521),  3.72(496),  3.70(511),  3.13(529),  3.06(502),  3.05(523),  2.94(530),  2.88(512),  2.71(522),  2.53(519),  2.46(501),  2.37(515),  2.04(510),  1.83(493),  1.82(507),  1.60(504),  1.55(527),  1.46(503),  1.26(514),  0.90(498),  0.86(518),  0.62(520),  0.41(495),  0.40(513),  0.30(524),  0.06(509), 
Distant of points(mm) belongs the plane 1 (32 points): 
14.71(229), 13.02(227), 11.48(248), 10.18(237),  9.51(256),  9.06(243),  8.63(257),  8.58(247),  7.28(244),  7.03(232),  6.89(228),  6.81(242),  6.10(253),  5.25(245),  4.67(238),  4.52(258),  4.39(252),  4.15(241),  4.15(231),  4.03(239),  3.33(230),  3.32(250),  2.89(235),  2.49(251),  2.46(233),  2.24(254),  1.48(236),  1.12(249),  0.89(240),  0.81(234),  0.69(255),  0.08(246), 
Distant of points(mm) belongs the plane 2 (20 points): 
 8.40(477),  6.43(485),  4.92(474),  4.84(482),  4.67(486),  4.43(476),  3.74(481),  3.46(480),  2.90(478),  2.32(475),  1.81(471),  1.72(488),  1.70(469),  1.58(470),  1.58(487),  1.30(472),  1.28(473),  0.66(483),  0.34(479),  0.16(484), 
Distant of points(mm) belongs the plane 3 (46 points): 
11.88(9),  7.59(36),  7.34(14),  6.99(28),  6.93(50),  6.27(7),  6.22(33),  6.20(32),  6.05(48),  5.95(19),  5.91(20),  5.83(10),  5.61(40),  5.24(23),  5.23(6),  4.85(21),  4.74(24),  4.48(38),  4.33(8),  3.88(44),  3.78(15),  3.72(34),  3.29(13),  3.15(31),  3.02(43),  3.01(18),  2.94(29),  2.91(26),  2.81(22),  2.79(11),  2.54(37),  2.19(5),  2.15(45),  2.05(27),  1.92(17),  1.08(42),  1.01(47),  0.93(49),  0.87(46),  0.86(16),  0.74(12),  0.66(35),  0.44(39),  0.17(25),  0.13(41),  0.12(30), 
Distant of points(mm) belongs the plane 4 (18 points): 
10.15(62),  6.96(65),  6.13(66),  6.11(56),  4.69(55),  4.49(68),  3.41(64),  2.41(58),  2.01(52),  1.96(54),  1.79(60),  1.42(59),  1.09(63),  0.99(67),  0.94(53),  0.67(61),  0.13(57),  0.08(51), 
Distant of points(mm) belongs the plane 7 (19 points): 
17.60(72), 10.76(71), 10.73(70), 10.37(84),  7.47(73),  7.21(85),  7.16(76),  6.26(78),  5.60(79),  5.60(86),  5.09(83),  3.90(87),  3.18(69),  3.05(80),  3.00(74),  0.70(75),  0.35(81),  0.17(82),  0.06(77), 
Distant of points(mm) belongs the plane 8 (16 points): 
19.26(89), 11.15(98), 11.09(99),  8.89(93),  8.79(96),  8.22(91),  5.85(100),  5.16(90),  5.14(88),  5.02(102),  4.70(94),  4.06(95),  3.07(97),  0.90(101),  0.16(92),  0.13(103), 
Distant of points(mm) belongs the plane 9 (14 points): 
 9.01(116),  7.05(107),  6.83(104),  5.14(106),  4.85(113),  4.59(105),  4.57(109),  3.72(115),  2.61(110),  2.00(112),  1.88(111),  0.79(114),  0.43(117),  0.21(108), 
Distant of points(mm) belongs the plane 10 (39 points): 
29.45(123), 19.05(129), 17.12(156), 15.73(152), 11.30(153),  9.91(119),  9.55(145),  9.44(121),  9.19(120),  8.60(146),  8.13(140),  8.11(118),  8.06(150),  7.92(128),  7.29(139),  7.27(147),  7.02(154),  6.73(135),  6.13(151),  6.09(122),  4.93(132),  4.67(144),  4.55(133),  4.52(148),  4.51(149),  3.34(124),  2.98(143),  2.68(138),  2.57(141),  1.70(155),  1.57(131),  1.45(125),  0.80(127),  0.70(130),  0.69(126),  0.51(136),  0.39(137),  0.27(134),  0.11(142), 
Distant of points(mm) belongs the plane 11 (25 points): 
14.63(179), 13.00(158), 12.06(174), 11.73(175), 10.66(157), 10.40(178),  9.57(159),  9.23(163),  8.52(180),  8.47(173),  6.39(171),  5.83(168),  5.82(172),  4.95(160),  4.91(177),  4.68(169),  3.83(164),  3.65(170),  3.54(176),  3.14(165),  2.82(181),  1.55(166),  0.26(162),  0.16(167),  0.02(161), 
Distant of points(mm) belongs the plane 12 (25 points): 
15.48(208), 14.51(189), 14.47(213), 14.21(202), 13.20(210), 11.91(199), 10.64(193), 10.63(204), 10.46(201), 10.15(194),  9.43(200),  8.42(205),  8.42(206),  5.05(212),  4.94(198),  4.51(207),  3.92(191),  3.51(197),  3.25(195),  2.56(196),  2.06(203),  1.06(209),  0.75(192),  0.68(190),  0.45(211), 
Distant of points(mm) belongs the plane 13 (13 points): 
29.03(218), 27.90(217), 27.11(214), 22.96(219), 21.52(215), 19.02(216), 18.05(226), 12.23(225),  6.33(221),  5.00(222),  4.56(220),  2.29(223),  0.15(224), 
Distant of points(mm) belongs the plane 14 (24 points): 
 8.91(266),  7.24(273),  4.41(261),  3.89(280),  3.86(269),  3.69(277),  3.10(276),  2.85(265),  2.64(259),  2.62(275),  2.45(278),  2.22(263),  2.19(267),  2.06(270),  2.04(272),  1.89(260),  1.68(279),  1.46(274),  0.94(268),  0.93(271),  0.56(262),  0.51(281),  0.38(282),  0.15(264), 
Distant of points(mm) belongs the plane 15 (7 points): 
 3.27(183),  1.58(187),  1.41(182),  0.54(186),  0.46(184),  0.38(188),  0.17(185), 
