CHECKING DISTANT FROM POINTS TO AVERAGE PLANE TO REMOVE INCORRECT POINT. 

Distant of points(mm) belongs the plane 0 (16 points): 
 8.42(201),  6.33(200),  5.92(199),  5.32(202),  2.99(191),  2.99(195),  1.62(194),  1.50(189),  1.49(190),  1.30(187),  1.18(192),  0.95(197),  0.84(188),  0.75(196),  0.53(193),  0.50(198), 
Distant of points(mm) belongs the plane 1 (42 points): 
19.35(46), 13.27(33), 12.79(6), 12.21(40), 12.04(12), 11.97(41), 11.63(36), 11.12(16), 10.24(32),  9.60(44),  9.20(22),  8.39(5),  8.29(29),  8.19(15),  7.69(11),  7.34(10),  7.03(38),  6.98(39),  6.48(21),  6.41(14),  6.01(45),  5.92(37),  4.62(30),  3.60(42),  3.51(9),  3.16(31),  3.10(23),  2.83(7),  2.79(26),  2.62(17),  2.53(19),  2.46(20),  2.11(27),  1.96(34),  1.72(8),  1.52(24),  1.33(43),  1.13(28),  0.31(35),  0.21(18),  0.08(25),  0.04(13), 
Distant of points(mm) belongs the plane 2 (30 points): 
35.28(166), 25.11(165), 21.01(176), 20.59(177), 15.61(175), 15.51(178), 13.16(160), 12.01(171), 11.74(182), 11.44(164), 11.14(159), 11.13(183), 10.26(184),  8.81(163),  7.59(181),  6.73(162),  6.62(158),  6.40(179),  5.14(169),  4.75(173),  3.67(186),  3.38(161),  2.64(174),  1.77(185),  1.59(168),  1.48(157),  1.42(172),  0.52(180),  0.25(167),  0.12(170), 
Distant of points(mm) belongs the plane 3 (21 points): 
 5.60(144),  4.62(139),  4.60(145),  4.47(151),  4.30(141),  4.18(146),  4.00(153),  3.62(149),  3.53(133),  2.84(137),  2.80(143),  2.79(148),  2.66(152),  2.24(147),  2.03(134),  1.99(150),  1.64(140),  1.11(138),  0.68(136),  0.38(142),  0.07(135), 
Distant of points(mm) belongs the plane 4 (30 points): 
10.72(106),  9.31(105),  8.67(103),  7.82(109),  7.49(127),  6.51(132),  6.35(111),  5.75(114),  4.37(116),  4.33(104),  4.28(120),  4.20(131),  3.94(130),  2.87(115),  2.56(119),  2.25(108),  2.23(129),  2.13(128),  2.06(113),  2.03(107),  1.91(110),  1.82(118),  1.10(117),  0.98(122),  0.91(125),  0.72(121),  0.58(124),  0.35(112),  0.24(123),  0.18(126), 
Distant of points(mm) belongs the plane 5 (19 points): 
22.78(59), 13.49(60), 11.00(47), 10.94(49),  9.93(62),  9.10(58),  8.74(50),  8.34(61),  7.93(63),  7.10(64),  6.77(65),  5.93(51),  5.85(53),  4.76(48),  4.24(52),  3.87(55),  1.46(57),  0.98(56),  0.60(54), 
Distant of points(mm) belongs the plane 6 (17 points): 
21.21(68), 15.47(69), 14.56(66), 12.96(76), 12.83(75),  9.70(67),  9.65(73),  9.63(72),  8.23(77),  8.14(74),  7.26(71),  6.30(81),  3.93(80),  3.20(82),  1.89(70),  1.37(79),  1.15(78), 
Distant of points(mm) belongs the plane 7 (20 points): 
46.28(85), 40.64(92), 31.48(90), 27.84(83), 24.17(93), 22.57(86), 22.23(98), 19.84(89), 18.15(97), 13.62(94),  9.59(88),  6.94(102),  6.70(96),  4.60(101),  3.67(99),  2.82(100),  1.86(91),  1.23(84),  0.99(95),  0.89(87), 
