   Point ID     ,  Hz.(º ' "),  V.(º ' "),Slope Dist.(m),Refl.Ht.(m),Inst.Ht.(m),Easting(m),  Northing(m),  Height(m)
ADG             ,  359 59 59 ,   90 01 07,          0,      0.000,      0.000,            0,            0,          0
2               ,  359 58 58 ,   90 01 42,      7.652,      0.000,      0.000,       -0.002,        7.652,     -0.004
3               ,  332 05 37 ,  132 42 12,      2.103,      0.000,      0.000,       -0.723,        1.366,     -1.426
4               ,  328 46 54 ,   12 40 16,      7.034,      0.000,      0.000,       -0.800,        1.320,      6.863
5               ,   19 41 00 ,   93 29 33,      7.415,      0.000,      0.000,        2.493,        6.969,     -0.452
6               ,   19 41 00 ,   86 39 03,      7.416,      0.000,      0.000,        2.494,        6.971,      0.433
7               ,   19 40 56 ,   77 44 39,      7.585,      0.000,      0.000,        2.496,        6.979,      1.610
8               ,   19 40 59 ,   69 25 52,      7.916,      0.000,      0.000,        2.496,        6.978,      2.781
9               ,   19 13 53 ,   59 32 55,      8.580,      0.000,      0.000,        2.436,        6.984,      4.348
10              ,   18 10 42 ,   56 49 20,      8.776,      0.000,      0.000,        2.292,        6.979,      4.803
11              ,   18 10 45 ,   60 53 02,      8.406,      0.000,      0.000,        2.291,        6.977,      4.090
12              ,   18 18 25 ,   71 46 23,      7.737,      0.000,      0.000,        2.308,        6.977,      2.420
13              ,   18 18 25 ,   80 38 42,      7.444,      0.000,      0.000,        2.307,        6.974,      1.210
14              ,   18 33 14 ,   85 07 11,      7.380,      0.000,      0.000,        2.340,        6.971,      0.628
15              ,   18 33 15 ,   92 02 47,      7.354,      0.000,      0.000,        2.339,        6.967,     -0.263
16              ,   18 33 15 ,   97 53 27,      7.416,      0.000,      0.000,        2.338,        6.964,     -1.018
17              ,    9 27 30 ,  100 36 32,      7.168,      0.000,      0.000,        1.158,        6.950,     -1.320
18              ,    9 27 35 ,   91 02 14,      7.049,      0.000,      0.000,        1.158,        6.952,     -0.128
19              ,    9 27 35 ,   80 17 21,      7.152,      0.000,      0.000,        1.159,        6.954,      1.206
20              ,    9 27 40 ,   73 01 20,      7.376,      0.000,      0.000,        1.160,        6.958,      2.154
21              ,    9 27 42 ,   63 45 41,      7.866,      0.000,      0.000,        1.160,        6.960,      3.478
22              ,    9 27 26 ,   56 40 55,      8.447,      0.000,      0.000,        1.160,        6.963,      4.640
23              ,    6 23 17 ,   46 03 03,      9.745,      0.000,      0.000,        0.781,        6.972,      6.763
24              ,    6 23 01 ,   53 19 36,      8.738,      0.000,      0.000,        0.779,        6.965,      5.219
25              ,    6 23 23 ,   61 18 14,      7.982,      0.000,      0.000,        0.779,        6.958,      3.833
26              ,    6 23 19 ,   69 53 41,      7.453,      0.000,      0.000,        0.779,        6.955,      2.562
27              ,    6 23 20 ,   79 31 21,      7.114,      0.000,      0.000,        0.778,        6.952,      1.294
28              ,    6 23 19 ,   88 59 40,      6.994,      0.000,      0.000,        0.778,        6.949,      0.123
29              ,    6 23 28 ,   99 57 41,      7.096,      0.000,      0.000,        0.778,        6.946,     -1.228
30              ,  356 47 21 ,  100 41 18,      7.072,      0.000,      0.000,       -0.389,        6.938,     -1.312
31              ,  356 47 25 ,   88 56 20,      6.951,      0.000,      0.000,       -0.389,        6.939,      0.129
32              ,  356 47 28 ,   77 34 10,      7.121,      0.000,      0.000,       -0.389,        6.943,      1.533
33              ,  355 38 30 ,   67 03 18,      7.568,      0.000,      0.000,       -0.530,        6.949,      2.951
34              ,  355 38 43 ,   57 18 18,      8.288,      0.000,      0.000,       -0.530,        6.955,      4.477
35              ,  355 38 44 ,   50 17 12,      9.075,      0.000,      0.000,       -0.530,        6.960,      5.798
36              ,  355 38 18 ,   46 13 14,      9.671,      0.000,      0.000,       -0.531,        6.962,      6.691
37              ,  353 00 19 ,   46 13 21,      9.701,      0.000,      0.000,       -0.853,        6.952,      6.711
38              ,  353 00 16 ,   52 03 55,      8.879,      0.000,      0.000,       -0.853,        6.951,      5.459
39              ,  353 00 16 ,   62 01 12,      7.926,      0.000,      0.000,       -0.852,        6.947,      3.718
40              ,  353 00 17 ,   73 55 44,      7.281,      0.000,      0.000,       -0.852,        6.944,      2.016
41              ,  353 00 19 ,   85 32 08,      7.019,      0.000,      0.000,       -0.852,        6.946,      0.546
42              ,  353 18 43 ,  100 52 52,      7.116,      0.000,      0.000,       -0.814,        6.940,     -1.343
43              ,  343 47 29 ,   98 07 45,      7.281,      0.000,      0.000,       -2.012,        6.921,     -1.030
44              ,  343 47 30 ,   88 35 46,      7.210,      0.000,      0.000,       -2.012,        6.921,      0.177
45              ,  343 47 26 ,   77 50 04,      7.378,      0.000,      0.000,       -2.013,        6.925,      1.555
46              ,  343 47 36 ,   67 50 57,      7.789,      0.000,      0.000,       -2.013,        6.927,      2.937
47              ,  343 47 38 ,   60 04 22,      8.330,      0.000,      0.000,       -2.015,        6.933,      4.156
48              ,  343 23 08 ,   52 59 17,      9.061,      0.000,      0.000,       -2.069,        6.933,      5.454
49              ,  343 22 53 ,   47 20 48,      9.839,      0.000,      0.000,       -2.070,        6.934,      6.667
50              ,  340 44 23 ,   47 45 52,      9.914,      0.000,      0.000,       -2.421,        6.930,      6.664
51              ,  340 44 30 ,   56 11 40,      8.830,      0.000,      0.000,       -2.420,        6.926,      4.913
52              ,  340 44 27 ,   64 41 51,      8.113,      0.000,      0.000,       -2.419,        6.924,      3.467
53              ,  340 44 29 ,   74 54 34,      7.594,      0.000,      0.000,       -2.418,        6.922,      1.977
54              ,  340 44 27 ,   85 25 54,      7.355,      0.000,      0.000,       -2.418,        6.922,      0.586
55              ,  340 44 31 ,   98 06 52,      7.403,      0.000,      0.000,       -2.417,        6.919,     -1.045
56              ,  329 45 22 ,   92 11 54,      7.977,      0.000,      0.000,       -4.015,        6.886,     -0.306
57              ,  332 42 01 ,   57 18 35,      9.208,      0.000,      0.000,       -3.554,        6.886,      4.973
58              ,  332 41 52 ,   49 08 25,     10.247,      0.000,      0.000,       -3.555,        6.887,      6.704
59              ,   14 14 54 ,   99 32 19,      8.025,      0.000,      0.000,        1.948,        7.670,     -1.330
60              ,   14 14 56 ,   90 41 37,      7.918,      0.000,      0.000,        1.949,        7.674,     -0.096
61              ,   14 14 55 ,   82 08 42,      7.997,      0.000,      0.000,        1.950,        7.679,      1.093
62              ,   14 14 50 ,   72 43 31,      8.299,      0.000,      0.000,        1.950,        7.681,      2.464
63              ,   14 14 47 ,   65 20 35,      8.721,      0.000,      0.000,        1.951,        7.682,      3.638
64              ,   14 14 36 ,   58 06 32,      9.338,      0.000,      0.000,        1.951,        7.685,      4.934
65              ,   11 34 46 ,   58 05 17,      9.233,      0.000,      0.000,        1.573,        7.678,      4.881
66              ,   11 34 44 ,   65 03 23,      8.642,      0.000,      0.000,        1.573,        7.677,      3.645
67              ,   11 34 48 ,   73 36 33,      8.165,      0.000,      0.000,        1.572,        7.674,      2.304
68              ,   11 34 48 ,   83 17 19,      7.883,      0.000,      0.000,        1.572,        7.670,      0.921
69              ,   11 34 48 ,   92 56 53,      7.835,      0.000,      0.000,        1.571,        7.665,     -0.403
70              ,   11 34 51 ,  100 03 55,      7.948,      0.000,      0.000,        1.571,        7.666,     -1.389
71              ,    2 41 06 ,  100 03 43,      7.784,      0.000,      0.000,        0.359,        7.656,     -1.360
72              ,    2 41 12 ,   91 05 09,      7.668,      0.000,      0.000,        0.359,        7.658,     -0.145
73              ,    2 41 12 ,   81 34 29,      7.755,      0.000,      0.000,        0.360,        7.663,      1.136
74              ,    2 41 15 ,   72 40 18,      8.040,      0.000,      0.000,        0.360,        7.667,      2.395
75              ,    2 41 12 ,   63 06 41,      8.612,      0.000,      0.000,        0.360,        7.672,      3.895
76              ,    2 41 12 ,   57 39 13,      9.096,      0.000,      0.000,        0.360,        7.676,      4.867
77              ,    2 41 13 ,   48 43 23,     10.233,      0.000,      0.000,        0.361,        7.682,      6.750
78              ,  359 31 39 ,   48 43 22,     10.220,      0.000,      0.000,       -0.063,        7.681,      6.742
79              ,  359 31 34 ,   56 07 31,      9.244,      0.000,      0.000,       -0.063,        7.675,      5.153
80              ,  359 31 38 ,   64 50 50,      8.470,      0.000,      0.000,       -0.063,        7.666,      3.600
81              ,  359 40 39 ,   73 30 01,      7.987,      0.000,      0.000,       -0.043,        7.658,      2.268
82              ,  359 58 07 ,   83 12 38,      7.706,      0.000,      0.000,       -0.004,        7.652,      0.911
83              ,  359 58 07 ,   91 17 55,      7.654,      0.000,      0.000,       -0.004,        7.652,     -0.173
84              ,  359 58 08 ,   99 27 14,      7.757,      0.000,      0.000,       -0.004,        7.652,     -1.274
85              ,  350 49 41 ,   96 36 47,      7.795,      0.000,      0.000,       -1.234,        7.644,     -0.898
86              ,  350 49 47 ,   88 29 36,      7.749,      0.000,      0.000,       -1.234,        7.647,      0.204
87              ,  350 49 50 ,   79 47 38,      7.874,      0.000,      0.000,       -1.235,        7.650,      1.395
88              ,  350 49 52 ,   69 16 21,      8.287,      0.000,      0.000,       -1.235,        7.652,      2.933
89              ,  350 49 55 ,   62 14 14,      8.759,      0.000,      0.000,       -1.235,        7.651,      4.080
90              ,  350 49 53 ,   55 18 05,      9.432,      0.000,      0.000,       -1.236,        7.655,      5.369
91              ,  350 39 14 ,   48 58 02,     10.290,      0.000,      0.000,       -1.261,        7.659,      6.755
92              ,  348 03 05 ,   49 07 41,     10.344,      0.000,      0.000,       -1.619,        7.652,      6.769
93              ,  348 03 03 ,   53 54 50,      9.678,      0.000,      0.000,       -1.619,        7.651,      5.700
94              ,  348 03 03 ,   60 19 19,      8.999,      0.000,      0.000,       -1.619,        7.650,      4.456
95              ,  348 03 05 ,   68 29 15,      8.403,      0.000,      0.000,       -1.618,        7.648,      3.081
96              ,  348 03 06 ,   77 31 38,      8.001,      0.000,      0.000,       -1.617,        7.643,      1.728
97              ,  348 03 06 ,   87 25 13,      7.817,      0.000,      0.000,       -1.617,        7.640,      0.352
98              ,  348 03 08 ,   97 34 00,      7.877,      0.000,      0.000,       -1.616,        7.639,     -1.037
99              ,  339 26 29 ,   97 29 34,      8.216,      0.000,      0.000,       -2.861,        7.627,     -1.071
100             ,  339 26 33 ,   89 23 03,      8.143,      0.000,      0.000,       -2.859,        7.624,      0.087
101             ,  339 26 33 ,   78 50 29,      8.297,      0.000,      0.000,       -2.859,        7.622,      1.606
102             ,  339 26 33 ,   70 17 30,      8.650,      0.000,      0.000,       -2.859,        7.624,      2.917
103             ,  339 26 32 ,   61 31 50,      9.262,      0.000,      0.000,       -2.859,        7.624,      4.415
104             ,  339 26 34 ,   54 57 33,      9.949,      0.000,      0.000,       -2.860,        7.627,      5.712
105             ,  339 26 32 ,   50 44 41,     10.521,      0.000,      0.000,       -2.861,        7.628,      6.657
106             ,  337 04 15 ,   51 00 17,     10.641,      0.000,      0.000,       -3.222,        7.617,      6.696
107             ,  337 04 08 ,   58 19 51,      9.714,      0.000,      0.000,       -3.221,        7.614,      5.100
108             ,  337 04 10 ,   67 51 41,      8.925,      0.000,      0.000,       -3.221,        7.614,      3.364
109             ,  337 04 08 ,   76 40 13,      8.497,      0.000,      0.000,       -3.221,        7.614,      1.959
110             ,  337 04 10 ,   86 19 24,      8.287,      0.000,      0.000,       -3.222,        7.616,      0.531
111             ,  337 04 13 ,   92 19 37,      8.283,      0.000,      0.000,       -3.225,        7.622,     -0.336
112             ,   20 26 59 ,   94 13 53,      7.253,      0.000,      0.000,        2.527,        6.778,     -0.535
113             ,   29 24 43 ,   96 03 37,      5.225,      0.000,      0.000,        2.551,        4.526,     -0.552
114             ,   44 24 43 ,   98 02 23,      3.727,      0.000,      0.000,        2.582,        2.636,     -0.521
115             ,   68 57 08 ,  100 55 13,      2.831,      0.000,      0.000,        2.594,        0.998,     -0.536
116             ,   99 18 17 ,  101 09 29,      2.693,      0.000,      0.000,        2.607,       -0.427,     -0.521
117             ,   99 54 52 ,  109 26 10,      2.668,      0.000,      0.000,        2.478,       -0.433,     -0.888
118             ,   73 51 17 ,  109 26 11,      2.723,      0.000,      0.000,        2.467,        0.714,     -0.906
119             ,   51 16 34 ,  106 24 34,      3.277,      0.000,      0.000,        2.452,        1.966,     -0.926
120             ,   35 57 56 ,  103 12 36,      4.227,      0.000,      0.000,        2.417,        3.331,     -0.966
121             ,   27 46 25 ,  100 26 23,      5.271,      0.000,      0.000,        2.415,        4.586,     -0.955
122             ,   19 27 43 ,   97 07 51,      7.268,      0.000,      0.000,        2.403,        6.800,     -0.902
123             ,   18 02 27 ,  100 35 57,      7.367,      0.000,      0.000,        2.243,        6.886,     -1.355
124             ,   26 32 46 ,  104 31 20,      5.276,      0.000,      0.000,        2.283,        4.569,     -1.323
125             ,   38 14 38 ,  110 11 06,      3.925,      0.000,      0.000,        2.281,        2.893,     -1.354
126             ,   58 06 26 ,  116 23 19,      3.033,      0.000,      0.000,        2.307,        1.435,     -1.348
127             ,   84 28 49 ,  119 34 37,      2.689,      0.000,      0.000,        2.328,        0.225,     -1.327
128             ,  101 28 40 ,  119 35 00,      2.722,      0.000,      0.000,        2.320,       -0.471,     -1.344
129             ,  112 48 32 ,  119 35 32,      2.789,      0.000,      0.000,        2.235,       -0.940,     -1.377
130             ,  129 31 48 ,  112 43 03,      3.087,      0.000,      0.000,        2.196,       -1.813,     -1.192
131             ,  142 16 22 ,  106 28 54,      3.615,      0.000,      0.000,        2.121,       -2.741,     -1.026
132             ,  153 35 15 ,   99 36 44,      4.609,      0.000,      0.000,        2.022,       -4.070,     -0.770
133             ,  159 12 07 ,  106 05 29,      4.656,      0.000,      0.000,        1.589,       -4.182,     -1.291
134             ,  152 58 34 ,  109 42 36,      4.021,      0.000,      0.000,        1.720,       -3.372,     -1.356
135             ,  141 53 52 ,  113 06 09,      3.405,      0.000,      0.000,        1.933,       -2.465,     -1.336
136             ,  129 48 59 ,  116 49 09,      3.024,      0.000,      0.000,        2.073,       -1.728,     -1.364
137             ,  146 32 48 ,  107 14 36,      3.776,      0.000,      0.000,        1.988,       -3.009,     -1.119
138             ,  155 28 42 ,  101 50 53,      4.614,      0.000,      0.000,        1.874,       -4.108,     -0.947
139             ,  105 50 56 ,  119 00 15,      2.745,      0.000,      0.000,        2.310,       -0.656,     -1.331
140             ,  105 50 52 ,  109 07 04,      2.712,      0.000,      0.000,        2.465,       -0.700,     -0.888
141             ,  103 37 03 ,   99 17 01,      2.736,      0.000,      0.000,        2.625,       -0.636,     -0.441
142             ,  120 08 44 ,   92 32 34,      3.030,      0.000,      0.000,        2.618,       -1.520,     -0.134
143             ,  123 30 04 ,  101 38 43,      2.996,      0.000,      0.000,        2.447,       -1.619,     -0.605
144             ,  126 41 02 ,  111 53 22,      3.026,      0.000,      0.000,        2.252,       -1.677,     -1.128
145             ,  140 39 50 ,  105 10 52,      3.572,      0.000,      0.000,        2.185,       -2.666,     -0.935
146             ,  137 16 05 ,   95 50 34,      3.545,      0.000,      0.000,        2.393,       -2.590,     -0.361
147             ,  133 06 51 ,   85 09 44,      3.621,      0.000,      0.000,        2.634,       -2.466,      0.305
148             ,  143 23 20 ,   80 18 57,      4.494,      0.000,      0.000,        2.642,       -3.556,      0.756
149             ,  145 44 44 ,   89 05 09,      4.285,      0.000,      0.000,        2.412,       -3.541,      0.068
150             ,  149 47 26 ,   99 11 09,      4.307,      0.000,      0.000,        2.139,       -3.674,     -0.688
151             ,  152 49 02 ,   97 24 41,      4.655,      0.000,      0.000,        2.109,       -4.106,     -0.600
152             ,  150 03 34 ,   85 21 38,      4.886,      0.000,      0.000,        2.430,       -4.220,      0.395
153             ,  147 34 25 ,   78 52 58,      5.014,      0.000,      0.000,        2.638,       -4.153,      0.967
154             ,   21 10 28 ,   92 05 37,      7.102,      0.000,      0.000,        2.564,        6.618,     -0.259
155             ,   21 10 37 ,   86 11 03,      7.104,      0.000,      0.000,        2.561,        6.609,      0.473
156             ,   20 53 52 ,   79 28 41,      7.283,      0.000,      0.000,        2.554,        6.690,      1.330
157             ,   20 45 28 ,   72 22 33,      7.535,      0.000,      0.000,        2.545,        6.715,      2.281
158             ,   20 45 29 ,   69 48 40,      7.641,      0.000,      0.000,        2.542,        6.706,      2.637
159             ,   28 37 53 ,   92 56 46,      5.409,      0.000,      0.000,        2.588,        4.741,     -0.278
160             ,   28 37 53 ,   84 59 55,      5.410,      0.000,      0.000,        2.583,        4.731,      0.472
161             ,   28 37 54 ,   74 52 27,      5.563,      0.000,      0.000,        2.573,        4.714,      1.452
162             ,   28 37 56 ,   65 11 47,      5.898,      0.000,      0.000,        2.565,        4.699,      2.474
163             ,   35 08 22 ,   93 19 11,      4.522,      0.000,      0.000,        2.598,        3.692,     -0.262
164             ,   35 08 17 ,   84 13 39,      4.539,      0.000,      0.000,        2.599,        3.693,      0.457
165             ,   35 08 17 ,   75 01 47,      4.670,      0.000,      0.000,        2.596,        3.689,      1.206
166             ,   35 08 12 ,   66 47 33,      4.892,      0.000,      0.000,        2.588,        3.677,      1.928
167             ,   35 08 17 ,   57 46 11,      5.296,      0.000,      0.000,        2.578,        3.663,      2.824
168             ,   34 41 53 ,   48 20 45,      6.022,      0.000,      0.000,        2.561,        3.699,      4.002
169             ,   47 43 18 ,   94 37 43,      3.550,      0.000,      0.000,        2.618,        2.380,     -0.286
170             ,   47 43 11 ,   83 01 49,      3.558,      0.000,      0.000,        2.613,        2.376,      0.432
171             ,   47 43 17 ,   71 20 08,      3.722,      0.000,      0.000,        2.609,        2.373,      1.191
172             ,   47 43 16 ,   60 57 34,      4.024,      0.000,      0.000,        2.603,        2.367,      1.954
173             ,   47 43 14 ,   50 33 03,      4.547,      0.000,      0.000,        2.598,        2.362,      2.889
174             ,   46 15 22 ,   41 34 57,      5.384,      0.000,      0.000,        2.581,        2.471,      4.027
175             ,   68 59 50 ,   95 18 49,      2.834,      0.000,      0.000,        2.635,        1.012,     -0.262
176             ,   68 59 51 ,   74 19 37,      2.928,      0.000,      0.000,        2.632,        1.011,      0.791
177             ,   68 59 51 ,   62 22 47,      3.175,      0.000,      0.000,        2.627,        1.008,      1.472
178             ,   68 59 46 ,   50 32 45,      3.636,      0.000,      0.000,        2.621,        1.006,      2.310
179             ,   68 59 44 ,   45 17 06,      3.941,      0.000,      0.000,        2.614,        1.004,      2.773
180             ,   66 14 42 ,   37 15 46,      4.697,      0.000,      0.000,        2.603,        1.146,      3.738
181             ,   98 49 24 ,   95 56 57,      2.693,      0.000,      0.000,        2.647,       -0.411,     -0.279
182             ,   98 49 19 ,   82 43 34,      2.703,      0.000,      0.000,        2.649,       -0.411,      0.342
183             ,   98 49 21 ,   70 04 12,      2.851,      0.000,      0.000,        2.648,       -0.411,      0.972
184             ,   98 49 22 ,   63 37 19,      2.988,      0.000,      0.000,        2.645,       -0.411,      1.328
185             ,   98 49 16 ,   54 09 40,      3.294,      0.000,      0.000,        2.639,       -0.410,      1.929
186             ,   98 49 14 ,   47 24 12,      3.619,      0.000,      0.000,        2.633,       -0.409,      2.450
187             ,   98 49 15 ,   44 07 11,      3.823,      0.000,      0.000,        2.630,       -0.408,      2.744
188             ,   98 45 09 ,   35 19 23,      4.582,      0.000,      0.000,        2.619,       -0.403,      3.739
189             ,  124 14 41 ,   86 44 08,      3.218,      0.000,      0.000,        2.656,       -1.808,      0.183
190             ,  124 14 44 ,   73 08 39,      3.362,      0.000,      0.000,        2.660,       -1.811,      0.975
191             ,  124 14 45 ,   64 24 38,      3.562,      0.000,      0.000,        2.655,       -1.808,      1.538
192             ,  124 14 55 ,   52 37 07,      4.032,      0.000,      0.000,        2.648,       -1.803,      2.448
193             ,  124 14 54 ,   47 43 51,      4.321,      0.000,      0.000,        2.643,       -1.800,      2.907
194             ,  126 19 09 ,   41 08 05,      4.974,      0.000,      0.000,        2.636,       -1.938,      3.746
195             ,  142 38 26 ,   47 02 48,      5.975,      0.000,      0.000,        2.654,       -3.476,      4.071
196             ,  140 15 26 ,   56 39 49,      4.986,      0.000,      0.000,        2.663,       -3.203,      2.740
197             ,  140 15 16 ,   65 01 29,      4.595,      0.000,      0.000,        2.663,       -3.203,      1.940
198             ,  138 56 11 ,   71 36 28,      4.278,      0.000,      0.000,        2.667,       -3.061,      1.350
199             ,  138 56 16 ,   79 47 51,      4.117,      0.000,      0.000,        2.662,       -3.055,      0.729
200             ,  150 07 12 ,   75 45 32,      5.527,      0.000,      0.000,        2.669,       -4.645,      1.360
201             ,  150 46 58 ,   68 16 24,      5.888,      0.000,      0.000,        2.670,       -4.774,      2.180
202             ,  150 54 29 ,   58 08 23,      6.460,      0.000,      0.000,        2.668,       -4.795,      3.410
203             ,   19 47 23 ,   58 44 53,      8.571,      0.000,      0.000,        2.481,        6.894,      4.446
204             ,   18 37 06 ,   55 08 00,      8.733,      0.000,      0.000,        2.288,        6.790,      4.992
205             ,   23 02 07 ,   49 22 45,      7.737,      0.000,      0.000,        2.298,        5.404,      5.037
206             ,   26 10 13 ,   51 57 18,      7.212,      0.000,      0.000,        2.505,        5.097,      4.445
207             ,   29 27 48 ,   41 55 17,      6.919,      0.000,      0.000,        2.274,        4.025,      5.148
208             ,   32 28 55 ,   46 27 02,      6.466,      0.000,      0.000,        2.517,        3.953,      4.455
209             ,   37 57 05 ,   42 56 05,      6.045,      0.000,      0.000,        2.532,        3.247,      4.426
210             ,   32 37 18 ,   38 17 18,      6.704,      0.000,      0.000,        2.239,        3.499,      5.262
211             ,   39 52 03 ,   33 07 19,      6.355,      0.000,      0.000,        2.226,        2.665,      5.322
212             ,   41 06 29 ,   36 36 57,      6.077,      0.000,      0.000,        2.383,        2.731,      4.878
213             ,   43 04 44 ,   39 59 19,      5.782,      0.000,      0.000,        2.538,        2.714,      4.430
214             ,   70 36 30 ,   31 10 06,      5.227,      0.000,      0.000,        2.552,        0.898,      4.473
215             ,   70 14 03 ,   27 25 27,      5.533,      0.000,      0.000,        2.398,        0.862,      4.911
216             ,   68 16 23 ,   24 43 14,      5.823,      0.000,      0.000,        2.262,        0.901,      5.289
217             ,   98 13 44 ,   23 37 48,      5.763,      0.000,      0.000,        2.286,       -0.331,      5.280
218             ,   98 13 31 ,   26 45 20,      5.455,      0.000,      0.000,        2.431,       -0.351,      4.871
219             ,   98 13 40 ,   30 27 43,      5.146,      0.000,      0.000,        2.582,       -0.373,      4.435
220             ,  114 21 39 ,   32 36 16,      5.272,      0.000,      0.000,        2.588,       -1.172,      4.441
221             ,  119 48 30 ,   26 16 37,      5.933,      0.000,      0.000,        2.279,       -1.306,      5.320
222             ,  129 28 09 ,   29 44 33,      6.042,      0.000,      0.000,        2.314,       -1.905,      5.246
223             ,  124 59 49 ,   35 24 50,      5.457,      0.000,      0.000,        2.591,       -1.814,      4.448
224             ,  144 38 23 ,   37 20 19,      6.631,      0.000,      0.000,        2.328,       -3.280,      5.272
225             ,  141 36 26 ,   43 07 50,      6.137,      0.000,      0.000,        2.606,       -3.289,      4.479
226             ,  134 53 28 ,   36 36 53,      5.916,      0.000,      0.000,        2.500,       -2.490,      4.748
227             ,  150 59 42 ,   42 21 19,      7.167,      0.000,      0.000,        2.341,       -4.223,      5.297
228             ,  149 45 11 ,   48 35 12,      6.884,      0.000,      0.000,        2.601,       -4.460,      4.554
229             ,   14 30 49 ,   55 16 44,      9.413,      0.000,      0.000,        1.939,        7.490,      5.361
230             ,   18 18 43 ,   50 16 05,      8.387,      0.000,      0.000,        2.027,        6.123,      5.361
231             ,   23 35 20 ,   44 28 09,      7.533,      0.000,      0.000,        2.112,        4.836,      5.376
232             ,   38 04 28 ,   32 39 43,      6.393,      0.000,      0.000,        2.128,        2.716,      5.382
233             ,   64 35 29 ,   23 44 14,      5.875,      0.000,      0.000,        2.136,        1.015,      5.378
234             ,   77 34 05 ,   22 23 59,      5.818,      0.000,      0.000,        2.165,        0.477,      5.379
235             ,  100 18 36 ,   22 21 45,      5.817,      0.000,      0.000,        2.177,       -0.396,      5.380
236             ,  120 17 39 ,   25 06 19,      5.943,      0.000,      0.000,        2.177,       -1.272,      5.381
237             ,  130 29 29 ,   28 26 57,      6.118,      0.000,      0.000,        2.216,       -1.892,      5.379
238             ,  146 40 30 ,   36 45 55,      6.731,      0.000,      0.000,        2.213,       -3.366,      5.392
239             ,  152 12 32 ,   40 31 57,      7.092,      0.000,      0.000,        2.149,       -4.077,      5.390
240             ,  158 29 26 ,   39 14 20,      6.980,      0.000,      0.000,        1.619,       -4.108,      5.406
241             ,  147 02 00 ,   28 27 21,      6.129,      0.000,      0.000,        1.589,       -2.450,      5.388
242             ,  122 01 42 ,   18 50 24,      5.698,      0.000,      0.000,        1.560,       -0.976,      5.392
243             ,   77 51 27 ,   16 30 10,      5.625,      0.000,      0.000,        1.562,        0.336,      5.393
244             ,   39 34 56 ,   24 12 45,      5.913,      0.000,      0.000,        1.545,        1.869,      5.393
245             ,   30 10 57 ,   29 10 47,      6.175,      0.000,      0.000,        1.514,        2.602,      5.391
246             ,   23 48 18 ,   35 02 53,      6.578,      0.000,      0.000,        1.525,        3.456,      5.385
247             ,   19 46 39 ,   39 06 02,      6.936,      0.000,      0.000,        1.480,        4.117,      5.383
248             ,   17 00 27 ,   43 04 44,      7.368,      0.000,      0.000,        1.472,        4.812,      5.382
249             ,   14 40 59 ,   47 12 59,      7.877,      0.000,      0.000,        1.465,        5.593,      5.351
250             ,   13 32 12 ,   49 49 29,      8.337,      0.000,      0.000,        1.491,        6.193,      5.378
251             ,   11 31 24 ,   53 51 33,      9.122,      0.000,      0.000,        1.472,        7.218,      5.380
252             ,    7 18 55 ,   50 52 34,      8.775,      0.000,      0.000,        0.867,        6.752,      5.537
253             ,    7 10 58 ,   47 41 34,      9.241,      0.000,      0.000,        0.855,        6.780,      6.220
254             ,    7 08 02 ,   45 53 31,      9.546,      0.000,      0.000,        0.851,        6.801,      6.644
255             ,   10 01 27 ,   42 51 30,      7.497,      0.000,      0.000,        0.888,        5.021,      5.495
256             ,    9 50 19 ,   40 46 48,      7.899,      0.000,      0.000,        0.882,        5.083,      5.981
257             ,    9 50 39 ,   38 44 36,      8.207,      0.000,      0.000,        0.878,        5.061,      6.401
258             ,   15 12 19 ,   31 41 54,      6.600,      0.000,      0.000,        0.910,        3.347,      5.616
259             ,   13 56 10 ,   31 00 16,      7.196,      0.000,      0.000,        0.893,        3.598,      6.168
260             ,   13 56 09 ,   28 59 05,      7.639,      0.000,      0.000,        0.891,        3.593,      6.682
261             ,   27 05 04 ,   19 59 56,      5.982,      0.000,      0.000,        0.931,        1.821,      5.621
262             ,   27 05 00 ,   18 26 15,      6.405,      0.000,      0.000,        0.922,        1.804,      6.077
263             ,   25 23 33 ,   17 58 34,      6.930,      0.000,      0.000,        0.917,        1.932,      6.591
264             ,   56 37 40 ,   11 21 57,      5.744,      0.000,      0.000,        0.945,        0.623,      5.631
265             ,   56 37 41 ,   10 15 14,      6.303,      0.000,      0.000,        0.937,        0.617,      6.203
266             ,   56 37 41 ,    9 32 24,      6.790,      0.000,      0.000,        0.940,        0.619,      6.697
267             ,  115 06 39 ,   10 48 34,      5.672,      0.000,      0.000,        0.963,       -0.451,      5.571
268             ,  115 06 38 ,    9 51 35,      6.151,      0.000,      0.000,        0.954,       -0.447,      6.060
269             ,  115 06 40 ,    8 50 56,      6.851,      0.000,      0.000,        0.954,       -0.447,      6.770
270             ,  151 27 41 ,   20 00 18,      6.033,      0.000,      0.000,        0.986,       -1.813,      5.669
271             ,  151 55 55 ,   18 31 18,      6.515,      0.000,      0.000,        0.974,       -1.826,      6.177
272             ,  152 51 28 ,   17 34 43,      7.093,      0.000,      0.000,        0.977,       -1.906,      6.762
273             ,  162 55 55 ,   31 24 13,      6.569,      0.000,      0.000,        1.005,       -3.272,      5.607
274             ,  162 56 00 ,   29 34 04,      6.919,      0.000,      0.000,        1.002,       -3.264,      6.018
275             ,  162 59 22 ,   27 01 27,      7.576,      0.000,      0.000,        1.007,       -3.292,      6.749
276             ,  167 05 34 ,   37 49 55,      7.431,      0.000,      0.000,        1.018,       -4.442,      5.869
277             ,  167 38 08 ,   35 29 11,      8.304,      0.000,      0.000,        1.032,       -4.709,      6.761
278             ,  153 09 48 ,   93 36 38,      4.726,      0.000,      0.000,        2.130,       -4.209,     -0.298
279             ,  153 09 47 ,   75 07 40,      4.880,      0.000,      0.000,        2.129,       -4.209,      1.253
280             ,  153 26 12 ,   58 40 48,      5.506,      0.000,      0.000,        2.103,       -4.207,      2.862
281             ,  153 19 48 ,   41 40 02,      7.054,      0.000,      0.000,        2.105,       -4.191,      5.269
282             ,  158 50 40 ,   41 43 14,      6.762,      0.000,      0.000,        1.624,       -4.197,      5.047
283             ,  158 50 22 ,   56 41 42,      5.394,      0.000,      0.000,        1.627,       -4.204,      2.962
284             ,  158 03 12 ,   80 23 04,      4.592,      0.000,      0.000,        1.692,       -4.200,      0.767
285             ,  158 03 10 ,  103 14 58,      4.645,      0.000,      0.000,        1.690,       -4.194,     -1.065
286             ,  172 30 19 ,  106 45 28,      4.433,      0.000,      0.000,        0.554,       -4.208,     -1.278
287             ,  173 12 20 ,   76 08 42,      4.358,      0.000,      0.000,        0.501,       -4.201,      1.044
288             ,  173 12 11 ,   56 05 40,      5.117,      0.000,      0.000,        0.503,       -4.217,      2.854
289             ,  173 04 32 ,   41 36 29,      6.402,      0.000,      0.000,        0.512,       -4.220,      4.787
290             ,  173 04 38 ,   32 02 34,      8.005,      0.000,      0.000,        0.512,       -4.216,      6.785
291             ,  179 11 04 ,   32 02 39,      7.957,      0.000,      0.000,        0.060,       -4.222,      6.745
292             ,  179 10 47 ,   41 22 53,      6.385,      0.000,      0.000,        0.060,       -4.221,      4.791
293             ,  179 00 43 ,   75 28 54,      4.354,      0.000,      0.000,        0.073,       -4.215,      1.092
294             ,  179 00 46 ,  107 20 42,      4.415,      0.000,      0.000,        0.073,       -4.214,     -1.316
295             ,  193 34 10 ,  107 15 12,      4.556,      0.000,      0.000,       -1.021,       -4.230,     -1.351
296             ,  194 37 47 ,   65 59 01,      4.786,      0.000,      0.000,       -1.104,       -4.230,      1.948
297             ,  194 37 49 ,   40 13 40,      6.768,      0.000,      0.000,       -1.104,       -4.229,      5.167
298             ,  194 37 53 ,   33 09 03,      7.996,      0.000,      0.000,       -1.105,       -4.231,      6.694
299             ,  199 53 42 ,   33 47 43,      8.106,      0.000,      0.000,       -1.534,       -4.240,      6.736
300             ,  199 53 35 ,   50 12 34,      5.866,      0.000,      0.000,       -1.534,       -4.239,      3.754
301             ,  199 53 22 ,   77 42 23,      4.615,      0.000,      0.000,       -1.534,       -4.240,      0.983
302             ,  198 57 53 ,  106 27 35,      4.671,      0.000,      0.000,       -1.456,       -4.237,     -1.324
303             ,  212 46 04 ,  104 12 37,      5.220,      0.000,      0.000,       -2.739,       -4.255,     -1.281
304             ,  212 06 23 ,   82 21 55,      5.068,      0.000,      0.000,       -2.670,       -4.255,      0.673
305             ,  212 06 30 ,   63 58 51,      5.591,      0.000,      0.000,       -2.671,       -4.256,      2.453
306             ,  212 06 29 ,   36 31 36,      8.428,      0.000,      0.000,       -2.666,       -4.249,      6.773
307             ,  216 16 25 ,   38 05 20,      8.580,      0.000,      0.000,       -3.132,       -4.267,      6.753
308             ,  215 25 42 ,   47 04 47,      7.150,      0.000,      0.000,       -3.035,       -4.267,      4.869
309             ,  215 25 43 ,   78 17 31,      5.345,      0.000,      0.000,       -3.034,       -4.265,      1.085
310             ,  215 01 21 ,  103 26 59,      5.349,      0.000,      0.000,       -2.986,       -4.261,     -1.244
311             ,  217 22 12 ,   95 41 49,      6.311,      0.000,      0.000,       -3.812,       -4.991,     -0.626
312             ,  217 22 12 ,   81 46 32,      6.341,      0.000,      0.000,       -3.809,       -4.988,      0.907
313             ,  217 21 49 ,   72 21 12,      6.589,      0.000,      0.000,       -3.810,       -4.990,      1.997
314             ,  217 22 17 ,   48 44 53,      8.362,      0.000,      0.000,       -3.816,       -4.996,      5.513
315             ,  217 22 02 ,   42 44 22,      9.259,      0.000,      0.000,       -3.814,       -4.994,      6.800
316             ,  204 22 17 ,  101 20 47,      5.549,      0.000,      0.000,       -2.245,       -4.956,     -1.092
317             ,  204 00 52 ,   77 04 03,      5.572,      0.000,      0.000,       -2.210,       -4.960,      1.247
318             ,  204 42 57 ,   54 52 03,      6.678,      0.000,      0.000,       -2.283,       -4.961,      3.843
319             ,  204 43 00 ,   38 50 02,      8.703,      0.000,      0.000,       -2.282,       -4.957,      6.779
320             ,  201 43 52 ,   38 26 39,      8.581,      0.000,      0.000,       -1.975,       -4.956,      6.720
321             ,  201 05 08 ,   51 58 13,      6.742,      0.000,      0.000,       -1.911,       -4.955,      4.153
322             ,  201 05 08 ,   77 33 48,      5.440,      0.000,      0.000,       -1.911,       -4.957,      1.172
323             ,  201 05 05 ,  104 13 18,      5.474,      0.000,      0.000,       -1.909,       -4.951,     -1.345
324             ,  186 42 26 ,  104 57 33,      5.142,      0.000,      0.000,       -0.580,       -4.934,     -1.327
325             ,  186 42 32 ,   82 27 34,      5.010,      0.000,      0.000,       -0.580,       -4.932,      0.657
326             ,  186 42 38 ,   58 07 27,      5.849,      0.000,      0.000,       -0.580,       -4.933,      3.089
327             ,  186 42 45 ,   41 07 34,      7.550,      0.000,      0.000,       -0.580,       -4.932,      5.687
328             ,  187 55 17 ,   36 21 51,      8.399,      0.000,      0.000,       -0.686,       -4.932,      6.764
329             ,  183 45 44 ,   36 36 10,      8.295,      0.000,      0.000,       -0.325,       -4.936,      6.659
330             ,  183 46 04 ,   41 24 03,      7.480,      0.000,      0.000,       -0.325,       -4.936,      5.611
331             ,  183 46 06 ,   51 06 10,      6.355,      0.000,      0.000,       -0.325,       -4.936,      3.991
332             ,  183 46 06 ,   83 58 09,      4.972,      0.000,      0.000,       -0.325,       -4.933,      0.522
333             ,  183 46 05 ,  103 14 50,      5.078,      0.000,      0.000,       -0.325,       -4.932,     -1.164
334             ,  168 53 47 ,  104 26 49,      5.167,      0.000,      0.000,        0.964,       -4.910,     -1.289
335             ,  168 53 52 ,   86 30 14,      5.019,      0.000,      0.000,        0.965,       -4.916,      0.306
336             ,  168 53 50 ,   64 03 37,      5.577,      0.000,      0.000,        0.966,       -4.921,      2.439
337             ,  168 54 03 ,   43 39 24,      7.261,      0.000,      0.000,        0.965,       -4.919,      5.253
338             ,  169 25 27 ,   36 12 42,      8.474,      0.000,      0.000,        0.919,       -4.921,      6.837
339             ,  165 32 40 ,   54 51 59,      6.215,      0.000,      0.000,        1.269,       -4.922,      3.577
340             ,  165 32 28 ,   70 17 31,      5.394,      0.000,      0.000,        1.268,       -4.917,      1.819
341             ,  165 32 32 ,   93 37 53,      5.079,      0.000,      0.000,        1.266,       -4.909,     -0.322
342             ,  164 59 30 ,  104 14 50,      5.242,      0.000,      0.000,        1.316,       -4.907,     -1.290
343             ,  151 59 09 ,   75 28 04,      5.764,      0.000,      0.000,        2.620,       -4.925,      1.446
344             ,  151 59 07 ,   66 24 15,      6.075,      0.000,      0.000,        2.615,       -4.915,      2.432
345             ,  151 59 08 ,   58 39 00,      6.507,      0.000,      0.000,        2.610,       -4.906,      3.385
346             ,  152 23 33 ,   50 03 30,      7.207,      0.000,      0.000,        2.560,       -4.896,      4.627
347             ,  219 22 11 ,  102 08 45,      6.330,      0.000,      0.000,       -3.926,       -4.784,     -1.332
348             ,  219 22 20 ,   89 59 26,      6.201,      0.000,      0.000,       -3.934,       -4.794,      0.001
349             ,  219 22 10 ,   77 41 10,      6.347,      0.000,      0.000,       -3.933,       -4.794,      1.354
350             ,  219 37 41 ,   50 54 23,      7.959,      0.000,      0.000,       -3.940,       -4.757,      5.019
351             ,  219 02 44 ,   42 49 01,      9.188,      0.000,      0.000,       -3.934,       -4.850,      6.740
352             ,  222 06 37 ,   40 47 17,      8.975,      0.000,      0.000,       -3.931,       -4.349,      6.795
353             ,  222 07 07 ,   46 50 36,      8.044,      0.000,      0.000,       -3.935,       -4.352,      5.502
354             ,  222 07 03 ,   52 42 39,      7.378,      0.000,      0.000,       -3.937,       -4.354,      4.470
355             ,  222 07 04 ,   83 59 54,      5.898,      0.000,      0.000,       -3.934,       -4.351,      0.617
356             ,  222 07 08 ,  102 43 46,      6.005,      0.000,      0.000,       -3.929,       -4.345,     -1.323
357             ,  227 46 16 ,  105 39 44,      5.034,      0.000,      0.000,       -3.589,       -3.258,     -1.359
358             ,  227 46 19 ,   95 03 51,      4.868,      0.000,      0.000,       -3.591,       -3.259,     -0.430
359             ,  227 46 29 ,   57 58 57,      5.730,      0.000,      0.000,       -3.598,       -3.265,      3.038
360             ,  227 46 17 ,   43 12 08,      7.109,      0.000,      0.000,       -3.604,       -3.271,      5.182
361             ,  227 46 29 ,   35 47 26,      8.335,      0.000,      0.000,       -3.609,       -3.276,      6.761
362             ,  231 25 54 ,   34 22 43,      8.201,      0.000,      0.000,       -3.621,       -2.887,      6.768
363             ,  231 25 39 ,   42 58 58,      6.774,      0.000,      0.000,       -3.611,       -2.879,      4.955
364             ,  231 55 27 ,   60 20 16,      5.266,      0.000,      0.000,       -3.602,       -2.822,      2.606
365             ,  231 55 23 ,   83 53 28,      4.592,      0.000,      0.000,       -3.594,       -2.816,      0.489
366             ,  231 48 52 ,  106 44 24,      4.765,      0.000,      0.000,       -3.587,       -2.821,     -1.373
367             ,  244 53 20 ,  108 21 53,      4.188,      0.000,      0.000,       -3.599,       -1.687,     -1.320
368             ,  244 54 20 ,   81 25 44,      4.022,      0.000,      0.000,       -3.602,       -1.687,      0.599
369             ,  244 54 21 ,   51 35 13,      5.091,      0.000,      0.000,       -3.613,       -1.692,      3.163
370             ,  244 54 19 ,   38 43 56,      6.379,      0.000,      0.000,       -3.614,       -1.693,      4.976
371             ,  244 54 15 ,   30 32 26,      7.863,      0.000,      0.000,       -3.619,       -1.695,      6.772
372             ,  250 37 27 ,   29 38 00,      7.785,      0.000,      0.000,       -3.631,       -1.277,      6.766
373             ,  250 37 19 ,   44 03 38,      5.518,      0.000,      0.000,       -3.620,       -1.273,      3.965
374             ,  250 37 17 ,   60 05 39,      4.416,      0.000,      0.000,       -3.611,       -1.270,      2.202
375             ,  250 37 15 ,   86 10 43,      3.825,      0.000,      0.000,       -3.600,       -1.266,      0.255
376             ,  249 33 38 ,  108 22 09,      4.041,      0.000,      0.000,       -3.594,       -1.339,     -1.274
377             ,  268 49 45 ,  109 50 25,      3.857,      0.000,      0.000,       -3.627,       -0.074,     -1.309
378             ,  268 49 50 ,   81 10 12,      3.671,      0.000,      0.000,       -3.627,       -0.074,      0.564
379             ,  268 49 52 ,   57 56 19,      4.281,      0.000,      0.000,       -3.628,       -0.074,      2.273
380             ,  268 49 51 ,   39 50 54,      5.663,      0.000,      0.000,       -3.628,       -0.074,      4.348
381             ,  268 50 00 ,   28 23 21,      7.641,      0.000,      0.000,       -3.632,       -0.074,      6.722
382             ,  275 22 51 ,   28 26 11,      7.680,      0.000,      0.000,       -3.641,        0.343,      6.753
383             ,  275 22 42 ,   40 45 55,      5.607,      0.000,      0.000,       -3.645,        0.343,      4.246
384             ,  275 22 40 ,   60 28 57,      4.199,      0.000,      0.000,       -3.638,        0.342,      2.069
385             ,  275 22 40 ,   88 33 06,      3.653,      0.000,      0.000,       -3.635,        0.342,      0.092
386             ,  275 22 38 ,  110 07 50,      3.888,      0.000,      0.000,       -3.634,        0.342,     -1.338
387             ,  292 07 47 ,  108 49 41,      4.161,      0.000,      0.000,       -3.648,        1.484,     -1.343
388             ,  292 07 56 ,   86 29 45,      3.946,      0.000,      0.000,       -3.648,        1.484,      0.241
389             ,  292 08 12 ,   58 28 03,      4.616,      0.000,      0.000,       -3.645,        1.483,      2.414
390             ,  292 35 14 ,   42 43 22,      5.830,      0.000,      0.000,       -3.652,        1.519,      4.283
391             ,  292 29 11 ,   30 33 34,      7.778,      0.000,      0.000,       -3.654,        1.512,      6.697
392             ,  297 59 57 ,   31 50 50,      7.852,      0.000,      0.000,       -3.658,        1.945,      6.670
393             ,  297 59 58 ,   41 38 36,      6.226,      0.000,      0.000,       -3.653,        1.942,      4.652
394             ,  297 59 57 ,   57 59 16,      4.880,      0.000,      0.000,       -3.654,        1.943,      2.587
395             ,  297 59 54 ,   83 31 36,      4.167,      0.000,      0.000,       -3.656,        1.944,      0.470
396             ,  297 59 55 ,  108 19 24,      4.356,      0.000,      0.000,       -3.651,        1.941,     -1.369
397             ,  310 12 51 ,  105 50 34,      4.994,      0.000,      0.000,       -3.669,        3.102,     -1.363
398             ,  310 12 54 ,   87 52 31,      4.817,      0.000,      0.000,       -3.676,        3.108,      0.179
399             ,  310 13 03 ,   64 55 20,      5.318,      0.000,      0.000,       -3.678,        3.110,      2.254
400             ,  310 29 06 ,   51 19 59,      6.201,      0.000,      0.000,       -3.683,        3.144,      3.875
401             ,  310 22 40 ,   35 32 16,      8.309,      0.000,      0.000,       -3.679,        3.129,      6.761
402             ,  314 02 27 ,   37 12 11,      8.464,      0.000,      0.000,       -3.679,        3.558,      6.741
403             ,  314 02 22 ,   47 12 36,      6.983,      0.000,      0.000,       -3.684,        3.562,      4.744
404             ,  314 02 18 ,   63 55 28,      5.699,      0.000,      0.000,       -3.680,        3.559,      2.505
405             ,  314 02 20 ,   84 10 53,      5.147,      0.000,      0.000,       -3.681,        3.559,      0.522
406             ,  314 02 18 ,  104 57 12,      5.291,      0.000,      0.000,       -3.675,        3.554,     -1.365
407             ,  321 59 35 ,  102 43 24,      6.170,      0.000,      0.000,       -3.706,        4.743,     -1.359
408             ,  321 53 06 ,   86 41 16,      6.004,      0.000,      0.000,       -3.700,        4.716,      0.347
409             ,  321 53 14 ,   67 42 21,      6.471,      0.000,      0.000,       -3.695,        4.711,      2.455
410             ,  321 53 05 ,   55 01 43,      7.299,      0.000,      0.000,       -3.692,        4.706,      4.183
411             ,  321 53 10 ,   41 49 28,      8.960,      0.000,      0.000,       -3.688,        4.701,      6.677
412             ,  324 11 23 ,   43 15 43,      9.212,      0.000,      0.000,       -3.694,        5.120,      6.709
413             ,  324 11 24 ,   53 06 28,      7.899,      0.000,      0.000,       -3.696,        5.123,      4.742
414             ,  324 11 25 ,   73 20 58,      6.602,      0.000,      0.000,       -3.701,        5.130,      1.892
415             ,  324 11 24 ,   88 54 21,      6.329,      0.000,      0.000,       -3.703,        5.132,      0.121
416             ,  324 11 29 ,  102 05 16,      6.475,      0.000,      0.000,       -3.704,        5.135,     -1.356
417             ,  326 56 47 ,   48 03 51,     10.026,      0.000,      0.000,       -4.068,        6.251,      6.700
418             ,  326 56 47 ,   53 00 59,      9.330,      0.000,      0.000,       -4.065,        6.246,      5.613
419             ,  326 56 56 ,   62 45 36,      8.376,      0.000,      0.000,       -4.062,        6.242,      3.834
420             ,  326 42 31 ,   73 31 46,      7.701,      0.000,      0.000,       -4.054,        6.173,      2.183
421             ,  314 39 12 ,  102 36 52,      6.338,      0.000,      0.000,       -4.400,        4.347,     -1.384
422             ,  314 39 14 ,   88 20 23,      6.186,      0.000,      0.000,       -4.398,        4.346,      0.179
423             ,  314 43 49 ,   66 26 11,      6.749,      0.000,      0.000,       -4.395,        4.354,      2.698
424             ,  314 48 00 ,   50 31 41,      8.029,      0.000,      0.000,       -4.398,        4.367,      5.104
425             ,  314 48 01 ,   42 28 47,      9.170,      0.000,      0.000,       -4.394,        4.364,      6.763
426             ,  301 41 56 ,  105 16 26,      5.324,      0.000,      0.000,       -4.370,        2.699,     -1.403
427             ,  301 42 03 ,   85 42 12,      5.156,      0.000,      0.000,       -4.375,        2.702,      0.386
428             ,  301 42 08 ,   66 24 21,      5.614,      0.000,      0.000,       -4.377,        2.704,      2.247
429             ,  301 42 12 ,   49 00 34,      6.818,      0.000,      0.000,       -4.378,        2.705,      4.472
430             ,  301 51 32 ,   37 17 53,      8.512,      0.000,      0.000,       -4.381,        2.723,      6.771
431             ,  299 32 54 ,   36 36 53,      8.432,      0.000,      0.000,       -4.375,        2.480,      6.768
432             ,  299 32 57 ,   45 09 11,      7.089,      0.000,      0.000,       -4.372,        2.479,      4.999
433             ,  299 32 55 ,   70 14 24,      5.335,      0.000,      0.000,       -4.368,        2.476,      1.804
434             ,  299 32 51 ,   90 02 07,      5.021,      0.000,      0.000,       -4.368,        2.476,     -0.003
435             ,  299 19 49 ,  105 12 39,      5.189,      0.000,      0.000,       -4.365,        2.453,     -1.361
436             ,  284 04 58 ,  106 38 55,      4.674,      0.000,      0.000,       -4.344,        1.090,     -1.339
437             ,  284 05 03 ,   88 52 55,      4.482,      0.000,      0.000,       -4.346,        1.090,      0.087
438             ,  284 05 02 ,   57 40 07,      5.305,      0.000,      0.000,       -4.348,        1.091,      2.837
439             ,  284 05 05 ,   41 08 08,      6.821,      0.000,      0.000,       -4.352,        1.092,      5.137
440             ,  284 05 04 ,   33 47 22,      8.071,      0.000,      0.000,       -4.354,        1.092,      6.708
441             ,  279 58 05 ,   33 16 38,      8.056,      0.000,      0.000,       -4.353,        0.765,      6.735
442             ,  279 58 06 ,   44 32 52,      6.295,      0.000,      0.000,       -4.349,        0.764,      4.486
443             ,  279 58 03 ,   65 55 04,      4.833,      0.000,      0.000,       -4.346,        0.764,      1.972
444             ,  279 58 05 ,   83 56 16,      4.433,      0.000,      0.000,       -4.342,        0.763,      0.468
445             ,  281 57 40 ,  107 19 13,      4.650,      0.000,      0.000,       -4.343,        0.920,     -1.384
446             ,  263 00 49 ,  107 18 36,      4.564,      0.000,      0.000,       -4.325,       -0.530,     -1.358
447             ,  262 07 25 ,   83 28 12,      4.390,      0.000,      0.000,       -4.320,       -0.598,      0.499
448             ,  263 27 04 ,   54 27 21,      5.357,      0.000,      0.000,       -4.330,       -0.497,      3.114
449             ,  263 26 57 ,   40 22 36,      6.737,      0.000,      0.000,       -4.336,       -0.498,      5.132
450             ,  263 26 56 ,   32 59 40,      8.024,      0.000,      0.000,       -4.341,       -0.499,      6.730
451             ,  259 20 52 ,   33 07 30,      8.078,      0.000,      0.000,       -4.338,       -0.816,      6.765
452             ,  259 20 43 ,   42 20 47,      6.553,      0.000,      0.000,       -4.338,       -0.816,      4.843
453             ,  259 20 47 ,   60 04 30,      5.081,      0.000,      0.000,       -4.328,       -0.814,      2.535
454             ,  258 42 03 ,   85 31 31,      4.420,      0.000,      0.000,       -4.321,       -0.863,      0.345
455             ,  258 42 06 ,  104 06 09,      4.539,      0.000,      0.000,       -4.317,       -0.863,     -1.106
456             ,  242 31 04 ,   76 28 26,      4.999,      0.000,      0.000,       -4.312,       -2.243,      1.169
457             ,  242 39 28 ,   62 22 31,      5.486,      0.000,      0.000,       -4.318,       -2.232,      2.544
458             ,  243 16 26 ,   49 15 21,      6.383,      0.000,      0.000,       -4.320,       -2.175,      4.166
459             ,  243 15 54 ,   35 34 35,      8.329,      0.000,      0.000,       -4.328,       -2.180,      6.775
460             ,  240 28 11 ,   36 19 38,      8.400,      0.000,      0.000,       -4.330,       -2.453,      6.768
461             ,  240 28 07 ,   46 43 23,      6.822,      0.000,      0.000,       -4.322,       -2.448,      4.677
462             ,  240 28 08 ,   62 43 52,      5.583,      0.000,      0.000,       -4.318,       -2.446,      2.558
463             ,  240 28 12 ,   93 09 09,      4.956,      0.000,      0.000,       -4.306,       -2.439,     -0.273
464             ,  226 23 58 ,  102 38 00,      6.067,      0.000,      0.000,       -4.287,       -4.083,     -1.327
465             ,  226 23 57 ,   91 08 37,      5.924,      0.000,      0.000,       -4.289,       -4.085,     -0.118
466             ,  226 24 17 ,   75 00 56,      6.126,      0.000,      0.000,       -4.286,       -4.080,      1.584
467             ,  226 07 32 ,   49 52 49,      7.796,      0.000,      0.000,       -4.297,       -4.132,      5.024
468             ,  226 23 00 ,   41 08 08,      9.012,      0.000,      0.000,       -4.292,       -4.090,      6.788
469             ,  336 25 33 ,   50 00 55,     10.660,      0.000,      0.000,       -3.267,        7.486,      6.850
470             ,  350 28 36 ,   48 11 49,     10.280,      0.000,      0.000,       -1.268,        7.558,      6.853
471             ,    2 40 51 ,   47 46 55,     10.210,      0.000,      0.000,        0.354,        7.553,      6.860
472             ,    8 31 39 ,   36 53 49,      8.580,      0.000,      0.000,        0.764,        5.094,      6.862
473             ,  341 52 47 ,   37 00 22,      8.590,      0.000,      0.000,       -1.608,        4.914,      6.860
474             ,  322 59 30 ,   40 46 59,      9.057,      0.000,      0.000,       -3.561,        4.724,      6.858
475             ,  301 22 11 ,   36 14 49,      8.512,      0.000,      0.000,       -4.297,        2.620,      6.865
476             ,  314 43 57 ,   29 37 08,      7.905,      0.000,      0.000,       -2.775,        2.750,      6.872
477             ,  354 12 20 ,   20 51 39,      7.353,      0.000,      0.000,       -0.264,        2.605,      6.871
478             ,   18 48 29 ,   20 51 32,      7.346,      0.000,      0.000,        0.843,        2.476,      6.864
479             ,   84 58 46 ,    7 16 29,      6.927,      0.000,      0.000,        0.874,        0.077,      6.871
480             ,  257 12 28 ,    8 32 25,      6.935,      0.000,      0.000,       -1.004,       -0.228,      6.859
481             ,  264 29 26 ,   22 17 37,      7.416,      0.000,      0.000,       -2.800,       -0.270,      6.861
482             ,  261 58 31 ,   31 42 55,      8.084,      0.000,      0.000,       -4.208,       -0.593,      6.877
483             ,  240 05 58 ,   35 12 46,      8.420,      0.000,      0.000,       -4.209,       -2.420,      6.880
484             ,  220 39 12 ,   28 09 51,      7.791,      0.000,      0.000,       -2.396,       -2.790,      6.868
485             ,  194 09 34 ,   24 09 05,      7.531,      0.000,      0.000,       -0.754,       -2.988,      6.872
486             ,  165 02 03 ,   27 03 24,      7.728,      0.000,      0.000,        0.908,       -3.396,      6.883
487             ,  169 08 04 ,   35 00 53,      8.421,      0.000,      0.000,        0.911,       -4.745,      6.897
488             ,  188 32 09 ,   35 19 52,      8.446,      0.000,      0.000,       -0.725,       -4.830,      6.891
489             ,  205 22 57 ,   37 58 34,      8.737,      0.000,      0.000,       -2.305,       -4.857,      6.887
490             ,  221 15 50 ,   40 16 33,      9.021,      0.000,      0.000,       -3.846,       -4.384,      6.882
491             ,  329 44 37 ,  100 44 46,      7.857,      0.000,      0.000,       -3.889,        6.668,     -1.465
492             ,  342 34 57 ,  101 44 41,      7.153,      0.000,      0.000,       -2.096,        6.682,     -1.456
493             ,  351 50 07 ,  101 27 57,      7.300,      0.000,      0.000,       -1.016,        7.082,     -1.451
494             ,  359 50 53 ,  101 03 53,      7.583,      0.000,      0.000,       -0.020,        7.442,     -1.455
495             ,   11 18 53 ,  101 28 42,      7.257,      0.000,      0.000,        1.395,        6.974,     -1.444
496             ,   15 00 17 ,  100 32 52,      7.878,      0.000,      0.000,        2.005,        7.481,     -1.442
497             ,   22 03 54 ,  104 19 26,      5.801,      0.000,      0.000,        2.111,        5.209,     -1.435
498             ,   10 41 29 ,  106 28 29,      5.095,      0.000,      0.000,        0.906,        4.801,     -1.445
499             ,  356 46 56 ,  106 28 27,      5.093,      0.000,      0.000,       -0.274,        4.876,     -1.444
500             ,  340 34 27 ,  105 42 04,      5.374,      0.000,      0.000,       -1.721,        4.879,     -1.454
501             ,  323 53 19 ,  103 19 43,      6.338,      0.000,      0.000,       -3.635,        4.982,     -1.461
502             ,  315 12 48 ,  103 42 32,      6.165,      0.000,      0.000,       -4.219,        4.251,     -1.461
503             ,  323 02 16 ,  106 16 15,      5.206,      0.000,      0.000,       -3.005,        3.993,     -1.458
504             ,  346 22 44 ,  110 35 39,      4.106,      0.000,      0.000,       -0.905,        3.736,     -1.444
505             ,   13 46 50 ,  110 03 14,      4.189,      0.000,      0.000,        0.937,        3.822,     -1.436
506             ,   30 33 28 ,  108 29 15,      4.525,      0.000,      0.000,        2.182,        3.696,     -1.435
507             ,   42 40 28 ,  114 04 03,      3.508,      0.000,      0.000,        2.171,        2.355,     -1.430
508             ,   22 26 19 ,  119 35 56,      2.898,      0.000,      0.000,        0.962,        2.329,     -1.431
509             ,  346 21 37 ,  118 03 38,      3.069,      0.000,      0.000,       -0.639,        2.632,     -1.444
510             ,  318 49 40 ,  111 54 31,      3.878,      0.000,      0.000,       -2.368,        2.708,     -1.447
511             ,  302 17 08 ,  106 13 56,      5.218,      0.000,      0.000,       -4.235,        2.676,     -1.459
512             ,  284 55 36 ,  109 03 21,      4.448,      0.000,      0.000,       -4.063,        1.083,     -1.452
513             ,  292 22 51 ,  114 27 23,      3.513,      0.000,      0.000,       -2.957,        1.217,     -1.454
514             ,  312 06 57 ,  125 33 17,      2.478,      0.000,      0.000,       -1.496,        1.352,     -1.441
515             ,    2 41 16 ,  136 37 55,      1.982,      0.000,      0.000,        0.064,        1.360,     -1.441
516             ,   59 03 35 ,  118 54 00,      2.955,      0.000,      0.000,        2.219,        1.330,     -1.428
517             ,   96 34 00 ,  122 55 22,      2.627,      0.000,      0.000,        2.191,       -0.252,     -1.428
518             ,   96 23 13 ,  138 28 40,      1.914,      0.000,      0.000,        1.261,       -0.141,     -1.433
519             ,  272 35 24 ,  136 39 43,      1.978,      0.000,      0.000,       -1.356,        0.061,     -1.439
520             ,  268 19 07 ,  114 55 30,      3.440,      0.000,      0.000,       -3.118,       -0.092,     -1.450
521             ,  261 43 56 ,  108 41 57,      4.521,      0.000,      0.000,       -4.238,       -0.616,     -1.450
522             ,  233 58 29 ,  107 46 18,      4.720,      0.000,      0.000,       -3.635,       -2.644,     -1.441
523             ,  231 14 59 ,  112 16 31,      3.789,      0.000,      0.000,       -2.735,       -2.195,     -1.436
524             ,  214 00 45 ,  122 14 21,      2.687,      0.000,      0.000,       -1.271,       -1.884,     -1.433
525             ,  173 55 30 ,  131 02 47,      2.173,      0.000,      0.000,        0.173,       -1.629,     -1.427
526             ,  128 08 31 ,  119 07 35,      2.919,      0.000,      0.000,        2.005,       -1.575,     -1.421
527             ,  154 14 08 ,  111 06 22,      3.925,      0.000,      0.000,        1.592,       -3.298,     -1.413
528             ,  173 27 19 ,  112 24 29,      3.721,      0.000,      0.000,        0.392,       -3.418,     -1.419
529             ,  206 41 42 ,  111 03 21,      3.984,      0.000,      0.000,       -1.670,       -3.322,     -1.431
530             ,  220 53 58 ,  107 41 13,      4.729,      0.000,      0.000,       -2.950,       -3.406,     -1.437
531             ,  225 58 36 ,  104 08 01,      5.899,      0.000,      0.000,       -4.113,       -3.975,     -1.440
532             ,  219 01 23 ,  103 27 12,      6.224,      0.000,      0.000,       -3.811,       -4.702,     -1.448
533             ,  204 42 33 ,  105 17 58,      5.472,      0.000,      0.000,       -2.206,       -4.795,     -1.444
534             ,  186 42 58 ,  106 42 34,      4.966,      0.000,      0.000,       -0.556,       -4.724,     -1.428
535             ,  170 02 32 ,  108 12 40,      4.543,      0.000,      0.000,        0.746,       -4.250,     -1.420
536             ,  165 07 06 ,  105 47 47,      5.224,      0.000,      0.000,        1.291,       -4.858,     -1.422
537             ,  359 58 41 ,   90 02 10,      7.652,      0.000,      0.000,       -0.003,        7.652,     -0.005
538             ,  332 53 44 ,  132 01 30,      2.135,      0.000,      0.000,       -0.723,        1.412,     -1.429
