CHECKING DISTANT FROM POINTS TO AVERAGE PLANE TO REMOVE INCORRECT POINT. 

Distant of points(mm) belongs the plane 0 (21 points): 
 8.63(508),  8.17(502),  7.41(501),  6.76(511),  6.04(499),  5.75(510),  5.65(492),  5.35(503),  4.25(512),  4.16(509),  4.06(504),  3.89(494),  2.00(495),  1.97(493),  1.38(507),  1.34(500),  1.33(506),  1.05(505),  0.36(496),  0.17(497),  0.08(498), 
Distant of points(mm) belongs the plane 1 (17 points): 
11.07(481),  8.27(475),  8.27(490),  6.59(485),  4.83(489),  4.71(487),  2.99(486),  2.76(484),  2.70(488),  2.53(482),  2.40(491),  1.41(478),  1.02(477),  0.93(476),  0.91(479),  0.42(480),  0.33(483), 
Distant of points(mm) belongs the plane 2 (50 points): 
16.68(54), 13.89(21), 12.87(20), 12.02(12), 11.93(6), 11.40(5), 10.37(13), 10.27(19), 10.05(53),  9.95(22),  9.16(14),  8.75(18),  8.56(7),  8.27(8),  7.80(34),  7.64(25),  7.55(52),  7.54(23),  7.37(9),  7.28(35),  7.14(33),  6.97(50),  6.53(17),  6.53(51),  6.42(11),  6.36(44),  6.20(49),  5.68(26),  5.19(39),  5.14(15),  5.09(32),  5.02(27),  4.89(24),  4.72(10),  4.34(28),  4.29(45),  4.17(43),  4.17(29),  4.05(16),  3.50(37),  3.38(36),  2.56(38),  2.55(30),  1.94(40),  1.66(46),  1.61(31),  1.33(48),  0.79(41),  0.72(47),  0.05(42), 
Distant of points(mm) belongs the plane 3 (38 points): 
13.27(91), 10.17(87),  8.70(92),  8.30(70),  7.46(90),  6.26(83),  6.19(69),  6.10(56),  6.00(86),  5.22(57),  5.10(88),  4.86(71),  4.38(76),  4.16(55),  3.86(72),  3.60(60),  3.23(84),  2.96(89),  2.60(85),  2.58(82),  2.25(80),  2.24(75),  2.18(58),  2.15(81),  2.11(66),  1.91(63),  1.70(64),  1.46(67),  1.34(65),  1.33(77),  0.99(78),  0.93(59),  0.89(73),  0.59(61),  0.44(62),  0.41(79),  0.22(68),  0.15(74), 
Distant of points(mm) belongs the plane 4 (77 points): 
 9.81(353),  7.91(397),  7.75(418),  7.60(412),  7.07(417),  6.79(360),  6.69(413),  6.16(359),  5.87(419),  5.79(363),  5.50(358),  5.47(404),  5.46(426),  5.45(398),  5.31(403),  4.75(427),  4.43(378),  4.33(392),  4.25(383),  4.01(385),  3.98(396),  3.88(424),  3.78(423),  3.70(388),  3.67(425),  3.65(371),  3.61(384),  3.47(382),  3.42(405),  3.42(356),  3.39(411),  3.39(414),  3.35(370),  3.32(362),  3.29(394),  3.24(416),  3.16(374),  3.03(422),  2.80(354),  2.78(379),  2.71(399),  2.62(380),  2.58(367),  2.41(372),  2.26(421),  2.23(368),  2.22(391),  2.22(369),  2.20(401),  2.19(410),  1.96(406),  1.87(361),  1.77(381),  1.74(415),  1.62(395),  1.60(409),  1.54(376),  1.53(373),  1.47(389),  1.24(386),  1.21(366),  1.16(393),  0.91(408),  0.91(377),  0.87(357),  0.61(400),  0.39(355),  0.37(365),  0.32(407),  0.31(375),  0.16(420),  0.15(364),  0.15(387),  0.15(428),  0.10(390),  0.09(402),  0.06(429), 
Distant of points(mm) belongs the plane 5 (8 points): 
 4.03(432),  3.06(433),  1.89(435),  1.82(430),  0.73(434),  0.61(431),  0.51(436),  0.40(437), 
Distant of points(mm) belongs the plane 6 (37 points): 
10.15(473),  9.88(450),  8.42(451),  7.32(469),  7.11(452),  7.09(459),  7.03(438),  6.78(474),  6.23(460),  6.08(446),  5.86(458),  5.40(466),  4.72(447),  4.42(470),  4.01(448),  3.61(440),  3.61(441),  3.48(464),  3.32(449),  3.02(461),  2.99(472),  2.93(465),  2.52(453),  2.15(462),  1.87(467),  1.59(445),  1.56(456),  1.54(439),  1.47(471),  1.42(457),  1.20(443),  1.09(468),  0.76(442),  0.75(455),  0.65(444),  0.62(454),  0.39(463), 
Distant of points(mm) belongs the plane 7 (46 points): 
11.97(274),  9.54(275),  8.88(295),  8.53(294),  7.75(260),  7.44(298),  7.20(257),  6.67(256),  6.02(259),  5.68(261),  5.58(291),  5.33(280),  5.09(299),  4.74(277),  4.64(258),  4.06(286),  3.91(281),  3.87(287),  3.40(267),  3.32(265),  3.19(288),  3.16(290),  3.12(300),  3.10(278),  2.97(262),  2.94(270),  2.89(285),  2.75(273),  2.68(289),  2.64(293),  2.58(284),  2.48(271),  2.46(301),  2.44(263),  2.42(279),  2.37(296),  2.31(269),  2.26(276),  2.03(266),  1.21(292),  1.02(297),  1.02(283),  0.75(268),  0.67(264),  0.49(282),  0.02(272), 
Distant of points(mm) belongs the plane 8 (51 points): 
10.39(323),  9.39(336),  7.25(324),  6.75(313),  6.47(335),  5.40(315),  5.19(340),  5.11(337),  4.75(349),  4.67(304),  4.61(322),  4.46(309),  4.35(339),  4.27(316),  3.99(320),  3.85(321),  3.78(306),  3.77(302),  3.69(325),  3.32(305),  3.18(343),  3.08(311),  2.85(341),  2.80(303),  2.67(314),  2.59(310),  2.42(347),  2.41(308),  2.28(346),  2.16(330),  2.15(317),  2.11(312),  1.88(326),  1.32(329),  1.26(307),  1.11(319),  1.08(332),  1.02(327),  1.00(318),  0.98(342),  0.97(351),  0.95(331),  0.83(350),  0.83(328),  0.67(334),  0.57(345),  0.42(348),  0.30(344),  0.22(333),  0.13(338),  0.04(352), 
Distant of points(mm) belongs the plane 9 (9 points): 
14.97(99), 10.05(97),  9.22(94),  7.96(98),  6.30(95),  4.11(101),  2.97(93),  2.88(96),  1.95(100), 
Distant of points(mm) belongs the plane 10 (8 points): 
10.55(107),  8.51(106),  6.33(102),  4.85(108),  2.28(104),  1.87(109),  1.70(103),  1.56(105), 
Distant of points(mm) belongs the plane 11 (21 points): 
 7.24(121),  6.10(127),  5.11(117),  4.88(119),  4.19(114),  4.17(130),  3.79(125),  3.63(112),  3.02(128),  2.97(129),  2.74(118),  2.49(122),  2.33(113),  1.97(123),  1.87(126),  1.85(116),  0.82(120),  0.60(124),  0.55(111),  0.02(110),  0.00(115), 
Distant of points(mm) belongs the plane 12 (57 points): 
16.56(143), 16.10(153), 15.60(131), 11.00(141),  9.34(135),  7.60(140),  7.08(152),  6.72(133),  6.65(171),  6.65(184),  6.04(159),  5.83(179),  5.56(138),  5.23(160),  5.11(134),  4.81(132),  4.42(146),  4.34(148),  4.15(149),  4.08(167),  3.95(163),  3.77(150),  3.75(164),  3.68(168),  3.47(177),  3.46(136),  3.44(157),  3.35(174),  2.99(182),  2.94(183),  2.69(172),  2.67(158),  2.48(162),  2.07(173),  2.07(181),  1.95(180),  1.90(156),  1.81(186),  1.57(169),  1.54(154),  1.48(187),  1.38(155),  1.27(139),  1.20(176),  1.17(175),  1.14(165),  1.03(185),  0.96(137),  0.86(144),  0.82(170),  0.79(161),  0.65(166),  0.62(142),  0.44(147),  0.35(151),  0.24(178),  0.12(145), 
Distant of points(mm) belongs the plane 13 (30 points): 
18.39(203), 17.05(202), 16.52(188), 13.20(205), 13.01(204), 11.73(189),  9.87(207),  9.40(199),  9.16(206),  7.94(215),  7.47(212),  6.52(211),  6.25(216),  5.88(194),  5.38(210),  5.27(214),  5.07(195),  5.01(192),  4.38(217),  4.20(209),  3.47(213),  3.21(197),  2.85(200),  2.38(190),  1.80(198),  1.78(193),  0.94(208),  0.55(191),  0.09(196),  0.08(201), 
Distant of points(mm) belongs the plane 14 (18 points): 
10.04(218),  7.69(235),  7.64(223),  6.39(221),  5.16(228),  5.14(231),  4.26(225),  4.20(222),  2.90(232),  2.83(219),  2.63(226),  2.09(224),  1.90(227),  1.11(234),  1.08(233),  0.94(230),  0.56(229),  0.35(220), 
Distant of points(mm) belongs the plane 15 (20 points): 
 9.54(244),  8.35(237),  7.97(254),  7.23(255),  7.14(253),  6.46(248),  5.69(245),  5.59(247),  4.49(251),  4.15(249),  2.95(238),  2.90(243),  2.64(236),  2.49(252),  1.93(239),  1.58(240),  1.02(250),  0.66(241),  0.35(242),  0.30(246), 
