CHECKING DISTANT FROM POINTS TO AVERAGE PLANE TO REMOVE INCORRECT POINT. 

Distant of points(mm) belongs the plane 0 (16 points): 
11.07(298),  6.96(297),  6.31(285),  5.47(292),  5.10(293),  4.75(291),  4.64(299),  4.53(295),  3.40(300),  2.33(287),  1.56(290),  1.19(289),  0.70(294),  0.66(296),  0.34(288),  0.13(286), 
Distant of points(mm) belongs the plane 1 (16 points): 
10.87(274), 10.82(280), 10.41(277),  8.46(269),  8.33(282),  8.02(275),  7.64(276),  6.55(281),  6.12(278),  4.65(279),  4.30(272),  2.40(283),  1.54(270),  1.06(271),  1.03(284),  0.45(273), 
Distant of points(mm) belongs the plane 3 (47 points): 
15.58(267), 15.20(268), 12.24(259), 12.02(261), 11.44(254), 10.77(245), 10.33(255), 10.31(244), 10.18(243),  9.62(250),  9.25(231),  9.00(253),  8.97(242),  6.89(222),  6.88(232),  6.31(246),  6.15(252),  5.71(239),  5.35(266),  5.29(256),  5.11(265),  4.85(248),  4.65(223),  4.28(236),  3.97(237),  3.96(258),  2.75(260),  2.75(241),  2.33(224),  2.03(262),  1.88(235),  1.79(227),  1.38(249),  1.16(238),  1.08(234),  1.05(230),  0.73(226),  0.64(225),  0.54(251),  0.49(263),  0.45(240),  0.37(264),  0.36(228),  0.24(229),  0.04(233),  0.03(257),  0.02(247), 
Distant of points(mm) belongs the plane 4 (56 points): 
10.85(190), 10.49(180), 10.13(207),  9.45(174),  9.00(200),  8.93(191),  8.51(168),  8.27(181),  7.78(170),  7.57(173),  7.11(177),  6.89(166),  6.79(205),  6.79(179),  6.56(208),  6.43(212),  6.37(189),  6.33(187),  5.98(206),  5.96(178),  5.74(204),  5.72(175),  5.72(169),  5.07(195),  5.01(198),  4.97(193),  4.94(214),  4.65(171),  4.64(194),  4.57(215),  4.42(188),  4.21(199),  3.87(196),  3.62(183),  3.42(184),  3.42(211),  3.41(202),  3.27(167),  3.27(201),  3.25(209),  2.92(176),  2.73(172),  2.54(216),  2.22(213),  1.96(217),  1.44(182),  1.37(220),  1.26(192),  0.89(185),  0.80(221),  0.75(197),  0.40(219),  0.37(186),  0.37(203),  0.18(218),  0.13(210), 
Distant of points(mm) belongs the plane 5 (17 points): 
 5.31(110),  4.58(103),  4.55(113),  4.52(104),  4.25(101),  3.90(115),  3.43(111),  3.07(116),  2.95(106),  2.67(117),  1.98(102),  1.67(114),  1.54(108),  1.19(105),  1.14(109),  0.44(107),  0.01(112), 
Distant of points(mm) belongs the plane 6 (19 points): 
 7.94(134),  6.82(119),  6.36(124),  6.10(133),  4.97(131),  4.66(127),  3.96(135),  3.74(123),  3.66(129),  3.31(121),  3.19(130),  2.98(122),  2.57(120),  2.26(132),  1.99(136),  1.87(128),  1.35(118),  1.06(126),  0.13(125), 
Distant of points(mm) belongs the plane 7 (11 points): 
 3.38(138),  3.35(145),  3.31(139),  2.46(146),  2.30(142),  2.13(144),  0.93(143),  0.83(141),  0.75(147),  0.58(137),  0.51(140), 
Distant of points(mm) belongs the plane 8 (12 points): 
 2.56(157),  2.30(155),  2.06(164),  2.02(165),  1.87(158),  1.61(160),  1.05(163),  0.76(156),  0.44(154),  0.43(161),  0.07(162),  0.02(159), 
