#OKS At   -25 : After 3 points 
3.149410, -4.552328, -1.482000 
2.130592, -4.554898, -1.482000 
3.140320, -1.436738, -1.482000 
#OKS At   -20 : After 3 points 
3.149410, -4.552328, -1.477000 
0.980010, -4.557800, -1.477000 
3.130055, 2.081794, -1.477000 
#OKS At   -15 : After 3 points 
3.149410, -4.552328, -1.472000 
-0.170573, -4.560702, -1.472000 
3.119790, 5.600327, -1.472000 
#OKS At   -10 : After 4 points 
3.149410, -4.552328, -1.467000 
-1.321155, -4.563604, -1.467000 
2.926299, 8.553038, -1.467000 
3.111176, 8.552865, -1.467000 
#OKS At    -5 : After 4 points 
3.149410, -4.552328, -1.462000 
-2.471737, -4.566506, -1.462000 
1.776996, 8.554096, -1.462000 
3.111176, 8.552846, -1.462000 
#OKS At     0 : After 6 points 
-2.546319, -4.566694, -1.457000 
-1.896484, -0.092943, -1.457000 
-1.882384, -0.047873, -1.457000 
1.225251, 8.554593, -1.457000 
3.111176, 8.552826, -1.457000 
3.149410, -4.552328, -1.457000 
#OKS At   100 : After 6 points 
-1.924805, -0.069886, -1.357000 
-2.577782, -4.566774, -1.357000 
3.149410, -4.552328, -1.357000 
3.111177, 8.552437, -1.357000 
1.136770, 8.554287, -1.357000 
-1.737815, 0.596944, -1.357000 
#OKS At   200 : After 6 points 
-1.954596, -0.056955, -1.257000 
-2.609245, -4.566853, -1.257000 
3.149410, -4.552328, -1.257000 
3.111179, 8.552047, -1.257000 
1.048290, 8.553980, -1.257000 
-1.580596, 1.276775, -1.257000 
#OKS At   300 : After 6 points 
-1.984388, -0.044024, -1.157000 
-2.640708, -4.566932, -1.157000 
3.149410, -4.552328, -1.157000 
3.111180, 8.551658, -1.157000 
0.959809, 8.553674, -1.157000 
-1.423378, 1.956606, -1.157000 
#OKS At   400 : After 6 points 
-2.014180, -0.031094, -1.057000 
-2.672171, -4.567012, -1.057000 
3.149410, -4.552328, -1.057000 
3.111181, 8.551269, -1.057000 
0.871328, 8.553368, -1.057000 
-1.266160, 2.636437, -1.057000 
#OKS At   500 : After 6 points 
-2.043971, -0.018163, -0.957000 
-2.703634, -4.567091, -0.957000 
3.149410, -4.552328, -0.957000 
3.111182, 8.550879, -0.957000 
0.782847, 8.553061, -0.957000 
-1.108941, 3.316268, -0.957000 
#OKS At   600 : After 6 points 
-2.073763, -0.005233, -0.857000 
-2.735097, -4.567170, -0.857000 
3.149410, -4.552328, -0.857000 
3.111183, 8.550490, -0.857000 
0.694366, 8.552755, -0.857000 
-0.951723, 3.996098, -0.857000 
#OKS At   700 : After 6 points 
-2.103555, 0.007698, -0.757000 
-2.766560, -4.567250, -0.757000 
3.149410, -4.552328, -0.757000 
3.111184, 8.550101, -0.757000 
0.605886, 8.552448, -0.757000 
-0.794504, 4.675929, -0.757000 
#OKS At   800 : After 6 points 
-2.133346, 0.020629, -0.657000 
-2.798023, -4.567329, -0.657000 
3.149410, -4.552328, -0.657000 
3.111185, 8.549711, -0.657000 
0.517405, 8.552142, -0.657000 
-0.637286, 5.355760, -0.657000 
#OKS At   900 : After 8 points 
-2.158310, 0.025986, -0.557000 
-2.288647, -0.833877, -0.557000 
-2.829486, -4.567409, -0.557000 
3.149410, -4.552328, -0.557000 
3.111187, 8.549322, -0.557000 
0.428924, 8.551835, -0.557000 
-0.480068, 6.035591, -0.557000 
-1.788678, 1.368928, -0.557000 
#OKS At  1000 : After 8 points 
-2.181131, 0.027982, -0.457000 
-2.499676, -2.073538, -0.457000 
-2.860949, -4.567488, -0.457000 
3.149410, -4.552328, -0.457000 
3.111188, 8.548933, -0.457000 
0.340443, 8.551529, -0.457000 
-0.322849, 6.715422, -0.457000 
-1.277744, 3.310151, -0.457000 
#OKS At  1100 : After 8 points 
-2.203951, 0.029978, -0.357000 
-2.710705, -3.313198, -0.357000 
-2.892412, -4.567567, -0.357000 
3.149410, -4.552328, -0.357000 
3.111189, 8.548543, -0.357000 
0.251962, 8.551222, -0.357000 
-0.165631, 7.395253, -0.357000 
-0.766810, 5.251374, -0.357000 
#OKS At  1200 : After 8 points 
-2.226772, 0.031973, -0.257000 
-2.921733, -4.552858, -0.257000 
-2.923876, -4.567647, -0.257000 
3.149410, -4.552328, -0.257000 
3.111190, 8.548154, -0.257000 
0.163482, 8.550916, -0.257000 
-0.008413, 8.075084, -0.257000 
-0.255876, 7.192598, -0.257000 
#OKS At  1300 : After 5 points 
-2.249592, 0.033969, -0.157000 
-2.946703, -4.567704, -0.157000 
3.149410, -4.552328, -0.157000 
3.111191, 8.547764, -0.157000 
0.094303, 8.550591, -0.157000 
#OKS At  1400 : After 5 points 
-2.272413, 0.035964, -0.057000 
-2.969426, -4.567762, -0.057000 
3.149410, -4.552328, -0.057000 
3.111192, 8.547375, -0.057000 
0.070080, 8.550225, -0.057000 
#OKS At  1500 : After 5 points 
-2.295233, 0.037960, 0.043000 
-2.992149, -4.567819, 0.043000 
3.149410, -4.552328, 0.043000 
3.111193, 8.546986, 0.043000 
0.045858, 8.549858, 0.043000 
#OKS At  1600 : After 5 points 
-2.318054, 0.039956, 0.143000 
-3.014873, -4.567876, 0.143000 
3.149410, -4.552328, 0.143000 
3.111195, 8.546596, 0.143000 
0.021635, 8.549491, 0.143000 
#OKS At  1700 : After 5 points 
-2.340874, 0.041951, 0.243000 
-3.037596, -4.567933, 0.243000 
3.149410, -4.552328, 0.243000 
3.111196, 8.546207, 0.243000 
-0.002588, 8.549125, 0.243000 
#OKS At  1800 : After 5 points 
-2.363694, 0.043947, 0.343000 
-3.060319, -4.567991, 0.343000 
3.149410, -4.552328, 0.343000 
3.111197, 8.545818, 0.343000 
-0.026810, 8.548758, 0.343000 
#OKS At  1900 : After 5 points 
-2.386515, 0.045942, 0.443000 
-3.083042, -4.568048, 0.443000 
3.149410, -4.552328, 0.443000 
3.111198, 8.545428, 0.443000 
-0.051033, 8.548391, 0.443000 
#OKS At  2000 : After 5 points 
-2.409335, 0.047938, 0.543000 
-3.105765, -4.568105, 0.543000 
3.149410, -4.552328, 0.543000 
3.111199, 8.545039, 0.543000 
-0.075256, 8.548025, 0.543000 
#OKS At  2100 : After 5 points 
-2.432156, 0.049933, 0.643000 
-3.128489, -4.568163, 0.643000 
3.149410, -4.552328, 0.643000 
3.111200, 8.544650, 0.643000 
-0.099479, 8.547658, 0.643000 
#OKS At  2200 : After 5 points 
-2.454976, 0.051929, 0.743000 
-3.151212, -4.568220, 0.743000 
3.149410, -4.552328, 0.743000 
3.111201, 8.544260, 0.743000 
-0.123701, 8.547291, 0.743000 
#OKS At  2300 : After 5 points 
-2.477797, 0.053925, 0.843000 
-3.173935, -4.568277, 0.843000 
3.149410, -4.552328, 0.843000 
3.111202, 8.543871, 0.843000 
-0.147924, 8.546925, 0.843000 
#OKS At  2400 : After 5 points 
-2.500617, 0.055920, 0.943000 
-3.196658, -4.568335, 0.943000 
3.149410, -4.552328, 0.943000 
3.111204, 8.543482, 0.943000 
-0.172147, 8.546558, 0.943000 
#OKS At  2500 : After 5 points 
-2.523438, 0.057916, 1.043000 
-3.219381, -4.568392, 1.043000 
3.149410, -4.552328, 1.043000 
3.111205, 8.543092, 1.043000 
-0.196369, 8.546192, 1.043000 
#OKS At  2600 : After 5 points 
-2.546258, 0.059911, 1.143000 
-3.242105, -4.568449, 1.143000 
3.149410, -4.552328, 1.143000 
3.111206, 8.542703, 1.143000 
-0.220592, 8.545825, 1.143000 
#OKS At  2700 : After 5 points 
-2.569079, 0.061907, 1.243000 
-3.264828, -4.568507, 1.243000 
3.149410, -4.552328, 1.243000 
3.111207, 8.542313, 1.243000 
-0.244815, 8.545458, 1.243000 
#OKS At  2800 : After 5 points 
-2.591899, 0.063902, 1.343000 
-3.287551, -4.568564, 1.343000 
3.149410, -4.552328, 1.343000 
3.111208, 8.541924, 1.343000 
-0.269038, 8.545092, 1.343000 
#OKS At  2900 : After 5 points 
-2.614719, 0.065898, 1.443000 
-3.310274, -4.568621, 1.443000 
3.149410, -4.552328, 1.443000 
3.111209, 8.541535, 1.443000 
-0.293260, 8.544725, 1.443000 
#OKS At  3000 : After 5 points 
-2.637540, 0.067894, 1.543000 
-3.332997, -4.568679, 1.543000 
3.149410, -4.552328, 1.543000 
3.111210, 8.541145, 1.543000 
-0.317483, 8.544358, 1.543000 
#OKS At  3100 : After 5 points 
-2.660360, 0.069889, 1.643000 
-3.355721, -4.568736, 1.643000 
3.149410, -4.552328, 1.643000 
3.111212, 8.540756, 1.643000 
-0.341706, 8.543992, 1.643000 
#OKS At  3200 : After 5 points 
-2.683181, 0.071885, 1.743000 
-3.378444, -4.568793, 1.743000 
3.149410, -4.552328, 1.743000 
3.111213, 8.540367, 1.743000 
-0.365928, 8.543625, 1.743000 
#OKS At  3300 : After 5 points 
-2.706001, 0.073880, 1.843000 
-3.401167, -4.568851, 1.843000 
3.149410, -4.552328, 1.843000 
3.111214, 8.539977, 1.843000 
-0.390151, 8.543258, 1.843000 
#OKS At  3400 : After 6 points 
-3.413512, -4.500314, 1.943000 
-3.417269, -4.568891, 1.943000 
3.149410, -4.552328, 1.943000 
3.111215, 8.539588, 1.943000 
-0.414374, 8.542892, 1.943000 
-2.728822, 0.075876, 1.943000 
#OKS At  3500 : After 6 points 
-3.413654, -4.351122, 2.043000 
-3.425586, -4.568912, 2.043000 
3.149410, -4.552328, 2.043000 
3.111216, 8.539199, 2.043000 
-0.438597, 8.542525, 2.043000 
-2.751642, 0.077872, 2.043000 
#OKS At  3600 : After 6 points 
-3.413796, -4.201930, 2.143000 
-3.433903, -4.568933, 2.143000 
3.149410, -4.552328, 2.143000 
3.111217, 8.538809, 2.143000 
-0.462819, 8.542158, 2.143000 
-2.774463, 0.079867, 2.143000 
#OKS At  3700 : After 6 points 
-3.413938, -4.052737, 2.243000 
-3.442220, -4.568954, 2.243000 
3.149410, -4.552328, 2.243000 
3.111218, 8.538420, 2.243000 
-0.487042, 8.541792, 2.243000 
-2.797283, 0.081863, 2.243000 
#OKS At  3800 : After 6 points 
-3.414080, -3.903545, 2.343000 
-3.450537, -4.568975, 2.343000 
3.149410, -4.552328, 2.343000 
3.111220, 8.538031, 2.343000 
-0.511265, 8.541425, 2.343000 
-2.820104, 0.083858, 2.343000 
#OKS At  3900 : After 6 points 
-3.414222, -3.754352, 2.443000 
-3.458854, -4.568996, 2.443000 
3.149410, -4.552328, 2.443000 
3.111221, 8.537641, 2.443000 
-0.535487, 8.541058, 2.443000 
-2.842924, 0.085854, 2.443000 
#OKS At  4000 : After 6 points 
-3.414364, -3.605160, 2.543000 
-3.467171, -4.569017, 2.543000 
3.149410, -4.552328, 2.543000 
3.111222, 8.537252, 2.543000 
-0.559710, 8.540692, 2.543000 
-2.865744, 0.087849, 2.543000 
#OKS At  4100 : After 6 points 
-3.414506, -3.455968, 2.643000 
-3.475487, -4.569038, 2.643000 
3.149410, -4.552328, 2.643000 
3.111223, 8.536862, 2.643000 
-0.583933, 8.540325, 2.643000 
-2.888565, 0.089845, 2.643000 
#OKS At  4200 : After 6 points 
-3.414648, -3.306775, 2.743000 
-3.483804, -4.569059, 2.743000 
3.149410, -4.552328, 2.743000 
3.111224, 8.536473, 2.743000 
-0.608156, 8.539958, 2.743000 
-2.911385, 0.091841, 2.743000 
#OKS At  4300 : After 6 points 
-3.414789, -3.157583, 2.843000 
-3.492121, -4.569080, 2.843000 
3.149410, -4.552328, 2.843000 
3.111225, 8.536084, 2.843000 
-0.632378, 8.539592, 2.843000 
-2.934206, 0.093836, 2.843000 
#OKS At  4400 : After 6 points 
-3.414931, -3.008391, 2.943000 
-3.500438, -4.569101, 2.943000 
3.149410, -4.552328, 2.943000 
3.111226, 8.535694, 2.943000 
-0.656601, 8.539225, 2.943000 
-2.957026, 0.095832, 2.943000 
#OKS At  4500 : After 6 points 
-3.415073, -2.859198, 3.043000 
-3.508755, -4.569122, 3.043000 
3.149410, -4.552328, 3.043000 
3.111227, 8.535305, 3.043000 
-0.680824, 8.538858, 3.043000 
-2.979847, 0.097827, 3.043000 
#OKS At  4600 : After 6 points 
-3.415215, -2.710006, 3.143000 
-3.517072, -4.569143, 3.143000 
3.149410, -4.552328, 3.143000 
3.111229, 8.534916, 3.143000 
-0.705046, 8.538492, 3.143000 
-3.002667, 0.099823, 3.143000 
#OKS At  4700 : After 6 points 
-3.415357, -2.560813, 3.243000 
-3.525389, -4.569164, 3.243000 
3.149410, -4.552328, 3.243000 
3.111230, 8.534526, 3.243000 
-0.729269, 8.538125, 3.243000 
-3.025488, 0.101819, 3.243000 
#OKS At  4800 : After 6 points 
-3.415499, -2.411621, 3.343000 
-3.533706, -4.569185, 3.343000 
3.149410, -4.552328, 3.343000 
3.111231, 8.534137, 3.343000 
-0.753492, 8.537758, 3.343000 
-3.048308, 0.103814, 3.343000 
#OKS At  4900 : After 6 points 
-3.415641, -2.262429, 3.443000 
-3.542023, -4.569206, 3.443000 
3.149410, -4.552328, 3.443000 
3.111232, 8.533748, 3.443000 
-0.777715, 8.537392, 3.443000 
-3.071129, 0.105810, 3.443000 
#OKS At  5000 : After 6 points 
-3.415783, -2.113236, 3.543000 
-3.550340, -4.569227, 3.543000 
3.149410, -4.552328, 3.543000 
3.111233, 8.533358, 3.543000 
-0.801937, 8.537025, 3.543000 
-3.093949, 0.107805, 3.543000 
#OKS At  5100 : After 6 points 
-3.415925, -1.964044, 3.643000 
-3.558656, -4.569248, 3.643000 
3.149410, -4.552328, 3.643000 
3.111234, 8.532969, 3.643000 
-0.826160, 8.536658, 3.643000 
-3.116769, 0.109801, 3.643000 
#OKS At  5200 : After 6 points 
-3.416067, -1.814852, 3.743000 
-3.566973, -4.569269, 3.743000 
3.149410, -4.552328, 3.743000 
3.111235, 8.532580, 3.743000 
-0.850383, 8.536292, 3.743000 
-3.139590, 0.111796, 3.743000 
#OKS At  5300 : After 6 points 
-3.416209, -1.665659, 3.843000 
-3.575290, -4.569290, 3.843000 
3.149410, -4.552328, 3.843000 
3.111237, 8.532190, 3.843000 
-0.874605, 8.535925, 3.843000 
-3.162410, 0.113792, 3.843000 
#OKS At  5400 : After 7 points 
-3.549890, -3.953896, 3.943000 
-3.416351, -1.516467, 3.943000 
-3.185231, 0.115788, 3.943000 
-0.898828, 8.535558, 3.943000 
3.111238, 8.531801, 3.943000 
3.149410, -4.552328, 3.943000 
-3.558707, -4.569248, 3.943000 
#OKS At  5500 : After 7 points 
-3.500286, -2.896719, 4.043000 
-3.416493, -1.367274, 4.043000 
-3.208051, 0.117783, 4.043000 
-0.923051, 8.535192, 4.043000 
3.111239, 8.531411, 4.043000 
3.149410, -4.552328, 4.043000 
-3.524248, -4.569161, 4.043000 
#OKS At  5600 : After 7 points 
-3.450683, -1.839541, 4.143000 
-3.416635, -1.218082, 4.143000 
-3.230872, 0.119779, 4.143000 
-0.947274, 8.534825, 4.143000 
3.111240, 8.531022, 4.143000 
3.149410, -4.552328, 4.143000 
-3.489789, -4.569074, 4.143000 
#OKS At  5700 : After 6 points 
-3.397202, -0.921088, 4.243000 
-3.455330, -4.568987, 4.243000 
3.149410, -4.552328, 4.243000 
3.111241, 8.530633, 4.243000 
-0.971496, 8.534458, 4.243000 
-3.253692, 0.121774, 4.243000 
#OKS At  5800 : After 6 points 
-3.335313, -0.303521, 4.343000 
-3.420871, -4.568900, 4.343000 
3.149410, -4.552328, 4.343000 
3.111242, 8.530243, 4.343000 
-0.995719, 8.534092, 4.343000 
-3.276513, 0.123770, 4.343000 
#OKS At  5900 : After 5 points 
-3.283190, 0.113122, 4.443000 
-3.386412, -4.568813, 4.443000 
3.149410, -4.552328, 4.443000 
3.111243, 8.529854, 4.443000 
-0.963186, 8.533672, 4.443000 
#OKS At  6000 : After 5 points 
-3.253231, 0.073779, 4.543000 
-3.351953, -4.568726, 4.543000 
3.149410, -4.552328, 4.543000 
3.111245, 8.529465, 4.543000 
-0.926914, 8.533249, 4.543000 
#OKS At  6100 : After 5 points 
-3.223272, 0.034437, 4.643000 
-3.317494, -4.568639, 4.643000 
3.149410, -4.552328, 4.643000 
3.111246, 8.529075, 4.643000 
-0.890642, 8.532825, 4.643000 
#OKS At  6200 : After 5 points 
-3.193313, -0.004905, 4.743000 
-3.283035, -4.568553, 4.743000 
3.149410, -4.552328, 4.743000 
3.111247, 8.528686, 4.743000 
-0.854369, 8.532402, 4.743000 
#OKS At  6300 : After 5 points 
-3.163354, -0.044247, 4.843000 
-3.248576, -4.568466, 4.843000 
3.149410, -4.552328, 4.843000 
3.111248, 8.528297, 4.843000 
-0.818097, 8.531979, 4.843000 
#OKS At  6400 : After 5 points 
-3.133395, -0.083590, 4.943000 
-3.214118, -4.568379, 4.943000 
3.149410, -4.552328, 4.943000 
3.111249, 8.527907, 4.943000 
-0.781825, 8.531555, 4.943000 
#OKS At  6500 : After 5 points 
-3.103436, -0.122932, 5.043000 
-3.179659, -4.568292, 5.043000 
3.149410, -4.552328, 5.043000 
3.111250, 8.527518, 5.043000 
-0.745553, 8.531132, 5.043000 
#OKS At  6600 : After 5 points 
-3.073477, -0.162274, 5.143000 
-3.145200, -4.568205, 5.143000 
3.149410, -4.552328, 5.143000 
3.111251, 8.527129, 5.143000 
-0.709281, 8.530709, 5.143000 
#OKS At  6700 : After 5 points 
-3.043518, -0.201617, 5.243000 
-3.110741, -4.568118, 5.243000 
3.149410, -4.552328, 5.243000 
3.111252, 8.526739, 5.243000 
-0.673009, 8.530285, 5.243000 
#OKS At  6800 : After 5 points 
-3.013559, -0.240959, 5.343000 
-3.076282, -4.568031, 5.343000 
3.149410, -4.552328, 5.343000 
3.111254, 8.526350, 5.343000 
-0.636737, 8.529862, 5.343000 
#OKS At  6900 : After 4 points 
-1.776620, -4.564753, 5.443000 
-1.830951, 3.158307, 5.443000 
3.126867, 3.174552, 5.443000 
3.149410, -4.552328, 5.443000 
#OKS At  7000 : After 4 points 
-1.777158, -4.564754, 5.543000 
-1.831486, 3.157731, 5.543000 
3.126869, 3.173977, 5.543000 
3.149410, -4.552328, 5.543000 
#OKS At  7100 : After 4 points 
-1.777697, -4.564756, 5.643000 
-1.832021, 3.157154, 5.643000 
3.126871, 3.173402, 5.643000 
3.149410, -4.552328, 5.643000 
#OKS At  7200 : After 4 points 
-1.778236, -4.564757, 5.743000 
-1.832555, 3.156578, 5.743000 
3.126872, 3.172828, 5.743000 
3.149410, -4.552328, 5.743000 
#OKS At  7300 : After 4 points 
-1.778774, -4.564758, 5.843000 
-1.833090, 3.156001, 5.843000 
3.126874, 3.172253, 5.843000 
3.149410, -4.552328, 5.843000 
#OKS At  7400 : After 4 points 
-1.779313, -4.564760, 5.943000 
-1.833624, 3.155425, 5.943000 
3.126876, 3.171678, 5.943000 
3.149410, -4.552328, 5.943000 
#OKS At  7500 : After 4 points 
-1.779852, -4.564761, 6.043000 
-1.834159, 3.154848, 6.043000 
3.126877, 3.171103, 6.043000 
3.149410, -4.552328, 6.043000 
#OKS At  7600 : After 4 points 
-1.780390, -4.564762, 6.143000 
-1.834694, 3.154272, 6.143000 
3.126879, 3.170529, 6.143000 
3.149410, -4.552328, 6.143000 
#OKS At  7700 : After 4 points 
-1.780929, -4.564764, 6.243000 
-1.835228, 3.153695, 6.243000 
3.126881, 3.169954, 6.243000 
3.149410, -4.552328, 6.243000 
#OKS At  7800 : After 4 points 
-1.781468, -4.564765, 6.343000 
-1.835763, 3.153119, 6.343000 
3.126882, 3.169379, 6.343000 
3.149410, -4.552328, 6.343000 
#OKS At  7900 : After 4 points 
-1.782006, -4.564767, 6.443000 
-1.836297, 3.152542, 6.443000 
3.126884, 3.168804, 6.443000 
3.149410, -4.552328, 6.443000 
#OKS At  8000 : After 4 points 
-1.782545, -4.564768, 6.543000 
-1.836832, 3.151966, 6.543000 
3.126886, 3.168230, 6.543000 
3.149410, -4.552328, 6.543000 
#OKS At  8100 : After 4 points 
-1.783083, -4.564769, 6.643000 
-1.837366, 3.151389, 6.643000 
3.126887, 3.167655, 6.643000 
3.149410, -4.552328, 6.643000 
#OKS At  8200 : After 4 points 
-1.783622, -4.564771, 6.743000 
-1.837901, 3.150813, 6.743000 
3.126889, 3.167080, 6.743000 
3.149410, -4.552328, 6.743000 
#OKS At  8300 : After 4 points 
-1.784161, -4.564772, 6.843000 
-1.838436, 3.150236, 6.843000 
3.126891, 3.166506, 6.843000 
3.149410, -4.552328, 6.843000 
